29
4
21.95882 16.05539 22.15999 13.06215 19.16674 12.86097 18.96557 15.85422 

4
47.05529 43.4432 49.90194 42.49633 48.95507 39.64968 46.10842 40.59655 

4
27.99733 39.07867 29.51514 36.49096 26.92744 34.97315 25.40962 37.56085 

4
16.27444 6.90095 18.58477 4.98721 16.67103 2.67689 14.3607 4.59063 

4
22.02405 34.90724 24.96309 34.83212 24.88797 31.89308 21.94893 31.9682 

3
25.99798 28.32747 29.16959 33.22041 31.99437 28.11937 

3
36.93031 21.06348 32.99642 25.36749 38.64532 26.81315 

3
6.77764 43.70532 12.28308 44.73032 10.59669 39.39023 

3
40.56171 11.92939 45.96318 10.95843 42.56458 6.64935 

8
15.95076 17.22964 14.3966 18.7464 14.37015 20.91787 15.88691 22.47203 18.05838 22.49848 19.61255 20.98172 19.639 18.81025 18.12224 17.25609 

8
48.09189 31.7317 49.55329 30.19545 49.50037 28.07578 47.96411 26.61438 45.84445 26.66731 44.38305 28.20356 44.43598 30.32322 45.97223 31.78463 

8
27.69502 14.86045 28.11277 13.23964 27.26207 11.79816 25.64126 11.38041 24.19978 12.23111 23.78203 13.85192 24.63273 15.2934 26.25354 15.71115 

16
12.8799 30.43811 11.94933 29.93568 10.89732 29.8276 9.88403 30.13033 9.06373 30.79779 8.56129 31.72836 8.45321 32.78037 8.75595 33.79366 9.4234 34.61396 10.35397 35.1164 11.40598 35.22448 12.41927 34.92174 13.23957 34.25428 13.74201 33.32371 13.85009 32.2717 13.54735 31.25842 

8
18.48066 25.9101 16.19283 25.59938 14.35538 26.99742 14.04466 29.28525 15.44269 31.1227 17.73052 31.43342 19.56797 30.03539 19.87869 27.74755 

102
33.84905 13.62691 34.67349 17.20311 34.68017 17.22671 34.68912 17.24955 34.70028 17.2714 34.71352 17.29206 34.72873 17.31131 34.74574 17.32898 34.76441 17.3449 34.78455 17.35891 34.80597 17.37089 34.82845 17.3807 34.85179 17.38826 34.87576 17.3935 34.90012 17.39637 34.92465 17.39683 34.94911 17.39489 34.97326 17.39056 38.79307 16.50995 38.81668 16.50328 38.83951 16.49432 38.86137 16.48316 38.88202 16.46992 38.90127 16.45472 38.91895 16.4377 38.93486 16.41903 38.94888 16.39889 38.96085 16.37748 38.97066 16.35499 38.97823 16.33165 38.98347 16.30768 38.98633 16.28332 38.98679 16.25879 38.98485 16.23433 38.98052 16.21018 38.97384 16.18658 38.96488 16.16374 38.95373 16.14189 38.94048 16.12123 38.92528 16.10198 38.90826 16.08431 38.88959 16.06839 38.86945 16.05437 38.84804 16.0424 38.82555 16.03259 38.80221 16.02503 38.77825 16.01979 38.75388 16.01692 38.72935 16.01646 38.70489 16.0184 38.68075 16.02273 35.10455 16.84717 34.28011 13.27097 34.27343 13.24737 34.26447 13.22453 34.25332 13.20268 34.24007 13.18202 34.22487 13.16277 34.20785 13.1451 34.18918 13.12918 34.16904 13.11517 34.14763 13.10319 34.12514 13.09338 34.10181 13.08582 34.07784 13.08058 34.05347 13.07771 34.02894 13.07725 34.00449 13.07919 33.98034 13.08353 30.16053 13.96413 30.13692 13.9708 30.11408 13.97976 30.09223 13.99092 30.07158 14.00416 30.05232 14.01936 30.03465 14.03638 30.01873 14.05505 30.00472 14.07519 29.99275 14.0966 29.98293 14.11909 29.97537 14.14243 29.97013 14.1664 29.96727 14.19076 29.9668 14.21529 29.96875 14.23975 29.97308 14.2639 29.97976 14.2875 29.98872 14.31034 29.99987 14.33219 30.01311 14.35285 30.02832 14.3721 30.04533 14.38977 30.064 14.40569 30.08414 14.41971 30.10556 14.43168 30.12804 14.44149 30.15138 14.44905 30.17535 14.45429 30.19971 14.45716 30.22424 14.45762 30.2487 14.45568 30.27285 14.45135 

102
39.95961 20.73952 37.6099 18.12562 37.59263 18.1082 37.57372 18.09256 37.55338 18.07885 37.53179 18.06719 37.50916 18.05771 37.48572 18.05049 37.46167 18.04561 37.43727 18.0431 37.41273 18.043 37.38831 18.04531 37.36423 18.05 37.34072 18.05702 37.31802 18.06632 37.29633 18.07779 37.27588 18.09134 37.25685 18.10683 34.45703 20.62367 34.43961 20.64095 34.42397 20.65985 34.41026 20.68019 34.3986 20.70178 34.38912 20.72441 34.3819 20.74786 34.37702 20.7719 34.37452 20.79631 34.37442 20.82084 34.37672 20.84526 34.38141 20.86935 34.38843 20.89285 34.39773 20.91556 34.40921 20.93724 34.42275 20.9577 34.43824 20.97672 34.45552 20.99414 34.47442 21.00978 34.49476 21.0235 34.51635 21.03515 34.53898 21.04463 34.56243 21.05185 34.58647 21.05673 34.61087 21.05924 34.63541 21.05934 34.65983 21.05703 34.68392 21.05235 34.70742 21.04532 34.73013 21.03602 34.75181 21.02455 34.77227 21.011 34.79129 20.99551 37.40519 18.6458 39.7549 21.2597 39.77218 21.27712 39.79108 21.29276 39.81142 21.30647 39.83301 21.31813 39.85564 21.32761 39.87909 21.33483 39.90313 21.33971 39.92754 21.34222 39.95207 21.34232 39.97649 21.34001 40.00058 21.33532 40.02408 21.3283 40.04679 21.319 40.06847 21.30752 40.08893 21.29398 40.10795 21.27849 42.90777 18.76165 42.92519 18.74437 42.94083 18.72547 42.95455 18.70513 42.9662 18.68354 42.97568 18.66091 42.9829 18.63746 42.98778 18.61342 42.99029 18.58901 42.99039 18.56448 42.98808 18.54006 42.9834 18.51597 42.97637 18.49247 42.96707 18.46976 42.9556 18.44808 42.94205 18.42762 42.92656 18.4086 42.90929 18.39118 42.89039 18.37554 42.87004 18.36182 42.84845 18.35017 42.82583 18.34069 42.80238 18.33347 42.77833 18.32858 42.75393 18.32608 42.72939 18.32598 42.70497 18.32828 42.68089 18.33297 42.65738 18.34 42.63468 18.34929 42.61299 18.36077 42.59254 18.37432 42.57351 18.3898 

136
27.68838 25.34928 29.28534 24.85804 29.77658 26.45499 29.78493 26.47806 29.79551 26.5002 29.8082 26.52119 29.82289 26.54084 29.83944 26.55895 29.85768 26.57536 29.87745 26.58989 29.89854 26.60243 29.92076 26.61283 29.94389 26.621 29.96771 26.62687 29.99199 26.63038 30.0165 26.63148 30.041 26.63019 30.06526 26.62649 30.08903 26.62044 30.1121 26.61208 30.13424 26.60151 30.15523 26.58881 30.17488 26.57412 30.19299 26.55757 30.2094 26.53933 30.22393 26.51957 30.23647 26.49848 30.24687 26.47626 30.25504 26.45312 30.26091 26.4293 30.26442 26.40502 30.26553 26.38051 30.26423 26.35601 30.26053 26.33176 30.25448 26.30798 29.76324 24.71103 31.36019 24.21979 31.38326 24.21144 31.40539 24.20086 31.42639 24.18816 31.44604 24.17347 31.46415 24.15693 31.48056 24.13868 31.49509 24.11892 31.50762 24.09783 31.51803 24.07561 31.5262 24.05248 31.53207 24.02866 31.53558 24.00437 31.53668 23.97987 31.53538 23.95537 31.53169 23.93111 31.52564 23.90734 31.51728 23.88427 31.5067 23.86213 31.49401 23.84114 31.47932 23.82149 31.46277 23.80338 31.44453 23.78697 31.42477 23.77243 31.40367 23.7599 31.38145 23.7495 31.35832 23.74132 31.3345 23.73546 31.31022 23.73195 31.28571 23.73084 31.26121 23.73214 31.23696 23.73584 31.21318 23.74189 29.61623 24.23313 29.12499 22.63618 29.11663 22.61311 29.10606 22.59097 29.09336 22.56998 29.07867 22.55033 29.06213 22.53222 29.04388 22.51581 29.02412 22.50127 29.00303 22.48874 28.98081 22.47834 28.95768 22.47017 28.93386 22.4643 28.90957 22.46079 28.88506 22.45968 28.86056 22.46098 28.83631 22.46468 28.81254 22.47073 28.78947 22.47909 28.76733 22.48966 28.74634 22.50236 28.72669 22.51705 28.70857 22.5336 28.69217 22.55184 28.67763 22.5716 28.6651 22.59269 28.6547 22.61491 28.64652 22.63804 28.64065 22.66187 28.63715 22.68615 28.63604 22.71066 28.63734 22.73516 28.64103 22.75941 28.64709 22.78319 29.13833 24.38014 27.54138 24.87138 27.51831 24.87973 27.49617 24.89031 27.47518 24.903 27.45553 24.9177 27.43742 24.93424 27.42101 24.95249 27.40647 24.97225 27.39394 24.99334 27.38354 25.01556 27.37536 25.03869 27.3695 25.06251 27.36599 25.08679 27.36488 25.1113 27.36618 25.1358 27.36988 25.16006 27.37593 25.18383 27.38429 25.2069 27.39486 25.22904 27.40756 25.25003 27.42225 25.26968 27.43879 25.28779 27.45704 25.3042 27.4768 25.31874 27.49789 25.33127 27.52011 25.34167 27.54324 25.34984 27.56707 25.35571 27.59135 25.35922 27.61586 25.36033 27.64036 25.35903 27.66461 25.35533 

136
14.56351 42.98675 14.74868 41.32625 16.40919 41.51142 16.43368 41.51294 16.4582 41.51205 16.48251 41.50877 16.50638 41.50311 16.52959 41.49515 16.5519 41.48494 16.5731 41.4726 16.59299 41.45824 16.61138 41.442 16.62809 41.42404 16.64296 41.40452 16.65584 41.38364 16.66662 41.3616 16.67518 41.33861 16.68145 41.31489 16.68536 41.29067 16.68688 41.26618 16.68599 41.24166 16.6827 41.21735 16.67705 41.19348 16.66908 41.17027 16.65888 41.14796 16.64654 41.12676 16.63218 41.10687 16.61594 41.08848 16.59797 41.07177 16.57846 41.0569 16.55758 41.04402 16.53554 41.03324 16.51255 41.02468 16.48883 41.01841 16.46461 41.0145 14.8041 40.82933 14.98927 39.16882 14.99079 39.14433 14.98991 39.11982 14.98662 39.0955 14.98096 39.07163 14.973 39.04842 14.9628 39.02611 14.95045 39.00491 14.93609 38.98502 14.91985 38.96663 14.90189 38.94992 14.88237 38.93505 14.86149 38.92217 14.83945 38.91139 14.81646 38.90283 14.79274 38.89656 14.76852 38.89265 14.74404 38.89113 14.71952 38.89202 14.69521 38.89531 14.67133 38.90096 14.64813 38.90893 14.62582 38.91913 14.60461 38.93147 14.58472 38.94583 14.56633 38.96207 14.54962 38.98004 14.53475 38.99955 14.52187 39.02043 14.5111 39.04247 14.50253 39.06546 14.49627 39.08918 14.49235 39.1134 14.30718 40.77391 12.64667 40.58874 12.62219 40.58722 12.59767 40.5881 12.57336 40.59139 12.54948 40.59705 12.52628 40.60501 12.50397 40.61522 12.48276 40.62756 12.46287 40.64192 12.44448 40.65816 12.42777 40.67612 12.4129 40.69564 12.40002 40.71652 12.38925 40.73856 12.38068 40.76155 12.37442 40.78527 12.37051 40.80949 12.36899 40.83397 12.36987 40.85849 12.37316 40.88281 12.37881 40.90668 12.38678 40.92988 12.39698 40.95219 12.40933 40.9734 12.42369 40.99329 12.43993 41.01168 12.45789 41.02839 12.47741 41.04326 12.49829 41.05614 12.52033 41.06691 12.54332 41.07548 12.56704 41.08174 12.59126 41.08566 14.25176 41.27083 14.06659 42.93134 14.06507 42.95582 14.06596 42.98034 14.06924 43.00465 14.0749 43.02853 14.08287 43.05173 14.09307 43.07404 14.10541 43.09525 14.11977 43.11514 14.13601 43.13353 14.15397 43.15024 14.17349 43.16511 14.19437 43.17799 14.21641 43.18876 14.2394 43.19733 14.26312 43.20359 14.28734 43.20751 14.31183 43.20902 14.33635 43.20814 14.36066 43.20485 14.38453 43.1992 14.40774 43.19123 14.43005 43.18103 14.45125 43.16868 14.47114 43.15433 14.48953 43.13808 14.50624 43.12012 14.52111 43.1006 14.53399 43.07973 14.54477 43.05768 14.55333 43.03469 14.5596 43.01097 

136
43.51814 13.69208 42.32657 14.8078 41.21085 13.61623 41.19322 13.59917 41.174 13.58391 41.15339 13.57062 41.13156 13.5594 41.10875 13.55039 41.08516 13.54365 41.06102 13.53925 41.03657 13.53724 41.01204 13.53764 40.98767 13.54044 40.96368 13.54562 40.94033 13.55312 40.91781 13.56287 40.89637 13.57479 40.87619 13.58875 40.85748 13.60462 40.84042 13.62224 40.82516 13.64146 40.81187 13.66208 40.80065 13.6839 40.79163 13.70671 40.78489 13.7303 40.7805 13.75444 40.77849 13.77889 40.77889 13.80342 40.78169 13.8278 40.78687 13.85178 40.79437 13.87514 40.80412 13.89765 40.81604 13.91909 40.83 13.93927 40.84587 13.95798 41.96159 15.14955 40.77002 16.26527 40.75295 16.2829 40.7377 16.30212 40.7244 16.32273 40.71319 16.34455 40.70417 16.36737 40.69743 16.39096 40.69303 16.4151 40.69103 16.43955 40.69142 16.46408 40.69422 16.48845 40.6994 16.51243 40.7069 16.53579 40.71666 16.5583 40.72857 16.57975 40.74253 16.59993 40.7584 16.61864 40.77603 16.6357 40.79524 16.65095 40.81586 16.66425 40.83768 16.67546 40.8605 16.68448 40.88409 16.69122 40.90823 16.69562 40.93268 16.69763 40.95721 16.69723 40.98158 16.69443 41.00556 16.68925 41.02892 16.68175 41.05143 16.672 41.07288 16.66008 41.09305 16.64612 41.11176 16.63025 42.30334 15.51453 43.41906 16.7061 43.43668 16.72316 43.4559 16.73842 43.47652 16.75172 43.49834 16.76293 43.52115 16.77195 43.54474 16.77869 43.56888 16.78308 43.59333 16.78509 43.61786 16.78469 43.64224 16.78189 43.66622 16.77672 43.68958 16.76922 43.71209 16.75946 43.73353 16.74755 43.75371 16.73359 43.77242 16.71772 43.78948 16.70009 43.80474 16.68087 43.81804 16.66026 43.82925 16.63844 43.83827 16.61562 43.84501 16.59203 43.8494 16.56789 43.85141 16.54344 43.85101 16.51891 43.84821 16.49454 43.84304 16.47056 43.83554 16.4472 43.82578 16.42469 43.81387 16.40324 43.79991 16.38306 43.78404 16.36435 42.66831 15.17278 43.85988 14.05706 43.87695 14.03943 43.8922 14.02022 43.9055 13.9996 43.91671 13.97778 43.92573 13.95496 43.93247 13.93137 43.93687 13.90724 43.93888 13.88279 43.93848 13.85825 43.93568 13.83388 43.9305 13.8099 43.923 13.78654 43.91324 13.76403 43.90133 13.74258 43.88737 13.72241 43.8715 13.7037 43.85387 13.68663 43.83466 13.67138 43.81404 13.65808 43.79222 13.64687 43.7694 13.63785 43.74581 13.63111 43.72168 13.62671 43.69723 13.62471 43.67269 13.6251 43.64832 13.62791 43.62434 13.63308 43.60098 13.64058 43.57847 13.65034 43.55702 13.66225 43.53685 13.67621 

136
32.95324 39.23606 32.85077 40.8275 31.25933 40.72503 31.2348 40.72465 31.21035 40.72668 31.18622 40.7311 31.16263 40.73787 31.13983 40.74691 31.11802 40.75815 31.09741 40.77146 31.07821 40.78674 31.0606 40.80382 31.04475 40.82255 31.03081 40.84274 31.01892 40.86419 31.00919 40.88671 31.00171 40.91008 30.99656 40.93407 30.99378 40.95844 30.99341 40.98298 30.99544 41.00742 30.99986 41.03156 31.00662 41.05514 31.01567 41.07795 31.0269 41.09976 31.04022 41.12036 31.05549 41.13956 31.07258 41.15717 31.0913 41.17302 31.11149 41.18696 31.13295 41.19885 31.15547 41.20859 31.17884 41.21606 31.20282 41.22122 31.2272 41.22399 32.81864 41.32647 32.71617 42.91791 32.71579 42.94244 32.71783 42.96689 32.72225 42.99102 32.72901 43.0146 32.73805 43.03741 32.74929 43.05922 32.76261 43.07982 32.77788 43.09902 32.79496 43.11663 32.81369 43.13248 32.83388 43.14642 32.85534 43.15831 32.87786 43.16805 32.90122 43.17553 32.92521 43.18068 32.94959 43.18345 32.97412 43.18383 32.99857 43.18179 33.0227 43.17737 33.04628 43.17061 33.06909 43.16157 33.0909 43.15033 33.1115 43.13701 33.1307 43.12174 33.14831 43.10466 33.16416 43.08593 33.1781 43.06574 33.19 43.04428 33.19973 43.02176 33.20721 42.9984 33.21236 42.97441 33.21513 42.95003 33.31761 41.35859 34.90905 41.46107 34.93358 41.46144 34.95803 41.45941 34.98216 41.45499 35.00574 41.44822 35.02855 41.43918 35.05036 41.42795 35.07096 41.41463 35.09016 41.39935 35.10777 41.38227 35.12362 41.36355 35.13756 41.34336 35.14946 41.3219 35.15919 41.29938 35.16667 41.27601 35.17182 41.25202 35.17459 41.22765 35.17497 41.20312 35.17294 41.17867 35.16852 41.15453 35.16175 41.13095 35.15271 41.10815 35.14147 41.08634 35.12816 41.06573 35.11288 41.04653 35.0958 41.02892 35.07707 41.01307 35.05688 40.99913 35.03543 40.98724 35.01291 40.97751 34.98954 40.97003 34.96555 40.96488 34.94118 40.9621 33.34974 40.85963 33.45221 39.26819 33.45258 39.24366 33.45055 39.21921 33.44613 39.19507 33.43937 39.17149 33.43032 39.14868 33.41909 39.12687 33.40577 39.10627 33.3905 39.08707 33.37341 39.06946 33.35469 39.05361 33.3345 39.03967 33.31304 39.02778 33.29052 39.01804 33.26715 39.01057 33.24317 39.00541 33.21879 39.00264 33.19426 39.00227 33.16981 39.0043 33.14568 39.00872 33.12209 39.01548 33.09929 39.02452 33.07748 39.03576 33.05687 39.04908 33.03767 39.06435 33.02006 39.08143 33.00421 39.10016 32.99027 39.12035 32.97838 39.14181 32.96865 39.16433 32.96117 39.18769 32.95602 39.21168 

4
35.42053 6.69608 34.73573 9.49472 37.53437 10.17952 38.21917 7.38088 

4
41.60209 33.17489 42.42965 35.93469 45.18944 35.10713 44.36189 32.34734 

4
30.40423 20.78694 30.1812 17.91439 27.30865 18.13742 27.53167 21.00997 

3
7.63226 12.91467 6.7687 18.68132 12.2633 16.72957 

3
17.85001 46.94388 23.0586 49.00085 22.42247 43.43705 

102
44.84994 4.64894 43.42149 1.18166 43.41104 1.15946 43.39847 1.13839 43.38389 1.11866 43.36745 1.10045 43.3493 1.08394 43.32963 1.06929 43.30861 1.05663 43.28645 1.0461 43.26336 1.03779 43.23958 1.03179 43.21532 1.02814 43.19081 1.02689 43.16631 1.02805 43.14203 1.0316 43.11822 1.03752 43.09511 1.04574 39.39668 2.56942 39.37448 2.57987 39.35341 2.59244 39.33368 2.60702 39.31547 2.62346 39.29896 2.64161 39.2843 2.66128 39.27165 2.6823 39.26112 2.70446 39.25281 2.72755 39.2468 2.75133 39.24316 2.77559 39.24191 2.8001 39.24306 2.8246 39.24662 2.84888 39.25253 2.87269 39.26075 2.8958 39.2712 2.918 39.28377 2.93907 39.29835 2.9588 39.31479 2.97701 39.33294 2.99352 39.35262 3.00817 39.37364 3.02083 39.3958 3.03136 39.41888 3.03967 39.44267 3.04568 39.46693 3.04932 39.49143 3.05057 39.51594 3.04941 39.54021 3.04586 39.56402 3.03995 39.58714 3.03172 43.05442 1.60327 44.48287 5.07055 44.49332 5.09275 44.50589 5.11382 44.52047 5.13355 44.53691 5.15176 44.55505 5.16827 44.57473 5.18292 44.59575 5.19558 44.61791 5.20611 44.64099 5.21442 44.66478 5.22042 44.68904 5.22407 44.71354 5.22532 44.73805 5.22416 44.76233 5.22061 44.78614 5.21469 44.80925 5.20647 48.50768 3.68279 48.52988 3.67234 48.55095 3.65977 48.57068 3.64519 48.58889 3.62875 48.6054 3.6106 48.62005 3.59093 48.63271 3.56991 48.64324 3.54775 48.65155 3.52466 48.65755 3.50088 48.6612 3.47662 48.66245 3.45211 48.66129 3.42761 48.65774 3.40333 48.65182 3.37952 48.6436 3.35641 48.63316 3.33421 48.62058 3.31314 48.60601 3.29341 48.58956 3.2752 48.57142 3.25869 48.55174 3.24403 48.53072 3.23138 48.50856 3.22085 48.48548 3.21254 48.46169 3.20653 48.43743 3.20289 48.41293 3.20164 48.38842 3.20279 48.36415 3.20635 48.34034 3.21226 48.31722 3.22048 

102
21.8893 22.56999 25.39794 22.36249 25.42233 22.35984 25.44634 22.35481 25.46975 22.34746 25.49232 22.33784 25.51384 22.32606 25.5341 22.31223 25.55291 22.29648 25.57008 22.27896 25.58546 22.25984 25.59888 22.2393 25.61023 22.21755 25.6194 22.19479 25.62628 22.17124 25.63083 22.14714 25.63299 22.1227 25.63274 22.09816 25.41048 18.33996 25.40783 18.31557 25.4028 18.29156 25.39545 18.26815 25.38583 18.24558 25.37405 18.22406 25.36022 18.2038 25.34447 18.18499 25.32695 18.16782 25.30783 18.15244 25.28729 18.13902 25.26554 18.12767 25.24278 18.11851 25.21924 18.11162 25.19513 18.10708 25.17069 18.10491 25.14616 18.10516 25.12177 18.10781 25.09775 18.11283 25.07435 18.12019 25.05178 18.1298 25.03025 18.14158 25.00999 18.15542 24.99118 18.17117 24.97401 18.18869 24.95864 18.20781 24.94521 18.22834 24.93386 18.2501 24.9247 18.27286 24.91781 18.2964 24.91327 18.32051 24.91111 18.34495 24.91135 18.36948 25.11886 21.87812 21.61022 22.08563 21.58583 22.08827 21.56182 22.0933 21.53841 22.10066 21.51584 22.11027 21.49432 22.12205 21.47406 22.13588 21.45525 22.15164 21.43807 22.16916 21.4227 22.18828 21.40927 22.20881 21.39793 22.23056 21.38876 22.25332 21.38188 22.27687 21.37733 22.30098 21.37517 22.32542 21.37541 22.34995 21.59768 26.10815 21.60033 26.13254 21.60535 26.15655 21.61271 26.17996 21.62232 26.20253 21.63411 26.22405 21.64794 26.24431 21.66369 26.26312 21.68121 26.2803 21.70033 26.29567 21.72087 26.30909 21.74262 26.32044 21.76538 26.32961 21.78892 26.33649 21.81303 26.34104 21.83747 26.3432 21.862 26.34295 21.88639 26.34031 21.91041 26.33528 21.93381 26.32792 21.95638 26.31831 21.9779 26.30653 21.99817 26.2927 22.01697 26.27694 22.03415 26.25942 22.04952 26.2403 22.06295 26.21977 22.0743 26.19802 22.08346 26.17526 22.09035 26.15171 22.09489 26.1276 22.09705 26.10316 22.09681 26.07863 

84
8.59273 3.47974 11.24735 6.56722 11.26424 6.58501 11.28279 6.60107 11.30283 6.61523 11.32416 6.62735 11.34657 6.63733 11.36985 6.64507 11.39378 6.65048 11.41813 6.65352 11.44265 6.65416 11.46712 6.6524 11.4913 6.64824 11.51496 6.64174 11.53786 6.63294 11.55979 6.62195 11.58054 6.60886 11.59991 6.59379 11.6177 6.57691 11.63376 6.55835 11.64792 6.53832 11.66004 6.51699 11.67002 6.49458 11.67776 6.4713 11.68317 6.44737 11.68621 6.42302 11.68685 6.3985 11.68509 6.37403 11.68093 6.34985 11.67443 6.32619 11.66563 6.30329 11.65464 6.28136 11.64155 6.26061 11.62648 6.24124 8.80887 2.9642 8.79199 2.9464 8.77343 2.93035 8.7534 2.91619 8.73207 2.90406 8.70966 2.89408 8.68637 2.88635 8.66245 2.88093 8.6381 2.87789 8.61358 2.87725 8.58911 2.87902 8.56493 2.88317 8.54127 2.88968 8.51837 2.89847 8.49643 2.90946 8.47569 2.92256 8.45632 2.93762 5.17928 5.75523 5.16148 5.77212 5.14542 5.79067 5.13127 5.81071 5.11914 5.83203 5.10916 5.85445 5.10143 5.87773 5.09601 5.90166 5.09297 5.926 5.09233 5.95053 5.09409 5.975 5.09825 5.99918 5.10476 6.02283 5.11355 6.04574 5.12454 6.06767 5.13764 6.08842 5.1527 6.10778 5.16959 6.12558 5.18814 6.14163 5.20817 6.15579 5.2295 6.16792 5.25191 6.1779 5.2752 6.18563 5.29913 6.19104 5.32347 6.19409 5.348 6.19473 5.37247 6.19296 5.39665 6.18881 5.4203 6.1823 5.44321 6.17351 5.46514 6.16251 5.48589 6.14942 5.50525 6.13436 

102
17.91089 37.0527 18.68882 35.57405 18.69916 35.55181 18.70728 35.52865 18.71308 35.50482 18.71652 35.48052 18.71756 35.45601 18.7162 35.43152 18.71244 35.40727 18.70632 35.38351 18.69791 35.36047 18.68727 35.33836 18.67452 35.3174 18.65978 35.29779 18.64318 35.27972 18.6249 35.26336 18.6051 35.24888 18.58397 35.2364 18.56172 35.22606 18.53857 35.21795 18.51473 35.21214 18.49044 35.2087 18.46593 35.20766 18.44143 35.20902 18.41719 35.21278 18.39343 35.2189 18.37039 35.22731 18.34828 35.23795 18.32732 35.2507 18.30771 35.26544 18.28964 35.28204 18.27328 35.30032 18.2588 35.32012 18.24632 35.34125 17.46839 36.8199 15.98974 36.04197 15.9675 36.03162 15.94434 36.02351 15.92051 36.0177 15.89621 36.01426 15.8717 36.01322 15.84721 36.01458 15.82296 36.01834 15.7992 36.02446 15.77616 36.03288 15.75405 36.04351 15.73309 36.05626 15.71348 36.07101 15.69541 36.0876 15.67905 36.10589 15.66457 36.12569 15.65209 36.14681 15.64175 36.16906 15.63364 36.19221 15.62783 36.21605 15.62439 36.24034 15.62335 36.26485 15.62471 36.28935 15.62847 36.31359 15.63459 36.33735 15.643 36.3604 15.65364 36.38251 15.66639 36.40347 15.68113 36.42308 15.69773 36.44115 15.71601 36.4575 15.73582 36.47199 15.75694 36.48446 17.45684 37.37879 19.15673 38.27313 19.17898 38.28347 19.20213 38.29158 19.22597 38.29739 19.25026 38.30083 19.27477 38.30187 19.29927 38.30051 19.32351 38.29675 19.34727 38.29063 19.37032 38.28222 19.39242 38.27158 19.41338 38.25883 19.43299 38.24409 19.45106 38.22749 19.46742 38.20921 19.48191 38.18941 19.49438 38.16828 19.50472 38.14603 19.51284 38.12288 19.51864 38.09904 19.52208 38.07475 19.52313 38.05024 19.52176 38.02574 19.518 38.0015 19.51189 37.97774 19.50347 37.9547 19.49283 37.93259 19.48008 37.91163 19.46534 37.89202 19.44875 37.87395 19.43046 37.85759 19.41066 37.8431 19.38953 37.83063 

