32
4
21.96165 23.08065 24.46439 21.42647 22.81022 18.92373 20.30748 20.5779 

4
20.62869 33.63434 19.42524 36.38237 22.17328 37.58583 23.37673 34.83779 

4
30.20604 14.35078 31.77621 16.90705 34.33249 15.33688 32.76232 12.7806 

4
37.62295 20.51103 35.09507 22.12652 36.71055 24.6544 39.23844 23.03892 

4
7.68773 32.72364 5.5696 30.77047 3.61644 32.8886 5.73457 34.84177 

3
43.68686 44.38682 47.88469 40.33982 42.33835 38.54032 

3
49.55371 17.22801 44.19777 19.53319 48.7522 23.17423 

3
22.0026 47.09629 20.16981 41.56087 16.1481 45.78294 

3
32.45227 18.74334 27.95437 22.26791 33.18094 24.57802 

3
11.59814 16.52353 6.31753 18.38785 10.44752 22.16989 

8
12.55343 23.26186 11.50821 25.34817 12.24437 27.5625 14.33068 28.60772 16.54501 27.87155 17.59023 25.78524 16.85407 23.57092 14.76776 22.5257 

8
19.60793 14.27992 18.38799 12.96112 16.59283 12.89122 15.27404 14.11115 15.20413 15.90631 16.42407 17.22511 18.21922 17.29501 19.53802 16.07508 

102
39.25439 31.98107 36.23538 29.75664 36.21494 29.74308 36.19326 29.73158 36.17057 29.72226 36.14707 29.71521 36.12299 29.7105 36.09857 29.70818 36.07403 29.70825 36.04962 29.71073 36.02558 29.7156 36.00212 29.72279 35.97949 29.73225 35.95789 29.74388 35.93753 29.75758 35.91861 29.7732 35.90132 29.7906 35.88581 29.80962 33.51309 33.02989 33.49953 33.05034 33.48803 33.07201 33.47871 33.09471 33.47166 33.1182 33.46695 33.14228 33.46462 33.16671 33.4647 33.19124 33.46718 33.21565 33.47204 33.23969 33.47924 33.26315 33.4887 33.28579 33.50033 33.30739 33.51403 33.32774 33.52965 33.34666 33.54705 33.36395 33.56607 33.37946 33.58651 33.39302 33.60818 33.40452 33.63088 33.41384 33.65438 33.42089 33.67845 33.4256 33.70288 33.42793 33.72741 33.42785 33.75182 33.42537 33.77587 33.42051 33.79932 33.41331 33.82196 33.40385 33.84356 33.39222 33.86391 33.37852 33.88283 33.3629 33.90012 33.3455 33.91563 33.32649 36.14005 30.30747 39.15907 32.5319 39.17951 32.54547 39.20118 32.55696 39.22388 32.56628 39.24738 32.57333 39.27145 32.57804 39.29588 32.58037 39.32041 32.58029 39.34482 32.57781 39.36886 32.57295 39.39232 32.56575 39.41496 32.55629 39.43656 32.54466 39.45691 32.53097 39.47583 32.51534 39.49312 32.49794 39.50863 32.47893 41.88135 29.25865 41.89492 29.23821 41.90641 29.21653 41.91573 29.19384 41.92278 29.17034 41.92749 29.14626 41.92982 29.12184 41.92974 29.0973 41.92726 29.0729 41.9224 29.04885 41.9152 29.02539 41.90574 29.00276 41.89411 28.98116 41.88042 28.9608 41.86479 28.94188 41.84739 28.92459 41.82838 28.90909 41.80794 28.89552 41.78626 28.88402 41.76357 28.87471 41.74007 28.86766 41.71599 28.86295 41.69157 28.86062 41.66703 28.86069 41.64262 28.86318 41.61858 28.86804 41.59512 28.87523 41.57249 28.88469 41.55088 28.89633 41.53053 28.91002 41.51161 28.92564 41.49432 28.94305 41.47881 28.96206 

102
26.96587 28.87724 27.83466 32.52521 27.84151 32.54877 27.85063 32.57154 27.86195 32.59331 27.87534 32.61387 27.89068 32.63301 27.90783 32.65056 27.92661 32.66635 27.94685 32.68021 27.96835 32.69203 27.9909 32.70168 28.0143 32.70907 28.0383 32.71414 28.06269 32.71683 28.08722 32.71711 28.11166 32.71499 28.13578 32.71049 32.02695 31.78378 32.05051 31.77693 32.07328 31.76781 32.09505 31.75649 32.11561 31.7431 32.13475 31.72776 32.1523 31.71061 32.16809 31.69183 32.18195 31.67159 32.19377 31.65009 32.20342 31.62754 32.21081 31.60414 32.21588 31.58014 32.21857 31.55575 32.21885 31.53122 32.21673 31.50678 32.21223 31.48266 32.20538 31.4591 32.19626 31.43633 32.18494 31.41456 32.17155 31.394 32.15621 31.37486 32.13906 31.35731 32.12028 31.34152 32.10004 31.32766 32.07854 31.31584 32.05599 31.30619 32.03259 31.2988 32.00859 31.29373 31.9842 31.29104 31.95967 31.29076 31.93523 31.29288 31.91111 31.29738 28.26314 32.16617 27.39435 28.5182 27.3875 28.49464 27.37838 28.47187 27.36706 28.4501 27.35367 28.42954 27.33833 28.4104 27.32118 28.39285 27.3024 28.37706 27.28216 28.3632 27.26066 28.35138 27.23811 28.34173 27.21471 28.33433 27.19071 28.32927 27.16632 28.32658 27.14179 28.32629 27.11735 28.32842 27.09323 28.33292 23.20206 29.25963 23.1785 29.26648 23.15573 29.2756 23.13396 29.28692 23.1134 29.30031 23.09426 29.31565 23.07671 29.3328 23.06092 29.35158 23.04706 29.37182 23.03524 29.39332 23.02559 29.41587 23.01819 29.43927 23.01313 29.46327 23.01044 29.48766 23.01015 29.51219 23.01227 29.53663 23.01678 29.56075 23.02363 29.58431 23.03275 29.60708 23.04407 29.62885 23.05746 29.64941 23.0728 29.66855 23.08995 29.6861 23.10873 29.70188 23.12897 29.71575 23.15047 29.72757 23.17302 29.73722 23.19642 29.74461 23.22042 29.74968 23.24481 29.75237 23.26934 29.75265 23.29378 29.75053 23.3179 29.74603 

136
29.05851 9.36579 28.82927 11.02079 27.17427 10.79154 27.14983 10.78937 27.1253 10.78961 27.10091 10.79225 27.0769 10.79727 27.05349 10.80462 27.03091 10.81422 27.00939 10.82599 26.98912 10.83982 26.97031 10.85557 26.95313 10.87308 26.93775 10.89219 26.92431 10.91272 26.91296 10.93447 26.90379 10.95723 26.89689 10.98077 26.89234 11.00488 26.89017 11.02932 26.8904 11.05385 26.89304 11.07824 26.89806 11.10226 26.90541 11.12566 26.91501 11.14824 26.92679 11.16976 26.94061 11.19003 26.95636 11.20884 26.97387 11.22602 26.99299 11.24141 27.01352 11.25484 27.03526 11.2662 27.05802 11.27537 27.08156 11.28226 27.10567 11.28682 28.76067 11.51606 28.53143 13.17106 28.52926 13.19549 28.52949 13.22003 28.53213 13.24442 28.53715 13.26843 28.5445 13.29184 28.55411 13.31442 28.56588 13.33594 28.5797 13.35621 28.59545 13.37502 28.61296 13.3922 28.63208 13.40758 28.65261 13.42102 28.67435 13.43237 28.69711 13.44154 28.72065 13.44844 28.74476 13.45299 28.7692 13.45516 28.79373 13.45493 28.81812 13.45229 28.84214 13.44727 28.86555 13.43992 28.88812 13.43032 28.90965 13.41854 28.92991 13.40472 28.94873 13.38897 28.96591 13.37146 28.98129 13.35234 28.99472 13.33181 29.00608 13.31007 29.01525 13.28731 29.02214 13.26377 29.0267 13.23966 29.25594 11.58466 30.91094 11.8139 30.93538 11.81607 30.95991 11.81583 30.9843 11.81319 31.00832 11.80818 31.03172 11.80083 31.0543 11.79122 31.07582 11.77945 31.09609 11.76562 31.1149 11.74988 31.13209 11.73236 31.14747 11.71325 31.1609 11.69272 31.17226 11.67097 31.18143 11.64822 31.18832 11.62467 31.19288 11.60057 31.19505 11.57613 31.19481 11.5516 31.19217 11.5272 31.18715 11.50319 31.1798 11.47978 31.1702 11.45721 31.15843 11.43568 31.1446 11.41541 31.12885 11.3966 31.11134 11.37942 31.09223 11.36404 31.0717 11.35061 31.04995 11.33925 31.02719 11.33008 31.00365 11.32318 30.97954 11.31863 29.32454 11.08939 29.55378 9.43439 29.55595 9.40995 29.55572 9.38542 29.55308 9.36103 29.54806 9.33701 29.54071 9.3136 29.53111 9.29103 29.51933 9.2695 29.50551 9.24924 29.48976 9.23042 29.47225 9.21324 29.45313 9.19786 29.4326 9.18443 29.41086 9.17307 29.3881 9.1639 29.36456 9.15701 29.34045 9.15245 29.31601 9.15028 29.29148 9.15052 29.26709 9.15316 29.24307 9.15818 29.21966 9.16552 29.19709 9.17513 29.17556 9.1869 29.1553 9.20073 29.13648 9.21647 29.1193 9.23399 29.10392 9.2531 29.09049 9.27363 29.07913 9.29538 29.06996 9.31813 29.06307 9.34168 

136
20.12799 4.36685 18.78749 5.29838 17.85596 3.95788 17.84099 3.93845 17.82418 3.92057 17.80571 3.90443 17.78574 3.89018 17.76447 3.87795 17.7421 3.86787 17.71885 3.86003 17.69495 3.8545 17.67062 3.85135 17.6461 3.85059 17.62162 3.85224 17.59742 3.85628 17.57374 3.86268 17.55079 3.87136 17.52881 3.88226 17.508 3.89525 17.48856 3.91022 17.47069 3.92703 17.45455 3.94551 17.44029 3.96547 17.42807 3.98674 17.41799 4.00911 17.41014 4.03236 17.40462 4.05626 17.40146 4.08059 17.4007 4.10511 17.40236 4.12959 17.4064 4.15379 17.41279 4.17748 17.42148 4.20042 17.43237 4.2224 17.44537 4.24321 18.3769 5.58371 17.0364 6.51524 17.01697 6.53021 16.99909 6.54702 16.98295 6.56549 16.9687 6.58546 16.95647 6.60673 16.94639 6.6291 16.93855 6.65235 16.93302 6.67625 16.92987 6.70058 16.92911 6.7251 16.93076 6.74958 16.9348 6.77378 16.9412 6.79746 16.94988 6.82041 16.96078 6.84239 16.97377 6.8632 16.98874 6.88264 17.00555 6.90051 17.02402 6.91665 17.04399 6.93091 17.06526 6.94313 17.08763 6.95321 17.11088 6.96106 17.13478 6.96658 17.15911 6.96974 17.18363 6.9705 17.20811 6.96884 17.23231 6.9648 17.25599 6.95841 17.27894 6.94972 17.30092 6.93883 17.32173 6.92583 18.66223 5.9943 19.59376 7.3348 19.60873 7.35423 19.62554 7.37211 19.64401 7.38825 19.66398 7.4025 19.68525 7.41473 19.70762 7.42481 19.73086 7.43265 19.75477 7.43818 19.7791 7.44134 19.80362 7.44209 19.8281 7.44044 19.8523 7.4364 19.87598 7.43 19.89893 7.42132 19.92091 7.41043 19.94172 7.39743 19.96115 7.38246 19.97903 7.36565 19.99517 7.34718 20.00942 7.32721 20.02165 7.30594 20.03173 7.28357 20.03958 7.26032 20.0451 7.23642 20.04826 7.21209 20.04901 7.18757 20.04736 7.16309 20.04332 7.13889 20.03693 7.11521 20.02824 7.09226 20.01735 7.07028 20.00435 7.04947 19.07282 5.70897 20.41332 4.77744 20.43275 4.76247 20.45063 4.74567 20.46677 4.72719 20.48102 4.70722 20.49325 4.68595 20.50333 4.66358 20.51117 4.64034 20.5167 4.61643 20.51985 4.5921 20.52061 4.56758 20.51896 4.5431 20.51492 4.5189 20.50852 4.49522 20.49984 4.47227 20.48894 4.45029 20.47595 4.42948 20.46098 4.41005 20.44417 4.39217 20.42569 4.37603 20.40573 4.36178 20.38446 4.34955 20.36209 4.33947 20.33884 4.33163 20.31494 4.3261 20.29061 4.32294 20.26609 4.32219 20.24161 4.32384 20.21741 4.32788 20.19372 4.33427 20.17078 4.34296 20.1488 4.35385 

136
7.23588 4.66364 6.41264 3.29782 7.77846 2.47458 7.79882 2.4609 7.81775 2.44528 7.83505 2.42789 7.85057 2.40889 7.86415 2.38846 7.87566 2.36679 7.885 2.3441 7.89206 2.32061 7.89679 2.29653 7.89913 2.27211 7.89907 2.24758 7.8966 2.22317 7.89176 2.19912 7.88458 2.17566 7.87513 2.15301 7.86351 2.13141 7.84983 2.11104 7.83422 2.09211 7.81683 2.07481 7.79783 2.05929 7.7774 2.04571 7.75573 2.0342 7.73304 2.02487 7.70955 2.01781 7.68547 2.01308 7.66105 2.01073 7.63652 2.0108 7.61211 2.01326 7.58806 2.01811 7.5646 2.02529 7.54195 2.03473 7.52035 2.04635 6.15453 2.86959 5.33129 1.50377 5.31761 1.48341 5.30199 1.46448 5.2846 1.44718 5.2656 1.43166 5.24517 1.41808 5.2235 1.40657 5.20081 1.39724 5.17732 1.39017 5.15324 1.38545 5.12882 1.3831 5.10429 1.38316 5.07988 1.38563 5.05583 1.39047 5.03237 1.39765 5.00972 1.4071 4.98812 1.41872 4.96775 1.4324 4.94882 1.44801 4.93152 1.4654 4.916 1.4844 4.90242 1.50484 4.89091 1.5265 4.88158 1.54919 4.87452 1.57269 4.86979 1.59676 4.86744 1.62118 4.8675 1.64572 4.86997 1.67013 4.87482 1.69418 4.882 1.71764 4.89144 1.74028 4.90306 1.76189 5.7263 3.1277 4.36048 3.95095 4.34012 3.96463 4.32119 3.98024 4.30389 3.99763 4.28837 4.01663 4.27479 4.03706 4.26328 4.05873 4.25395 4.08142 4.24688 4.10491 4.24216 4.12899 4.23981 4.15341 4.23987 4.17794 4.24234 4.20235 4.24718 4.2264 4.25436 4.24986 4.26381 4.27251 4.27543 4.29412 4.28911 4.31448 4.30472 4.33341 4.32211 4.35071 4.34111 4.36623 4.36155 4.37981 4.38321 4.39132 4.4059 4.40065 4.4294 4.40772 4.45347 4.41244 4.47789 4.41479 4.50243 4.41473 4.52684 4.41226 4.55089 4.40742 4.57435 4.40024 4.59699 4.39079 4.6186 4.37917 5.98441 3.55593 6.80766 4.92175 6.82134 4.94211 6.83695 4.96104 6.85434 4.97834 6.87334 4.99386 6.89377 5.00744 6.91544 5.01895 6.93813 5.02829 6.96162 5.03535 6.9857 5.04008 7.01012 5.04242 7.03465 5.04236 7.05906 5.03989 7.08311 5.03505 7.10657 5.02787 7.12922 5.01842 7.15083 5.0068 7.17119 4.99312 7.19012 4.97751 7.20742 4.96012 7.22294 4.94112 7.23652 4.92069 7.24803 4.89902 7.25736 4.87633 7.26443 4.85284 7.26915 4.82876 7.2715 4.80434 7.27144 4.77981 7.26897 4.7554 7.26413 4.73135 7.25695 4.70789 7.2475 4.68524 

136
9.81065 30.66779 11.37844 30.37583 11.67039 31.94361 11.67606 31.96748 11.68404 31.99068 11.69426 32.01299 11.70661 32.03418 11.72099 32.05407 11.73724 32.07245 11.75521 32.08914 11.77474 32.104 11.79563 32.11687 11.81768 32.12763 11.84067 32.13617 11.8644 32.14243 11.88862 32.14632 11.91311 32.14783 11.93762 32.14692 11.96193 32.14362 11.9858 32.13795 12.009 32.12997 12.03131 32.11975 12.0525 32.1074 12.07239 32.09302 12.09077 32.07677 12.10746 32.0588 12.12232 32.03927 12.13519 32.01838 12.14595 31.99634 12.1545 31.97334 12.16075 31.94962 12.16464 31.92539 12.16615 31.90091 12.16524 31.87639 12.16194 31.85208 11.86999 30.28429 13.43777 29.99234 13.46164 29.98667 13.48484 29.97869 13.50714 29.96847 13.52834 29.95612 13.54822 29.94174 13.5666 29.92549 13.5833 29.90752 13.59815 29.88799 13.61102 29.8671 13.62178 29.84505 13.63033 29.82206 13.63658 29.79833 13.64048 29.77411 13.64198 29.74962 13.64108 29.72511 13.63778 29.7008 13.63211 29.67693 13.62412 29.65373 13.61391 29.63142 13.60155 29.61023 13.58718 29.59034 13.57093 29.57196 13.55295 29.55527 13.53343 29.54041 13.51254 29.52754 13.49049 29.51678 13.46749 29.50823 13.44377 29.50198 13.41955 29.49809 13.39506 29.49658 13.37054 29.49749 13.34623 29.50079 11.77845 29.79274 11.48649 28.22496 11.48082 28.20109 11.47284 28.17789 11.46263 28.15559 11.45027 28.13439 11.4359 28.11451 11.41965 28.09613 11.40167 28.07943 11.38215 28.06458 11.36126 28.05171 11.33921 28.04095 11.31621 28.0324 11.29249 28.02615 11.26827 28.02225 11.24378 28.02075 11.21926 28.02165 11.19495 28.02495 11.17108 28.03062 11.14788 28.03861 11.12558 28.04882 11.10438 28.06118 11.0845 28.07555 11.06612 28.0918 11.04942 28.10978 11.03457 28.1293 11.0217 28.15019 11.01094 28.17224 11.00239 28.19524 10.99614 28.21896 10.99224 28.24318 10.99074 28.26767 10.99164 28.29219 10.99494 28.3165 11.2869 29.88428 9.71912 30.17624 9.69525 30.18191 9.67205 30.18989 9.64974 30.2001 9.62855 30.21246 9.60866 30.22683 9.59028 30.24308 9.57359 30.26106 9.55873 30.28058 9.54586 30.30147 9.5351 30.32352 9.52655 30.34652 9.5203 30.37024 9.51641 30.39446 9.5149 30.41895 9.51581 30.44347 9.51911 30.46778 9.52478 30.49165 9.53276 30.51485 9.54298 30.53715 9.55533 30.55835 9.56971 30.57823 9.58596 30.59661 9.60393 30.61331 9.62346 30.62816 9.64435 30.64103 9.66639 30.65179 9.68939 30.66034 9.71311 30.66659 9.73734 30.67049 9.76182 30.67199 9.78634 30.67109 

84
40.36021 16.8241 40.67098 20.97248 40.67401 20.99683 40.67941 21.02076 40.68714 21.04404 40.6971 21.06646 40.70922 21.08779 40.72337 21.10784 40.73942 21.1264 40.7572 21.14329 40.77656 21.15836 40.7973 21.17147 40.81923 21.18247 40.84213 21.19127 40.86578 21.19779 40.88996 21.20196 40.91443 21.20373 40.93896 21.2031 40.9633 21.20007 40.98723 21.19467 41.01052 21.18695 41.03294 21.17698 41.05427 21.16486 41.07431 21.15071 41.09287 21.13467 41.10977 21.11688 41.12484 21.09752 41.13794 21.07678 41.14895 21.05485 41.15775 21.03195 41.16427 21.0083 41.16844 20.98412 41.17021 20.95965 41.16958 20.93513 40.84013 16.53745 40.8371 16.5131 40.8317 16.48917 40.82398 16.46589 40.81401 16.44347 40.80189 16.42214 40.78774 16.40209 40.7717 16.38353 40.75391 16.36664 40.73455 16.35157 40.71381 16.33846 40.69188 16.32746 40.66898 16.31865 40.64533 16.31214 40.62115 16.30797 40.59668 16.30619 40.57216 16.30682 36.17448 16.63627 36.15013 16.6393 36.1262 16.64471 36.10291 16.65243 36.0805 16.6624 36.05916 16.67451 36.03912 16.68866 36.02056 16.70471 36.00367 16.7225 35.98859 16.74186 35.97549 16.7626 35.96449 16.78453 35.95568 16.80743 35.94917 16.83108 35.945 16.85526 35.94322 16.87972 35.94385 16.90425 35.94688 16.9286 35.95229 16.95253 35.96001 16.97581 35.96998 16.99823 35.98209 17.01957 35.99624 17.03961 36.01229 17.05817 36.03008 17.07506 36.04944 17.09014 36.07018 17.10324 36.09211 17.11424 36.11501 17.12305 36.13866 17.12956 36.16284 17.13373 36.18731 17.13551 36.21183 17.13488 

84
43.3158 5.08427 45.71024 8.48607 45.72533 8.50542 45.74224 8.52319 45.76081 8.53922 45.78087 8.55335 45.80221 8.56545 45.82463 8.5754 45.84793 8.5831 45.87186 8.58849 45.89621 8.5915 45.92074 8.5921 45.94521 8.59031 45.96938 8.58612 45.99303 8.57958 46.01592 8.57076 46.03784 8.55973 46.05857 8.54661 46.07791 8.53152 46.09569 8.51461 46.11172 8.49604 46.12585 8.47598 46.13795 8.45464 46.1479 8.43221 46.1556 8.40892 46.16098 8.38499 46.16399 8.36064 46.1646 8.33611 46.1628 8.31164 46.15861 8.28747 46.15208 8.26382 46.14325 8.24093 46.13223 8.21901 46.11911 8.19828 43.58077 4.59204 43.56569 4.5727 43.54877 4.55492 43.5302 4.53889 43.51015 4.52476 43.4888 4.51266 43.46638 4.50271 43.44308 4.49501 43.41915 4.48963 43.3948 4.48662 43.37027 4.48601 43.3458 4.48781 43.32163 4.492 43.29798 4.49853 43.27509 4.50736 43.25317 4.51838 43.23244 4.5315 39.6262 7.06984 39.60686 7.08492 39.58908 7.10184 39.57305 7.12041 39.55892 7.14046 39.54682 7.16181 39.53688 7.18423 39.52917 7.20753 39.52379 7.23146 39.52078 7.25581 39.52017 7.28034 39.52197 7.30481 39.52616 7.32898 39.5327 7.35263 39.54152 7.37552 39.55254 7.39744 39.56566 7.41817 39.58075 7.43751 39.59766 7.45529 39.61624 7.47132 39.63629 7.48545 39.65764 7.49755 39.68006 7.50749 39.70336 7.5152 39.72729 7.52058 39.75164 7.52359 39.77617 7.5242 39.80063 7.5224 39.82481 7.51821 39.84846 7.51167 39.87135 7.50285 39.89326 7.49183 39.914 7.47871 

84
34.61041 6.999 37.4984 9.86937 37.51663 9.88579 37.53638 9.90034 37.55747 9.91289 37.57968 9.92331 37.6028 9.93151 37.62662 9.9374 37.6509 9.94092 37.6754 9.94205 37.6999 9.94077 37.72416 9.9371 37.74794 9.93106 37.77102 9.92273 37.79316 9.91217 37.81417 9.89949 37.83383 9.88482 37.85196 9.86829 37.86838 9.85006 37.88293 9.83031 37.89548 9.80923 37.9059 9.78702 37.9141 9.76389 37.91998 9.74007 37.92351 9.71579 37.92464 9.69129 37.92336 9.66679 37.91968 9.64253 37.91365 9.61875 37.90531 9.59567 37.89476 9.57353 37.88208 9.55252 37.86741 9.53286 37.85087 9.51474 34.78556 6.46813 34.76733 6.45171 34.74758 6.43716 34.7265 6.42461 34.70429 6.41419 34.68116 6.40599 34.65735 6.4001 34.63307 6.39658 34.60856 6.39545 34.58406 6.39673 34.5598 6.4004 34.53602 6.40643 34.51295 6.41477 34.4908 6.42533 34.4698 6.43801 34.45014 6.45268 34.43201 6.46921 31.3854 9.53453 31.36898 9.55275 31.35443 9.57251 31.34188 9.59359 31.33146 9.6158 31.32326 9.63892 31.31737 9.66274 31.31385 9.68702 31.31272 9.71153 31.314 9.73603 31.31767 9.76028 31.32371 9.78406 31.33204 9.80714 31.3426 9.82928 31.35528 9.85029 31.36995 9.86995 31.38648 9.88808 31.40471 9.9045 31.42446 9.91905 31.44555 9.9316 31.46776 9.94202 31.49088 9.95022 31.5147 9.95611 31.53898 9.95963 31.56348 9.96076 31.58799 9.95948 31.61224 9.95581 31.63602 9.94977 31.6591 9.94144 31.68124 9.93088 31.70225 9.9182 31.72191 9.90353 31.74004 9.887 

4
34.44325 44.27911 36.99747 45.85263 38.57099 43.29841 36.01677 41.72489 

4
25.87474 17.80879 28.19118 15.90246 26.28486 13.58602 23.96841 15.49234 

4
29.13834 1.07479 26.25895 1.66865 26.8528 4.54805 29.7322 3.95419 

4
5.12006 28.15324 2.9441 26.17618 0.96704 28.35215 3.143 30.32921 

4
43.88503 35.62772 46.50673 36.51292 47.39192 33.89122 44.77023 33.00603 

3
3.4418 41.86375 8.56769 39.08432 3.70307 35.86944 

3
10.00684 6.39527 15.43132 4.59846 11.29321 0.6577 

3
26.1807 35.01764 24.9606 40.2557 30.15659 38.86728 

84
22.67717 10.8588 21.17452 14.73793 21.1668 14.76121 21.16139 14.78514 21.15835 14.80949 21.15771 14.83402 21.15948 14.85849 21.16364 14.88266 21.17015 14.90632 21.17895 14.92922 21.18995 14.95115 21.20305 14.9719 21.21811 14.99126 21.23501 15.00905 21.25356 15.0251 21.2736 15.03926 21.29493 15.05138 21.31734 15.06135 21.34063 15.06908 21.36456 15.07449 21.3889 15.07753 21.41343 15.07817 21.4379 15.0764 21.46208 15.07224 21.48573 15.06573 21.50863 15.05693 21.53056 15.04593 21.55131 15.03283 21.57067 15.01777 21.58846 15.00087 21.60452 14.98232 21.61867 14.96228 21.63079 14.94095 21.64077 14.91854 23.23371 10.80628 23.24144 10.783 23.24685 10.75907 23.24989 10.73472 23.25052 10.7102 23.24875 10.68573 23.24459 10.66155 23.23808 10.63789 23.22929 10.61499 23.21829 10.59306 23.20519 10.57232 23.19012 10.55295 23.17323 10.53516 23.15468 10.51911 23.13464 10.50496 23.11331 10.49283 23.09089 10.48286 18.97864 8.88991 18.95536 8.88218 18.93143 8.87678 18.90708 8.87374 18.88256 8.8731 18.85809 8.87487 18.83391 8.87903 18.81025 8.88554 18.78735 8.89434 18.76542 8.90534 18.74467 8.91844 18.72531 8.9335 18.70752 8.95039 18.69147 8.96895 18.67731 8.98899 18.66519 9.01032 18.65522 9.03273 18.64749 9.05602 18.64208 9.07995 18.63904 9.10429 18.63841 9.12882 18.64018 9.15329 18.64434 9.17747 18.65085 9.20112 18.65964 9.22402 18.67064 9.24595 18.68374 9.2667 18.69881 9.28606 18.7157 9.30385 18.73425 9.3199 18.75429 9.33406 18.77562 9.34618 18.79804 9.35616 

102
45.0735 12.76664 46.07637 11.3816 46.08977 11.36105 46.10108 11.33928 46.11021 11.31651 46.11707 11.29295 46.12158 11.26883 46.1237 11.24439 46.12342 11.21986 46.12074 11.19547 46.11568 11.17147 46.10829 11.14807 46.09864 11.12551 46.08683 11.10401 46.07297 11.08377 46.05719 11.06498 46.03964 11.04784 46.0205 11.03249 45.99994 11.01909 45.97818 11.00778 45.9554 10.99865 45.93185 10.99179 45.90773 10.98728 45.88329 10.98516 45.85876 10.98544 45.83437 10.98812 45.81037 10.99318 45.78697 11.00057 45.76441 11.01022 45.74291 11.02203 45.72267 11.03589 45.70388 11.05167 45.68673 11.06922 45.67139 11.08836 44.66852 12.47341 43.28347 11.47053 43.26292 11.45714 43.24115 11.44582 43.21838 11.43669 43.19482 11.42984 43.1707 11.42533 43.14626 11.4232 43.12173 11.42348 43.09734 11.42617 43.07334 11.43123 43.04994 11.43862 43.02739 11.44826 43.00588 11.46008 42.98564 11.47394 42.96686 11.48972 42.94971 11.50726 42.93436 11.52641 42.92096 11.54696 42.90965 11.56873 42.90052 11.5915 42.89367 11.61506 42.88916 11.63917 42.88703 11.66361 42.88731 11.68815 42.88999 11.71253 42.89506 11.73654 42.90245 11.75993 42.91209 11.78249 42.9239 11.80399 42.93777 11.82424 42.95355 11.84302 42.97109 11.86017 42.99023 11.87552 44.57777 13.02501 46.1653 14.1745 46.18586 14.1879 46.20763 14.19921 46.2304 14.20834 46.25396 14.21519 46.27807 14.21971 46.30251 14.22183 46.32704 14.22155 46.35143 14.21887 46.37544 14.21381 46.39883 14.20642 46.42139 14.19677 46.44289 14.18496 46.46313 14.17109 46.48192 14.15531 46.49907 14.13777 46.51442 14.11863 46.52781 14.09807 46.53913 14.07631 46.54826 14.05353 46.55511 14.02998 46.55962 14.00586 46.56175 13.98142 46.56147 13.95689 46.55878 13.9325 46.55372 13.90849 46.54633 13.8851 46.53668 13.86254 46.52487 13.84104 46.51101 13.8208 46.49523 13.80201 46.47768 13.78486 46.45854 13.76952 

102
7.66808 7.99577 7.89779 6.37962 7.90004 6.35519 7.89989 6.33066 7.89734 6.30626 7.89241 6.28223 7.88515 6.25879 7.87562 6.23619 7.86392 6.21462 7.85017 6.1943 7.83449 6.17543 7.81704 6.15819 7.79798 6.14274 7.7775 6.12924 7.75579 6.1178 7.73307 6.10855 7.70955 6.10157 7.68546 6.09693 7.66103 6.09468 7.63649 6.09482 7.61209 6.09738 7.58806 6.10231 7.56462 6.10957 7.54202 6.1191 7.52045 6.1308 7.50013 6.14455 7.48126 6.16023 7.46402 6.17768 7.44857 6.19674 7.43507 6.21722 7.42363 6.23893 7.41438 6.26165 7.4074 6.28517 7.40276 6.30926 7.17305 7.9254 5.55691 7.69569 5.53248 7.69344 5.50795 7.69359 5.48355 7.69614 5.45951 7.70107 5.43608 7.70834 5.41347 7.71786 5.39191 7.72956 5.37159 7.74331 5.35272 7.75899 5.33548 7.77644 5.32003 7.7955 5.30652 7.81598 5.29509 7.83769 5.28584 7.86041 5.27886 7.88393 5.27422 7.90803 5.27196 7.93246 5.27211 7.95699 5.27466 7.98139 5.2796 8.00542 5.28686 8.02886 5.29639 8.05146 5.30808 8.07303 5.32184 8.09335 5.33752 8.11222 5.35497 8.12946 5.37403 8.14491 5.39451 8.15841 5.41622 8.16985 5.43894 8.1791 5.46246 8.18608 5.48655 8.19072 7.3502 8.45561 9.21386 8.7205 9.23829 8.72276 9.26282 8.72261 9.28722 8.72006 9.31125 8.71512 9.33469 8.70786 9.3573 8.69833 9.37886 8.68664 9.39918 8.67288 9.41805 8.6572 9.43529 8.63975 9.45074 8.62069 9.46424 8.60021 9.47568 8.5785 9.48493 8.55578 9.49191 8.53226 9.49655 8.50817 9.4988 8.48374 9.49866 8.45921 9.4961 8.43481 9.49117 8.41077 9.48391 8.38734 9.47438 8.36473 9.46268 8.34316 9.44893 8.32285 9.43325 8.30398 9.4158 8.28673 9.39674 8.27129 9.37626 8.25778 9.35455 8.24635 9.33183 8.2371 9.30831 8.23012 9.28422 8.22548 

