45.0 5.0
46.1 5.4
46.9 6.1
47.4 7.2
47.6 8.4
47.5 9.7
47.5 11.0
47.2 12.0
46.2 12.4
45.0 12.5
44.0 12.7
43.4 13.6
43.4 14.7
43.8 15.8
44.6 16.8
45.1 17.9
45.1 19.1
44.8 20.3
44.2 21.4
43.1 22.3
42.0 22.6
40.9 23.5
40.3 24.6
39.8 25.8
39.5 27.1
39.3 28.3
38.7 29.4
37.8 30.2
36.6 30.6
35.5 30.3
34.4 29.8
33.5 30.7
33.5 31.9
33.8 33.1
34.4 34.4
34.8 35.4
34.8 36.5
34.3 37.7
33.6 38.7
32.7 39.5
31.6 39.9
30.3 40.1
29.0 40.3
27.8 40.7
26.7 41.0
25.4 41.2
24.1 41.2
22.9 41.2
21.6 41.2
20.3 41.0
19.1 40.5
18.1 39.9
