45.0 5.0
46.1 5.6
46.6 6.6
47.0 7.8
47.4 9.0
47.9 10.2
48.4 11.4
48.6 12.6
48.6 13.9
48.5 14.9
47.8 15.9
47.1 16.8
46.9 18.0
46.8 19.0
45.6 19.7
44.4 19.9
43.2 19.8
42.0 19.5
40.8 19.3
39.5 19.4
38.3 19.8
37.1 20.2
35.9 20.7
34.9 21.3
34.0 22.1
33.3 23.2
32.5 23.9
31.2 23.8
30.7 22.9
30.8 21.8
30.4 20.7
29.6 19.7
28.9 18.7
28.0 17.7
27.1 16.8
26.3 15.8
25.2 15.2
24.0 15.3
22.8 15.6
21.6 16.2
20.5 16.8
19.4 17.6
18.3 18.3
17.2 19.0
16.5 19.9
16.0 21.0
15.7 22.3
15.6 23.6
15.6 24.9
15.7 26.2
15.8 27.6
16.0 28.9
16.1 30.2
16.3 31.5
16.5 32.8
16.7 34.1
16.8 35.4
16.9 36.7
17.1 37.9
