23
4
22.7391 37.03102 22.84539 40.02913 25.8435 39.92284 25.73722 36.92473 

4
19.43647 35.74746 19.69085 32.75826 16.70165 32.50389 16.44728 35.49308 

4
41.50191 26.30348 44.35415 27.23337 45.28404 24.38113 42.43179 23.45124 

4
33.24301 30.1083 36.00795 31.27239 37.17204 28.50744 34.40709 27.34336 

4
26.66316 13.45778 24.94411 10.99914 22.48548 12.71819 24.20452 15.17682 

3
41.74331 32.223 38.69423 37.05588 44.39339 37.47195 

3
48.82662 17.58692 44.38161 14.36814 43.63328 19.80492 

3
34.3976 11.2634 29.23948 12.78648 33.01072 16.62101 

8
17.21026 24.09492 15.49922 22.47563 13.14432 22.5405 11.52502 24.25154 11.5899 26.60645 13.30094 28.22574 15.65584 28.16086 17.27513 26.44982 

8
16.64432 15.7815 16.03441 13.73624 14.15692 12.72131 12.11166 13.33122 11.09673 15.20871 11.70664 17.25397 13.58413 18.2689 15.62939 17.65899 

8
36.28396 23.77711 36.43187 22.03789 35.30665 20.70348 33.56744 20.55556 32.23303 21.68078 32.08511 23.42 33.21033 24.75441 34.94955 24.90232 

136
26.39114 22.35389 24.66174 22.62163 24.39399 20.89224 24.38906 20.8682 24.38179 20.84477 24.37225 20.82217 24.36055 20.8006 24.34679 20.78029 24.33111 20.76142 24.31365 20.74419 24.29459 20.72874 24.2741 20.71524 24.25239 20.70381 24.22967 20.69457 24.20614 20.6876 24.18205 20.68296 24.15762 20.68071 24.13309 20.68087 24.10869 20.68343 24.08466 20.68837 24.06122 20.69564 24.03862 20.70517 24.01706 20.71687 23.99674 20.73063 23.97788 20.74631 23.96064 20.76377 23.9452 20.78284 23.9317 20.80332 23.92027 20.82503 23.91102 20.84776 23.90405 20.87128 23.89942 20.89537 23.89717 20.9198 23.89732 20.94433 23.89988 20.96873 24.16762 22.69813 22.43823 22.96587 22.4142 22.97081 22.39076 22.97808 22.36816 22.98762 22.3466 22.99932 22.32628 23.01308 22.30742 23.02876 22.29018 23.04622 22.27474 23.06528 22.26124 23.08577 22.24981 23.10748 22.24056 23.1302 22.23359 23.15372 22.22896 23.17782 22.22671 23.20225 22.22686 23.22678 22.22942 23.25118 22.23436 23.27521 22.24163 23.29864 22.25116 23.32125 22.26286 23.34281 22.27662 23.36313 22.29231 23.38199 22.30977 23.39923 22.32883 23.41467 22.34931 23.42817 22.37102 23.4396 22.39375 23.44885 22.41727 23.45582 22.44136 23.46045 22.46579 23.4627 22.49033 23.46255 22.51473 23.45999 24.24412 23.19224 24.51187 24.92164 24.51681 24.94567 24.52408 24.9691 24.53361 24.99171 24.54531 25.01327 24.55907 25.03359 24.57475 25.05245 24.59221 25.06969 24.61127 25.08513 24.63176 25.09863 24.65347 25.11006 24.6762 25.11931 24.69972 25.12628 24.72381 25.13091 24.74824 25.13316 24.77277 25.13301 24.79717 25.13045 24.8212 25.12551 24.84464 25.11824 24.86724 25.10871 24.88881 25.097 24.90912 25.08325 24.92798 25.06756 24.94522 25.0501 24.96067 25.03104 24.97417 25.01056 24.98559 24.98885 24.99484 24.96612 25.00181 24.9426 25.00645 24.91851 25.0087 24.89408 25.00854 24.86954 25.00598 24.84514 24.73824 23.11575 26.46763 22.848 26.49167 22.84306 26.5151 22.83579 26.5377 22.82626 26.55927 22.81456 26.57958 22.8008 26.59844 22.78511 26.61568 22.76766 26.63113 22.74859 26.64463 22.72811 26.65605 22.7064 26.6653 22.68367 26.67227 22.66015 26.67691 22.63606 26.67916 22.61163 26.679 22.5871 26.67644 22.5627 26.6715 22.53866 26.66423 22.51523 26.6547 22.49263 26.643 22.47106 26.62924 22.45075 26.61355 22.43188 26.5961 22.41465 26.57703 22.3992 26.55655 22.3857 26.53484 22.37427 26.51211 22.36503 26.48859 22.35806 26.4645 22.35342 26.44007 22.35117 26.41554 22.35133 

136
36.07264 38.72484 34.58373 39.48294 33.82562 37.99403 33.81343 37.97274 33.79921 37.95275 33.7831 37.93425 33.76526 37.91741 33.74585 37.90241 33.72506 37.88938 33.70309 37.87845 33.68016 37.86972 33.65649 37.86329 33.6323 37.85921 33.60782 37.85752 33.5833 37.85823 33.55896 37.86135 33.53505 37.86683 33.51179 37.87464 33.48941 37.88468 33.46812 37.89687 33.44812 37.91109 33.42962 37.9272 33.41279 37.94505 33.39778 37.96446 33.38475 37.98525 33.37382 38.00721 33.3651 38.03014 33.35866 38.05382 33.35458 38.07801 33.35289 38.10249 33.35361 38.12701 33.35672 38.15134 33.36221 38.17526 33.37001 38.19852 33.38006 38.2209 34.13816 39.70981 32.64925 40.46791 32.62796 40.4801 32.60796 40.49432 32.58946 40.51043 32.57263 40.52828 32.55762 40.54769 32.54459 40.56848 32.53366 40.59044 32.52494 40.61337 32.51851 40.63705 32.51442 40.66124 32.51273 40.68572 32.51345 40.71024 32.51656 40.73457 32.52205 40.75849 32.52985 40.78175 32.5399 40.80413 32.55209 40.82542 32.56631 40.84541 32.58242 40.86392 32.60027 40.88075 32.61968 40.89576 32.64046 40.90879 32.66243 40.91971 32.68536 40.92844 32.70904 40.93487 32.73323 40.93895 32.7577 40.94065 32.78223 40.93993 32.80656 40.93682 32.83047 40.93133 32.85373 40.92353 32.87612 40.91348 34.36503 40.15538 35.12313 41.64429 35.13532 41.66558 35.14954 41.68557 35.16565 41.70407 35.1835 41.72091 35.20291 41.73591 35.22369 41.74894 35.24566 41.75987 35.26859 41.7686 35.29227 41.77503 35.31646 41.77911 35.34093 41.78081 35.36546 41.78009 35.38979 41.77697 35.4137 41.77149 35.43696 41.76368 35.45935 41.75364 35.48064 41.74145 35.50063 41.72723 35.51913 41.71112 35.53597 41.69327 35.55097 41.67386 35.564 41.65307 35.57493 41.63111 35.58365 41.60818 35.59009 41.5845 35.59417 41.56031 35.59586 41.53583 35.59515 41.51131 35.59203 41.48698 35.58655 41.46306 35.57874 41.4398 35.5687 41.41742 34.81059 39.92851 36.2995 39.17041 36.3208 39.15822 36.34079 39.144 36.35929 39.12789 36.37613 39.11004 36.39113 39.09063 36.40416 39.06984 36.41509 39.04788 36.42381 39.02495 36.43025 39.00127 36.43433 38.97708 36.43602 38.9526 36.43531 38.92808 36.43219 38.90375 36.4267 38.87983 36.4189 38.85657 36.40886 38.83419 36.39666 38.8129 36.38244 38.79291 36.36633 38.7744 36.34849 38.75757 36.32908 38.74256 36.30829 38.72954 36.28632 38.71861 36.26339 38.70988 36.23972 38.70345 36.21553 38.69937 36.19105 38.69767 36.16653 38.69839 36.14219 38.70151 36.11828 38.70699 36.09502 38.71479 

84
2.02239 44.59541 4.8947 41.46295 4.91037 41.44407 4.92412 41.42375 4.93581 41.40218 4.94533 41.37957 4.95259 41.35613 4.95751 41.3321 4.96006 41.3077 4.9602 41.28317 4.95794 41.25874 4.95329 41.23465 4.94631 41.21113 4.93705 41.18841 4.92561 41.1667 4.9121 41.14623 4.89664 41.12717 4.8794 41.10972 4.86052 41.09405 4.8402 41.0803 4.81863 41.06861 4.79602 41.05909 4.77258 41.05183 4.74855 41.04691 4.72415 41.04436 4.69962 41.04422 4.67519 41.04648 4.6511 41.05113 4.62758 41.05812 4.60486 41.06737 4.58315 41.07881 4.56268 41.09233 4.54362 41.10778 4.52617 41.12503 1.48491 44.44176 1.46923 44.46063 1.45549 44.48095 1.4438 44.50252 1.43428 44.52513 1.42702 44.54857 1.42209 44.5726 1.41955 44.597 1.4194 44.62154 1.42167 44.64597 1.42631 44.67006 1.4333 44.69357 1.44256 44.7163 1.454 44.738 1.46751 44.75848 1.48296 44.77753 1.50021 44.79498 4.81694 47.83625 4.83582 47.85192 4.85614 47.86567 4.87771 47.87736 4.90032 47.88688 4.92375 47.89413 4.94779 47.89906 4.97219 47.90161 4.99672 47.90175 5.02115 47.89949 5.04524 47.89484 5.06876 47.88785 5.09148 47.8786 5.11318 47.86716 5.13366 47.85364 5.15272 47.83819 5.17016 47.82094 5.18584 47.80207 5.19959 47.78175 5.21128 47.76018 5.2208 47.73757 5.22805 47.71413 5.23298 47.6901 5.23552 47.66569 5.23567 47.64116 5.2334 47.61673 5.22876 47.59264 5.22177 47.56912 5.21251 47.5464 5.20107 47.5247 5.18756 47.50422 5.17211 47.48517 5.15486 47.46772 

84
26.30331 45.97073 23.41554 42.97634 23.39767 42.95954 23.37823 42.94457 23.35742 42.93158 23.33543 42.92069 23.31249 42.91201 23.2888 42.90562 23.2646 42.90158 23.24012 42.89993 23.2156 42.90069 23.19127 42.90385 23.16737 42.90938 23.14412 42.91722 23.12176 42.92731 23.10049 42.93954 23.08052 42.95379 23.06205 42.96994 23.04524 42.98781 23.03028 43.00725 23.01728 43.02806 23.00639 43.05005 22.99771 43.07299 22.99132 43.09668 22.98728 43.12088 22.98563 43.14536 22.98639 43.16988 22.98955 43.19421 22.99508 43.21811 23.00293 43.24136 23.01301 43.26372 23.02524 43.28499 23.0395 43.30496 23.05564 43.32343 26.11696 46.49777 26.13483 46.51458 26.15427 46.52955 26.17508 46.54254 26.19707 46.55343 26.22001 46.56211 26.2437 46.5685 26.2679 46.57254 26.29238 46.57419 26.3169 46.57343 26.34123 46.57027 26.36513 46.56474 26.38838 46.5569 26.41074 46.54681 26.43201 46.53458 26.45198 46.52032 26.47045 46.50418 29.64479 43.44286 29.6616 43.42499 29.67657 43.40555 29.68956 43.38474 29.70045 43.36275 29.70913 43.33981 29.71552 43.31612 29.71956 43.29192 29.72121 43.26744 29.72045 43.24292 29.71729 43.21859 29.71176 43.19469 29.70391 43.17144 29.69383 43.14908 29.6816 43.12781 29.66734 43.10784 29.6512 43.08937 29.63332 43.07257 29.61389 43.0576 29.59307 43.0446 29.57109 43.03372 29.54814 43.02503 29.52446 43.01864 29.50026 43.0146 29.47578 43.01295 29.45126 43.01371 29.42693 43.01687 29.40303 43.0224 29.37978 43.03025 29.35741 43.04033 29.33615 43.05256 29.31618 43.06682 29.2977 43.08296 

84
25.62547 28.39078 22.22028 26.15823 22.19913 26.1458 22.17686 26.13551 22.15369 26.12745 22.12984 26.12169 22.10554 26.1183 22.08103 26.11731 22.05653 26.11873 22.0323 26.12254 22.00855 26.12871 21.98553 26.13718 21.96344 26.14786 21.94251 26.16066 21.92293 26.17544 21.9049 26.19208 21.88858 26.2104 21.87414 26.23023 21.86171 26.25138 21.85141 26.27365 21.84335 26.29682 21.8376 26.32067 21.83421 26.34497 21.83322 26.36949 21.83464 26.39398 21.83845 26.41821 21.84462 26.44196 21.85308 26.46499 21.86377 26.48707 21.87656 26.50801 21.89135 26.52758 21.90798 26.54562 21.9263 26.56193 21.94614 26.57638 25.56039 28.94599 25.58155 28.95842 25.60382 28.96872 25.62699 28.97678 25.65084 28.98254 25.67513 28.98592 25.69965 28.98691 25.72414 28.9855 25.74838 28.98168 25.77212 28.97552 25.79515 28.96705 25.81724 28.95637 25.83817 28.94357 25.85775 28.92878 25.87578 28.91215 25.8921 28.89383 25.90654 28.874 28.27616 25.25974 28.28859 25.23859 28.29888 25.21632 28.30695 25.19315 28.3127 25.1693 28.31609 25.145 28.31708 25.12048 28.31566 25.09599 28.31185 25.07175 28.30568 25.04801 28.29721 25.02498 28.28653 25.0029 28.27373 24.98196 28.25895 24.96239 28.24231 24.94435 28.22399 24.92804 28.20416 24.91359 28.18301 24.90116 28.16074 24.89087 28.13757 24.88281 28.11372 24.87705 28.08942 24.87366 28.0649 24.87267 28.04041 24.87409 28.01618 24.8779 27.99243 24.88407 27.9694 24.89254 27.94732 24.90322 27.92638 24.91602 27.90681 24.9308 27.88877 24.94744 27.87246 24.96576 27.85801 24.98559 

3
31.31717 48.26525 36.70902 46.37277 32.50184 42.50583 

8
36.02085 4.98989 34.76106 3.9479 33.13345 4.1019 32.09146 5.3617 32.24546 6.98931 33.50526 8.0313 35.13287 7.87729 36.17486 6.6175 

8
6.21424 25.83404 7.39145 24.50069 7.28104 22.72545 5.94769 21.54825 4.17245 21.65866 2.99525 22.99201 3.10566 24.76724 4.43901 25.94445 

136
24.24865 32.03658 25.8001 32.65672 25.17996 34.20817 25.17198 34.23137 25.16632 34.25524 25.16302 34.27955 25.16212 34.30407 25.16363 34.32856 25.16753 34.35278 25.17379 34.3765 25.18234 34.39949 25.1931 34.42154 25.20598 34.44243 25.22083 34.46195 25.23753 34.47992 25.25592 34.49617 25.2758 34.51054 25.297 34.52289 25.31931 34.5331 25.34251 34.54108 25.36638 34.54674 25.39069 34.55004 25.41521 34.55094 25.4397 34.54943 25.46392 34.54553 25.48764 34.53927 25.51063 34.53072 25.53268 34.51996 25.55357 34.50708 25.57309 34.49222 25.59106 34.47552 25.60731 34.45714 25.62168 34.43726 25.63403 34.41606 25.64424 34.39375 26.26438 32.8423 27.81583 33.46244 27.83903 33.47042 27.8629 33.47608 27.88722 33.47938 27.91173 33.48028 27.93622 33.47877 27.96044 33.47487 27.98416 33.46861 28.00716 33.46006 28.02921 33.4493 28.05009 33.43642 28.06961 33.42157 28.08759 33.40487 28.10383 33.38648 28.1182 33.3666 28.13055 33.3454 28.14077 33.32309 28.14874 33.29989 28.15441 33.27602 28.15771 33.25171 28.1586 33.22719 28.1571 33.2027 28.15319 33.17848 28.14694 33.15476 28.13839 33.13176 28.12762 33.10972 28.11475 33.08883 28.09989 33.06931 28.08319 33.05134 28.06481 33.03509 28.04492 33.02072 28.02372 33.00837 28.00141 32.99816 26.44997 32.37802 27.07011 30.82657 27.07808 30.80337 27.08375 30.7795 27.08705 30.75518 27.08795 30.73067 27.08644 30.70618 27.08254 30.68196 27.07628 30.65824 27.06773 30.63524 27.05696 30.61319 27.04409 30.59231 27.02923 30.57279 27.01253 30.55481 26.99415 30.53857 26.97426 30.5242 26.95306 30.51185 26.93076 30.50163 26.90756 30.49366 26.88368 30.48799 26.85937 30.48469 26.83486 30.4838 26.81037 30.4853 26.78615 30.48921 26.76242 30.49546 26.73943 30.50401 26.71738 30.51478 26.6965 30.52765 26.67698 30.54251 26.659 30.55921 26.64276 30.57759 26.62839 30.59748 26.61604 30.61868 26.60582 30.64098 25.98568 32.19243 24.43423 31.57229 24.41103 31.56432 24.38716 31.55865 24.36285 31.55535 24.33833 31.55445 24.31384 31.55596 24.28962 31.55986 24.2659 31.56612 24.2429 31.57467 24.22086 31.58544 24.19997 31.59831 24.18045 31.61317 24.16248 31.62987 24.14623 31.64825 24.13186 31.66814 24.11951 31.68934 24.1093 31.71164 24.10132 31.73484 24.09566 31.75871 24.09236 31.78303 24.09146 31.80754 24.09297 31.83203 24.09687 31.85625 24.10313 31.87998 24.11168 31.90297 24.12244 31.92502 24.13532 31.9459 24.15018 31.96542 24.16688 31.9834 24.18526 31.99964 24.20514 32.01401 24.22634 32.02636 

84
19.63542 43.46657 18.14453 46.98106 18.13607 47.00409 18.12991 47.02783 18.1261 47.05207 18.12469 47.07656 18.12568 47.10108 18.12908 47.12538 18.13484 47.14922 18.1429 47.17239 18.15321 47.19466 18.16564 47.21581 18.18009 47.23564 18.19641 47.25396 18.21444 47.27059 18.23402 47.28537 18.25496 47.29816 18.27705 47.30884 18.30008 47.3173 18.32382 47.32346 18.34806 47.32727 18.37255 47.32868 18.39707 47.32769 18.42137 47.32429 18.44521 47.31853 18.46838 47.31047 18.49065 47.30016 18.5118 47.28773 18.53163 47.27328 18.54995 47.25696 18.56658 47.23893 18.58136 47.21935 18.59415 47.19841 18.60483 47.17632 20.19335 43.43168 20.20181 43.40865 20.20798 43.38491 20.21178 43.36067 20.21319 43.33618 20.2122 43.31166 20.2088 43.28737 20.20305 43.26352 20.19498 43.24035 20.18468 43.21808 20.17224 43.19693 20.1578 43.1771 20.14148 43.15878 20.12344 43.14215 20.10386 43.12737 20.08292 43.11458 20.06083 43.1039 16.3162 41.51538 16.29317 41.50692 16.26942 41.50076 16.24518 41.49695 16.22069 41.49554 16.19618 41.49653 16.17188 41.49993 16.14803 41.50569 16.12486 41.51375 16.10259 41.52405 16.08144 41.53649 16.06161 41.55093 16.0433 41.56726 16.02667 41.58529 16.01188 41.60487 15.99909 41.62581 15.98842 41.6479 15.97995 41.67093 15.97379 41.69467 15.96998 41.71891 15.96857 41.7434 15.96957 41.76792 15.97296 41.79221 15.97872 41.81606 15.98679 41.83923 15.99709 41.8615 16.00952 41.88265 16.02397 41.90248 16.04029 41.9208 16.05833 41.93743 16.07791 41.95221 16.09884 41.965 16.12093 41.97568 

102
42.07769 43.86157 42.91216 42.369 42.92307 42.34702 42.93177 42.32408 42.93818 42.3004 42.94223 42.2762 42.9439 42.25173 42.94316 42.2272 42.94002 42.20287 42.93451 42.17897 42.92668 42.15571 42.91662 42.13334 42.9044 42.11206 42.89016 42.09208 42.87404 42.0736 42.85617 42.05678 42.83675 42.0418 42.81594 42.02879 42.79397 42.01788 42.77103 42.00918 42.74735 42.00277 42.72315 41.99871 42.69868 41.99704 42.67415 41.99778 42.64982 42.00092 42.62591 42.00643 42.60266 42.01426 42.58029 42.02433 42.55901 42.03654 42.53903 42.05078 42.52055 42.06691 42.50373 42.08477 42.48874 42.1042 42.47573 42.125 41.64126 43.61757 40.1487 42.7831 40.12672 42.77219 40.10378 42.76349 40.0801 42.75708 40.0559 42.75302 40.03143 42.75135 40.0069 42.75209 39.98257 42.75523 39.95866 42.76074 39.93541 42.76857 39.91304 42.77864 39.89176 42.79085 39.87178 42.80509 39.8533 42.82122 39.83648 42.83908 39.82149 42.85851 39.80849 42.87931 39.79758 42.90129 39.78888 42.92423 39.78247 42.94791 39.77841 42.9721 39.77674 42.99658 39.77748 43.0211 39.78062 43.04543 39.78613 43.06934 39.79396 43.09259 39.80403 43.11497 39.81624 43.13624 39.83048 43.15622 39.84661 43.17471 39.86447 43.19153 39.8839 43.20651 39.9047 43.21952 41.61548 44.17599 43.32626 45.13246 43.34823 45.14337 43.37117 45.15207 43.39485 45.15848 43.41905 45.16254 43.44353 45.1642 43.46805 45.16346 43.49238 45.16032 43.51629 45.15481 43.53954 45.14699 43.56191 45.13692 43.58319 45.1247 43.60317 45.11047 43.62166 45.09434 43.63847 45.07647 43.65346 45.05705 43.66647 45.03625 43.67738 45.01427 43.68608 44.99133 43.69249 44.96765 43.69654 44.94345 43.69821 44.91898 43.69747 44.89445 43.69433 44.87012 43.68882 44.84621 43.68099 44.82296 43.67093 44.80059 43.65871 44.77931 43.64447 44.75933 43.62835 44.74085 43.61048 44.72403 43.59106 44.70904 43.57026 44.69604 

102
36.94869 11.16059 37.89363 9.87597 37.90718 9.85551 37.91866 9.83383 37.92796 9.81113 37.93499 9.78762 37.93969 9.76354 37.94199 9.73912 37.9419 9.71458 37.9394 9.69018 37.93452 9.66614 37.9273 9.64269 37.91782 9.62006 37.90617 9.59847 37.89246 9.57812 37.87683 9.55922 37.85941 9.54194 37.84038 9.52645 37.81993 9.5129 37.79825 9.50142 37.77555 9.49212 37.75204 9.48509 37.72796 9.4804 37.70354 9.47809 37.679 9.47818 37.6546 9.48068 37.63055 9.48556 37.6071 9.49278 37.58447 9.50226 37.56288 9.51391 37.54254 9.52762 37.52363 9.54325 37.50635 9.56067 37.49086 9.5797 36.54592 10.86432 35.26129 9.91937 35.24084 9.90582 35.21916 9.89434 35.19645 9.88504 35.17295 9.87801 35.14887 9.87332 35.12444 9.87101 35.09991 9.87111 35.0755 9.87361 35.05146 9.87849 35.02801 9.8857 35.00538 9.89518 34.98379 9.90683 34.96345 9.92054 34.94454 9.93618 34.92726 9.9536 34.91177 9.97262 34.89822 9.99307 34.88674 10.01476 34.87744 10.03746 34.87041 10.06096 34.86572 10.08504 34.86341 10.10947 34.86351 10.134 34.86601 10.15841 34.87089 10.18245 34.8781 10.2059 34.88758 10.22853 34.89923 10.25012 34.91294 10.27047 34.92858 10.28937 34.946 10.30665 34.96502 10.32214 36.45103 11.41522 37.93704 12.50831 37.95749 12.52186 37.97917 12.53334 38.00188 12.54264 38.02538 12.54967 38.04946 12.55436 38.07389 12.55667 38.09842 12.55657 38.12283 12.55407 38.14687 12.54919 38.17032 12.54198 38.19295 12.5325 38.21454 12.52085 38.23489 12.50714 38.25379 12.4915 38.27107 12.47408 38.28656 12.45506 38.30011 12.43461 38.31159 12.41292 38.32089 12.39022 38.32792 12.36672 38.33261 12.34264 38.33492 12.31821 38.33482 12.29368 38.33232 12.26927 38.32744 12.24523 38.32023 12.22178 38.31075 12.19915 38.2991 12.17756 38.28539 12.15721 38.26975 12.13831 38.25233 12.12103 38.23331 12.10554 

