29
4
13.85125 25.7702 13.32044 22.81753 10.36778 23.34834 10.89859 26.301 

4
12.62568 39.08797 14.37299 41.5266 16.81162 39.77929 15.0643 37.34066 

4
33.23257 40.24025 35.8479 41.70995 37.31761 39.09462 34.70227 37.62492 

4
26.86564 26.92407 29.58214 25.65102 28.3091 22.93453 25.5926 24.20757 

4
6.9778 20.95712 5.89073 18.22547 3.15909 19.31254 4.24615 22.04418 

3
36.30327 9.38132 39.41092 4.58589 33.71724 4.10052 

3
49.64065 25.19713 44.41362 23.18747 45.10017 28.74528 

3
34.85269 13.01173 31.97919 17.81834 37.57255 18.09185 

3
16.96737 16.13173 17.1106 10.53352 12.1036 13.04159 

3
23.20683 37.48575 28.66716 36.9349 25.61156 32.37619 

102
47.13725 19.92115 49.69607 17.1798 49.71191 17.16106 49.72583 17.14087 49.73772 17.1194 49.74744 17.09688 49.7549 17.07351 49.76004 17.04952 49.7628 17.02514 49.76316 17.00061 49.76112 16.97616 49.75668 16.95203 49.74991 16.92845 49.74085 16.90565 49.7296 16.88384 49.71627 16.86325 49.70099 16.84406 49.6839 16.82646 46.75979 14.09706 46.74106 14.08122 46.72086 14.06729 46.6994 14.05541 46.67687 14.04569 46.6535 14.03822 46.62951 14.03308 46.60513 14.03032 46.5806 14.02996 46.55615 14.03201 46.53202 14.03644 46.50844 14.04322 46.48564 14.05227 46.46384 14.06352 46.44324 14.07685 46.42405 14.09213 46.40645 14.10923 46.39061 14.12796 46.37668 14.14816 46.3648 14.16962 46.35508 14.19215 46.34762 14.21552 46.34248 14.23951 46.33971 14.26389 46.33935 14.28842 46.3414 14.31287 46.34583 14.337 46.35261 14.36058 46.36167 14.38338 46.37291 14.40518 46.38624 14.42578 46.40153 14.44497 46.41862 14.46257 49.15997 17.02138 46.60115 19.76273 46.58531 19.78146 46.57139 19.80166 46.5595 19.82312 46.54978 19.84565 46.54232 19.86902 46.53718 19.89301 46.53442 19.91739 46.53406 19.94192 46.53611 19.96637 46.54054 19.9905 46.54732 20.01408 46.55637 20.03688 46.56762 20.05868 46.58095 20.07928 46.59623 20.09847 46.61332 20.11607 49.53743 22.84547 49.55616 22.86131 49.57636 22.87524 49.59782 22.88712 49.62035 22.89684 49.64372 22.90431 49.66771 22.90944 49.69209 22.91221 49.71662 22.91257 49.74107 22.91052 49.7652 22.90609 49.78878 22.89931 49.81158 22.89025 49.83338 22.87901 49.85398 22.86568 49.87317 22.85039 49.89077 22.8333 49.90661 22.81457 49.92054 22.79437 49.93242 22.77291 49.94214 22.75038 49.9496 22.72701 49.95474 22.70302 49.95751 22.67864 49.95787 22.65411 49.95582 22.62966 49.95139 22.60553 49.94461 22.58195 49.93555 22.55915 49.92431 22.53735 49.91098 22.51675 49.89569 22.49756 49.8786 22.47996 

102
24.60711 10.16848 22.22828 12.96314 22.21332 12.98258 22.20033 13.00339 22.18944 13.02537 22.18076 13.04832 22.17437 13.07201 22.17034 13.09621 22.16869 13.12069 22.16946 13.14521 22.17262 13.16954 22.17815 13.19344 22.186 13.21669 22.19609 13.23905 22.20832 13.26032 22.22258 13.28028 22.23873 13.29875 22.25661 13.31555 25.24163 15.85642 25.26107 15.87139 25.28189 15.88438 25.30387 15.89526 25.32682 15.90394 25.35051 15.91033 25.37471 15.91437 25.39919 15.91601 25.42371 15.91525 25.44804 15.91208 25.47194 15.90655 25.49518 15.8987 25.51755 15.88861 25.53881 15.87638 25.55878 15.86212 25.57725 15.84598 25.59405 15.8281 25.60902 15.80866 25.62201 15.78784 25.63289 15.76586 25.64157 15.74291 25.64796 15.71922 25.652 15.69502 25.65364 15.67054 25.65288 15.64602 25.64971 15.62169 25.64418 15.59779 25.63633 15.57455 25.62624 15.55218 25.61401 15.53092 25.59975 15.51095 25.5836 15.49248 25.56573 15.47568 22.77107 13.09685 25.1499 10.3022 25.16486 10.28276 25.17785 10.26195 25.18874 10.23996 25.19742 10.21701 25.20381 10.19333 25.20784 10.16913 25.20948 10.14465 25.20872 10.12013 25.20556 10.0958 25.20003 10.07189 25.19218 10.04865 25.18209 10.02629 25.16985 10.00502 25.1556 9.98506 25.13945 9.96658 25.12157 9.94978 22.13655 7.40891 22.11711 7.39395 22.09629 7.38096 22.07431 7.37007 22.05136 7.36139 22.02767 7.355 22.00347 7.35097 21.97899 7.34932 21.95447 7.35009 21.93014 7.35325 21.90624 7.35878 21.883 7.36663 21.86063 7.37672 21.83937 7.38895 21.8194 7.40321 21.80093 7.41936 21.78413 7.43724 21.76916 7.45668 21.75617 7.47749 21.74529 7.49948 21.73661 7.52243 21.73022 7.54611 21.72618 7.57031 21.72454 7.59479 21.7253 7.61931 21.72847 7.64364 21.734 7.66755 21.74185 7.69079 21.75194 7.71315 21.76417 7.73442 21.77843 7.75438 21.79458 7.77286 21.81245 7.78966 

102
19.80501 7.12552 17.40331 4.45504 17.38603 4.43763 17.36713 4.42199 17.34678 4.40828 17.32519 4.39663 17.30256 4.38716 17.27911 4.37995 17.25507 4.37507 17.23066 4.37257 17.20613 4.37247 17.1817 4.37478 17.15762 4.37948 17.13412 4.38651 17.11141 4.39581 17.08973 4.40729 17.06928 4.42084 17.05026 4.43633 14.1939 7.00521 14.17648 7.02249 14.16085 7.04139 14.14714 7.06174 14.13549 7.08333 14.12601 7.10596 14.1188 7.12941 14.11392 7.15346 14.11142 7.17786 14.11133 7.2024 14.11364 7.22682 14.11833 7.2509 14.12536 7.27441 14.13467 7.29711 14.14615 7.31879 14.1597 7.33924 14.17519 7.35827 14.19247 7.37568 14.21138 7.39132 14.23172 7.40503 14.25331 7.41667 14.27594 7.42615 14.29939 7.43336 14.32344 7.43824 14.34784 7.44074 14.37238 7.44083 14.3968 7.43852 14.42088 7.43383 14.44439 7.4268 14.46709 7.4175 14.48877 7.40602 14.50922 7.39246 14.52825 7.37697 17.19872 4.97528 19.60042 7.64575 19.6177 7.66317 19.63661 7.6788 19.65695 7.69251 19.67854 7.70416 19.70117 7.71364 19.72462 7.72085 19.74867 7.72573 19.77307 7.72823 19.79761 7.72832 19.82203 7.72601 19.84611 7.72132 19.86962 7.71429 19.89232 7.70498 19.914 7.6935 19.93445 7.67995 19.95348 7.66446 22.80984 5.09559 22.82725 5.07831 22.84289 5.0594 22.8566 5.03905 22.86825 5.01746 22.87772 4.99483 22.88493 4.97138 22.88981 4.94734 22.89231 4.92293 22.89241 4.8984 22.8901 4.87397 22.8854 4.84989 22.87837 4.82639 22.86907 4.80369 22.85759 4.78201 22.84404 4.76155 22.82855 4.74253 22.81126 4.72511 22.79236 4.70948 22.77201 4.69577 22.75042 4.68412 22.72779 4.67464 22.70434 4.66743 22.6803 4.66255 22.65589 4.66005 22.63136 4.65996 22.60693 4.66227 22.58285 4.66696 22.55935 4.67399 22.53665 4.6833 22.51496 4.69478 22.49451 4.70833 22.47549 4.72382 

136
31.98079 34.9719 33.52569 34.23884 34.25875 35.78375 34.27034 35.80537 34.284 35.82575 34.29958 35.8447 34.31695 35.86202 34.33594 35.87756 34.35635 35.89117 34.37801 35.90271 34.40068 35.91207 34.42417 35.91916 34.44824 35.92392 34.47266 35.92629 34.49719 35.92626 34.5216 35.92382 34.54566 35.91901 34.56913 35.91186 34.59178 35.90244 34.61341 35.89085 34.63379 35.87719 34.65273 35.8616 34.67006 35.84423 34.6856 35.82525 34.6992 35.80483 34.71074 35.78318 34.7201 35.7605 34.7272 35.73702 34.73195 35.71295 34.73433 35.68853 34.73429 35.664 34.73186 35.63958 34.72704 35.61553 34.71989 35.59206 34.71047 35.5694 33.97742 34.0245 35.52232 33.29144 35.54395 33.27985 35.56433 33.2662 35.58327 33.25061 35.6006 33.23324 35.61614 33.21425 35.62975 33.19384 35.64128 33.17219 35.65064 33.14951 35.65774 33.12602 35.66249 33.10195 35.66487 33.07754 35.66484 33.053 35.6624 33.02859 35.65758 33.00453 35.65043 32.98106 35.64102 32.95841 35.62942 32.93679 35.61577 32.9164 35.60018 32.89746 35.58281 32.88013 35.56383 32.86459 35.54341 32.85099 35.52176 32.83945 35.49908 32.83009 35.47559 32.823 35.45153 32.81824 35.42711 32.81587 35.40257 32.8159 35.37816 32.81833 35.3541 32.82315 35.33064 32.8303 35.30798 32.83972 33.76308 33.57277 33.03002 32.02787 33.01843 32.00625 33.00477 31.98586 32.98919 31.96692 32.97182 31.94959 32.95283 31.93405 32.93242 31.92045 32.91076 31.90891 32.88809 31.89955 32.8646 31.89246 32.84053 31.8877 32.81611 31.88533 32.79158 31.88536 32.76717 31.88779 32.74311 31.89261 32.71964 31.89976 32.69699 31.90918 32.67536 31.92077 32.65498 31.93442 32.63604 31.95001 32.61871 31.96738 32.60317 31.98637 32.58957 32.00678 32.57803 32.02843 32.56867 32.05111 32.56157 32.0746 32.55682 32.09867 32.55444 32.12309 32.55447 32.14762 32.55691 32.17203 32.56173 32.19609 32.56888 32.21956 32.57829 32.24221 33.31135 33.78712 31.76645 34.52017 31.74482 34.53176 31.72444 34.54542 31.7055 34.56101 31.68817 34.57838 31.67263 34.59736 31.65902 34.61778 31.64749 34.63943 31.63813 34.66211 31.63103 34.68559 31.62628 34.70966 31.6239 34.73408 31.62393 34.75861 31.62637 34.78303 31.63119 34.80708 31.63834 34.83055 31.64775 34.85321 31.65935 34.87483 31.673 34.89521 31.68859 34.91416 31.70596 34.93148 31.72494 34.94702 31.74536 34.96063 31.76701 34.97217 31.78969 34.98153 31.81318 34.98862 31.83724 34.99337 31.86166 34.99575 31.8862 34.99572 31.91061 34.99328 31.93467 34.98847 31.95813 34.98131 

136
45.40108 48.40401 44.94282 46.87653 46.4703 46.41827 46.49342 46.41008 46.51563 46.39966 46.53671 46.38711 46.55646 46.37255 46.57469 46.35613 46.59122 46.33801 46.6059 46.31835 46.61858 46.29734 46.62913 46.27519 46.63747 46.25212 46.6435 46.22834 46.64718 46.20408 46.64846 46.17958 46.64733 46.15507 46.6438 46.1308 46.63791 46.10698 46.62972 46.08385 46.6193 46.06164 46.60675 46.04056 46.59219 46.02081 46.57577 46.00258 46.55765 45.98605 46.53798 45.97138 46.51698 45.9587 46.49483 45.94814 46.47176 45.93981 46.44798 45.93377 46.42372 45.9301 46.39922 45.92882 46.37471 45.92995 46.35043 45.93347 46.32662 45.93936 44.79914 46.39762 44.34088 44.87014 44.33269 44.84702 44.32227 44.82481 44.30972 44.80373 44.29516 44.78398 44.27874 44.76575 44.26062 44.74922 44.24095 44.73454 44.21995 44.72186 44.1978 44.71131 44.17473 44.70297 44.15095 44.69694 44.12669 44.69326 44.10219 44.69198 44.07768 44.69311 44.0534 44.69664 44.02959 44.70253 44.00646 44.71072 43.98425 44.72114 43.96317 44.73369 43.94342 44.74825 43.92519 44.76467 43.90866 44.7828 43.89399 44.80246 43.88131 44.82346 43.87075 44.84561 43.86242 44.86868 43.85638 44.89246 43.85271 44.91672 43.85143 44.94122 43.85256 44.96573 43.85608 44.99001 43.86197 45.01382 44.32023 46.5413 42.79275 46.99956 42.76963 47.00775 42.74742 47.01817 42.72634 47.03072 42.70659 47.04528 42.68836 47.0617 42.67183 47.07982 42.65715 47.09949 42.64447 47.12049 42.63392 47.14264 42.62558 47.16571 42.61955 47.18949 42.61587 47.21375 42.61459 47.23825 42.61572 47.26276 42.61925 47.28704 42.62514 47.31085 42.63333 47.33398 42.64375 47.35619 42.6563 47.37727 42.67086 47.39702 42.68728 47.41525 42.7054 47.43178 42.72507 47.44646 42.74607 47.45913 42.76822 47.46969 42.79129 47.47803 42.81507 47.48406 42.83933 47.48773 42.86383 47.48901 42.88834 47.48788 42.91262 47.48436 42.93643 47.47847 44.46391 47.02021 44.92217 48.54769 44.93036 48.57081 44.94078 48.59302 44.95333 48.6141 44.96789 48.63385 44.98431 48.65208 45.00243 48.66861 45.0221 48.68329 45.0431 48.69597 45.06525 48.70652 45.08832 48.71486 45.1121 48.72089 45.13636 48.72457 45.16086 48.72585 45.18537 48.72472 45.20965 48.72119 45.23346 48.7153 45.25659 48.70711 45.2788 48.69669 45.29988 48.68414 45.31963 48.66958 45.33786 48.65316 45.35439 48.63504 45.36906 48.61538 45.38174 48.59437 45.3923 48.57222 45.40064 48.54915 45.40667 48.52537 45.41034 48.50111 45.41162 48.47661 45.41049 48.4521 45.40697 48.42782 

136
20.9729 25.75565 19.60697 25.00658 20.35604 23.64065 20.36677 23.61858 20.37528 23.59557 20.3815 23.57184 20.38536 23.54761 20.38682 23.52312 20.38588 23.49861 20.38254 23.4743 20.37684 23.45044 20.36882 23.42725 20.35857 23.40496 20.34619 23.38379 20.33178 23.36392 20.3155 23.34557 20.2975 23.3289 20.27796 23.31407 20.25705 23.30124 20.23498 23.29051 20.21197 23.282 20.18824 23.27578 20.16401 23.27192 20.13952 23.27045 20.11501 23.27139 20.0907 23.27473 20.06684 23.28044 20.04365 23.28845 20.02136 23.29871 20.00019 23.31109 19.98032 23.32549 19.96197 23.34177 19.9453 23.35977 19.93047 23.37932 19.91764 23.40023 19.16856 24.76616 17.80264 24.01708 17.78057 24.00636 17.75756 23.99784 17.73383 23.99163 17.7096 23.98777 17.68511 23.9863 17.66059 23.98724 17.63629 23.99058 17.61243 23.99628 17.58924 24.0043 17.56695 24.01455 17.54577 24.02694 17.52591 24.04134 17.50756 24.05762 17.49089 24.07562 17.47606 24.09517 17.46322 24.11607 17.4525 24.13814 17.44398 24.16115 17.43777 24.18488 17.43391 24.20911 17.43244 24.2336 17.43338 24.25812 17.43672 24.28242 17.44242 24.30628 17.45044 24.32947 17.46069 24.35176 17.47308 24.37294 17.48748 24.3928 17.50376 24.41115 17.52176 24.42782 17.54131 24.44265 17.56221 24.45549 18.92814 25.20456 18.17907 26.57049 18.16834 26.59255 18.15983 26.61556 18.15361 26.6393 18.14975 26.66352 18.14829 26.68801 18.14923 26.71253 18.15257 26.73684 18.15827 26.7607 18.16629 26.78388 18.17654 26.80617 18.18892 26.82735 18.20333 26.84721 18.21961 26.86557 18.23761 26.88224 18.25715 26.89706 18.27806 26.9099 18.30013 26.92063 18.32314 26.92914 18.34687 26.93536 18.3711 26.93922 18.39559 26.94068 18.4201 26.93974 18.44441 26.9364 18.46827 26.9307 18.49146 26.92268 18.51375 26.91243 18.53492 26.90005 18.55479 26.88564 18.57314 26.86936 18.58981 26.85136 18.60464 26.83182 18.61747 26.81091 19.36655 25.44498 20.73247 26.19405 20.75454 26.20478 20.77755 26.21329 20.80128 26.21951 20.82551 26.22337 20.85 26.22484 20.87452 26.2239 20.89882 26.22056 20.92268 26.21485 20.94587 26.20684 20.96816 26.19659 20.98934 26.1842 21.0092 26.1698 21.02755 26.15352 21.04422 26.13552 21.05905 26.11597 21.07189 26.09506 21.08261 26.073 21.09113 26.04999 21.09734 26.02625 21.1012 26.00203 21.10267 25.97754 21.10173 25.95302 21.09839 25.92872 21.09269 25.90485 21.08467 25.88167 21.07442 25.85938 21.06203 25.8382 21.04763 25.81834 21.03135 25.79998 21.01335 25.78331 20.9938 25.76849 

84
27.51953 45.89293 25.51678 42.34771 25.50368 42.32696 25.48861 42.30761 25.47172 42.28982 25.45316 42.27377 25.43312 42.25962 25.41178 42.2475 25.38937 42.23753 25.36608 42.22981 25.34215 42.2244 25.3178 42.22137 25.29328 42.22074 25.26881 42.22252 25.24463 42.22668 25.22098 42.2332 25.19808 42.242 25.17615 42.253 25.15541 42.2661 25.13605 42.28117 25.11826 42.29807 25.10221 42.31663 25.08806 42.33667 25.07594 42.358 25.06597 42.38042 25.05825 42.40371 25.05285 42.42764 25.04981 42.45198 25.04918 42.47651 25.05096 42.50098 25.05512 42.52516 25.06164 42.54881 25.07044 42.57171 25.08145 42.59364 27.20715 46.35652 27.22025 46.37727 27.23532 46.39663 27.25222 46.41442 27.27078 46.43046 27.29082 46.44461 27.31215 46.45673 27.33457 46.4667 27.35785 46.47442 27.38179 46.47983 27.40613 46.48286 27.43066 46.48349 27.45513 46.48172 27.4793 46.47755 27.50296 46.47104 27.52586 46.46223 27.54779 46.45123 31.31067 44.32552 31.33142 44.31242 31.35078 44.29735 31.36856 44.28045 31.38461 44.2619 31.39876 44.24185 31.41088 44.22052 31.42085 44.19811 31.42857 44.17482 31.43398 44.15089 31.43701 44.12654 31.43764 44.10202 31.43587 44.07755 31.4317 44.05337 31.42518 44.02972 31.41638 44.00682 31.40538 43.98489 31.39228 43.96415 31.37721 43.94479 31.36031 43.927 31.34175 43.91095 31.32171 43.8968 31.30038 43.88468 31.27796 43.87471 31.25468 43.86699 31.23074 43.86158 31.2064 43.85855 31.18187 43.85792 31.1574 43.8597 31.13323 43.86386 31.10957 43.87038 31.08667 43.87918 31.06474 43.89018 

84
17.99634 36.65343 15.17644 33.95839 15.15789 33.94233 15.13786 33.92816 15.11654 33.91603 15.09413 33.90604 15.07085 33.8983 15.04692 33.89288 15.02258 33.88983 14.99805 33.88918 14.97358 33.89094 14.9494 33.89509 14.92574 33.90159 14.90283 33.91037 14.8809 33.92136 14.86015 33.93445 14.84078 33.94951 14.82298 33.96639 14.80692 33.98494 14.79275 34.00497 14.78062 34.02629 14.77063 34.0487 14.76289 34.07198 14.75747 34.09591 14.75442 34.12025 14.75377 34.14478 14.75553 34.16925 14.75968 34.19343 14.76618 34.21709 14.77496 34.23999 14.78595 34.26193 14.79904 34.28268 14.81409 34.30205 14.83098 34.31985 17.83161 37.18763 17.85016 37.20369 17.87019 37.21785 17.89151 37.22999 17.91392 37.23997 17.9372 37.24771 17.96113 37.25313 17.98548 37.25618 18.01 37.25683 18.03447 37.25507 18.05865 37.25093 18.08231 37.24443 18.10522 37.23564 18.12715 37.22465 18.1479 37.21157 18.16727 37.19651 18.18507 37.17963 21.05285 34.17899 21.06891 34.16045 21.08308 34.14041 21.09521 34.11909 21.1052 34.09668 21.11294 34.0734 21.11836 34.04947 21.12141 34.02513 21.12206 34.0006 21.1203 33.97613 21.11615 33.95195 21.10965 33.92829 21.10086 33.90539 21.08988 33.88345 21.07679 33.8627 21.06173 33.84333 21.04485 33.82553 21.0263 33.80947 21.00627 33.7953 20.98495 33.78317 20.96254 33.77319 20.93926 33.76545 20.91533 33.76002 20.89099 33.75697 20.86646 33.75633 20.84199 33.75808 20.81781 33.76223 20.79415 33.76873 20.77125 33.77752 20.74931 33.78851 20.72856 33.80159 20.70919 33.81665 20.69139 33.83353 

4
31.00213 14.30826 28.51693 12.73747 26.94613 15.22266 29.43133 16.79346 

4
26.64698 20.22115 24.51054 18.20144 22.49083 20.33787 24.62726 22.35759 

4
34.42313 23.60146 36.1717 21.31152 33.88177 19.56295 32.13319 21.85288 

4
7.18438 9.44775 4.42779 8.6096 3.58964 11.3662 6.34624 12.20434 

4
11.79909 14.52524 9.89947 16.61426 11.9885 18.51388 13.88812 16.42486 

3
22.12722 31.29651 27.61465 31.37893 25.10505 26.4983 

84
5.00228 33.42303 2.01768 36.06411 2.00013 36.08125 1.98434 36.10002 1.97047 36.12026 1.95864 36.14176 1.94899 36.16431 1.94159 36.1877 1.93651 36.21171 1.93382 36.23609 1.93353 36.26062 1.93564 36.28507 1.94014 36.30918 1.94698 36.33274 1.9561 36.35552 1.96741 36.37729 1.98079 36.39785 1.99613 36.417 2.01327 36.43456 2.03205 36.45034 2.05229 36.46422 2.07378 36.47604 2.09634 36.4857 2.11973 36.4931 2.14373 36.49817 2.16812 36.50086 2.19265 36.50116 2.21709 36.49904 2.24121 36.49454 2.26477 36.4877 2.28755 36.47858 2.30932 36.46727 2.32988 36.45389 2.34903 36.43855 5.52085 33.6318 5.5384 33.61466 5.55419 33.59588 5.56806 33.57564 5.57988 33.55415 5.58954 33.53159 5.59694 33.5082 5.60201 33.4842 5.60471 33.45981 5.605 33.43528 5.60289 33.41084 5.59839 33.38672 5.59155 33.36316 5.58243 33.34038 5.57112 33.31861 5.55773 33.29805 5.5424 33.2789 2.73564 30.10708 2.7185 30.08953 2.69972 30.07374 2.67949 30.05987 2.65799 30.04805 2.63544 30.03839 2.61205 30.03099 2.58804 30.02591 2.56366 30.02322 2.53913 30.02293 2.51468 30.02504 2.49057 30.02954 2.467 30.03638 2.44423 30.0455 2.42246 30.05681 2.4019 30.07019 2.38275 30.08553 2.36519 30.10267 2.3494 30.12145 2.33553 30.14169 2.32371 30.16318 2.31405 30.18574 2.30665 30.20913 2.30158 30.23313 2.29889 30.25752 2.29859 30.28205 2.30071 30.30649 2.30521 30.33061 2.31205 30.35417 2.32117 30.37695 2.33247 30.39872 2.34586 30.41928 2.3612 30.43843 

102
22.12154 45.48349 23.86738 45.363 23.89175 45.36011 23.91571 45.35485 23.93904 45.34726 23.96152 45.33743 23.98292 45.32544 24.00305 45.3114 24.0217 45.29547 24.0387 45.27778 24.05389 45.25851 24.06711 45.23784 24.07824 45.21598 24.08718 45.19313 24.09384 45.16952 24.09814 45.14537 24.10006 45.12091 24.09958 45.09638 24.09669 45.07202 24.09143 45.04805 24.08384 45.02472 24.07401 45.00225 24.06201 44.98084 24.04798 44.96072 24.03205 44.94207 24.01436 44.92506 23.99509 44.90988 23.97442 44.89666 23.95256 44.88552 23.92971 44.87658 23.9061 44.86993 23.88195 44.86562 23.85749 44.8637 23.83296 44.86419 22.08711 44.98467 21.96662 43.23883 21.96373 43.21446 21.95847 43.1905 21.95089 43.16717 21.94105 43.14469 21.92906 43.12329 21.91503 43.10317 21.89909 43.08451 21.8814 43.06751 21.86213 43.05233 21.84147 43.0391 21.81961 43.02797 21.79676 43.01903 21.77314 43.01238 21.74899 43.00807 21.72453 43.00615 21.7 43.00663 21.67564 43.00952 21.65168 43.01478 21.62835 43.02237 21.60587 43.03221 21.58447 43.0442 21.56434 43.05823 21.54569 43.07417 21.52869 43.09185 21.5135 43.11112 21.50028 43.13179 21.48915 43.15365 21.48021 43.1765 21.47355 43.20011 21.46924 43.22427 21.46732 43.24872 21.46781 43.27325 21.60551 45.26851 21.74321 47.26376 21.7461 47.28812 21.75136 47.31209 21.75895 47.33542 21.76878 47.35789 21.78078 47.3793 21.79481 47.39942 21.81074 47.41808 21.82843 47.43508 21.8477 47.45026 21.86837 47.46348 21.89023 47.47462 21.91308 47.48356 21.93669 47.49021 21.96084 47.49452 21.9853 47.49644 22.00983 47.49595 22.03419 47.49307 22.05816 47.4878 22.08149 47.48022 22.10397 47.47038 22.12537 47.45839 22.14549 47.44436 22.16415 47.42842 22.18115 47.41073 22.19633 47.39146 22.20956 47.3708 22.22069 47.34894 22.22963 47.32609 22.23628 47.30248 22.24059 47.27832 22.24251 47.25386 22.24203 47.22934 

102
40.09147 25.30651 41.49156 24.39475 41.51144 24.38037 41.52981 24.36411 41.5465 24.34613 41.56135 24.3266 41.57421 24.30571 41.58496 24.28365 41.5935 24.26065 41.59974 24.23693 41.60363 24.2127 41.60512 24.18822 41.60421 24.1637 41.6009 24.13939 41.59522 24.11552 41.58722 24.09233 41.577 24.07003 41.56463 24.04883 41.55025 24.02896 41.53399 24.01059 41.51601 23.9939 41.49648 23.97905 41.47559 23.96619 41.45353 23.95544 41.43053 23.9469 41.40681 23.94066 41.38258 23.93677 41.35809 23.93528 41.33358 23.93619 41.30927 23.9395 41.2854 23.94518 41.26221 23.95317 41.2399 23.9634 41.21871 23.97576 39.81862 24.88752 38.90686 23.48743 38.89248 23.46755 38.87622 23.44918 38.85824 23.43249 38.8387 23.41764 38.81781 23.40478 38.79576 23.39403 38.77276 23.38549 38.74903 23.37925 38.72481 23.37536 38.70032 23.37387 38.6758 23.37478 38.65149 23.3781 38.62763 23.38378 38.60443 23.39177 38.58213 23.40199 38.56094 23.41436 38.54106 23.42874 38.52269 23.445 38.506 23.46298 38.49115 23.48251 38.47829 23.5034 38.46754 23.52546 38.459 23.54846 38.45276 23.57218 38.44888 23.59641 38.44738 23.6209 38.4483 23.64541 38.45161 23.66972 38.45729 23.69359 38.46528 23.71678 38.47551 23.73909 38.48787 23.76028 39.53605 25.36987 40.58424 26.97946 40.59862 26.99934 40.61488 27.01771 40.63286 27.0344 40.65239 27.04924 40.67328 27.06211 40.69534 27.07286 40.71834 27.08139 40.74206 27.08764 40.76629 27.09152 40.79078 27.09302 40.81529 27.0921 40.8396 27.08879 40.86347 27.08311 40.88666 27.07512 40.90897 27.06489 40.93016 27.05253 40.95003 27.03815 40.96841 27.02189 40.9851 27.00391 40.99994 26.98437 41.0128 26.96348 41.02355 26.94143 41.03209 26.91843 41.03833 26.8947 41.04222 26.87048 41.04371 26.84599 41.0428 26.82147 41.03949 26.79716 41.03381 26.7733 41.02582 26.7501 41.01559 26.7278 41.00323 26.70661 

102
15.22212 44.87115 14.93582 46.43998 14.93261 46.4643 14.93179 46.48882 14.93338 46.5133 14.93737 46.53751 14.9437 46.56121 14.95233 46.58418 14.96317 46.60619 14.97612 46.62703 14.99104 46.6465 15.0078 46.66441 15.02624 46.6806 15.04618 46.6949 15.06742 46.70718 15.08976 46.71732 15.11299 46.72521 15.13688 46.7308 15.1612 46.73401 15.18572 46.73483 15.2102 46.73324 15.23441 46.72925 15.25811 46.72291 15.28108 46.71428 15.30309 46.70344 15.32393 46.6905 15.3434 46.67557 15.36131 46.65881 15.3775 46.64038 15.3918 46.62044 15.40408 46.5992 15.41421 46.57686 15.42211 46.55363 15.4277 46.52974 15.714 44.96091 17.28282 45.24721 17.30715 45.25043 17.33167 45.25124 17.35615 45.24965 17.38036 45.24567 17.40406 45.23933 17.42702 45.2307 17.44903 45.21986 17.46987 45.20692 17.48934 45.19199 17.50726 45.17523 17.52345 45.15679 17.53775 45.13686 17.55002 45.11562 17.56016 45.09328 17.56806 45.07005 17.57364 45.04616 17.57686 45.02184 17.57767 44.99732 17.57608 44.97283 17.5721 44.94862 17.56576 44.92492 17.55713 44.90196 17.54629 44.87995 17.53335 44.85911 17.51842 44.83964 17.50166 44.82172 17.48322 44.80553 17.46329 44.79123 17.44205 44.77896 17.4197 44.76882 17.39648 44.76092 17.37259 44.75534 15.55782 44.42416 13.74306 44.09297 13.71874 44.08976 13.69421 44.08894 13.66973 44.09054 13.64552 44.09452 13.62182 44.10086 13.59886 44.10949 13.57685 44.12033 13.55601 44.13327 13.53654 44.1482 13.51862 44.16496 13.50243 44.1834 13.48813 44.20333 13.47586 44.22457 13.46572 44.24691 13.45782 44.27014 13.45224 44.29403 13.44902 44.31835 13.44821 44.34287 13.4498 44.36736 13.45378 44.39156 13.46012 44.41526 13.46875 44.43823 13.47959 44.46024 13.49253 44.48108 13.50746 44.50055 13.52422 44.51847 13.54266 44.53465 13.56259 44.54895 13.58383 44.56123 13.60618 44.57137 13.6294 44.57927 13.65329 44.58485 

102
34.93301 26.44543 35.74623 25.11669 35.758 25.09516 35.76759 25.07259 35.77493 25.04918 35.77994 25.02516 35.78257 25.00077 35.7828 24.97623 35.78062 24.9518 35.77606 24.92769 35.76915 24.90415 35.75997 24.8814 35.74861 24.85965 35.73517 24.83913 35.71978 24.82002 35.70259 24.80251 35.68377 24.78677 35.6635 24.77296 35.64197 24.76119 35.61939 24.75159 35.59598 24.74425 35.57197 24.73925 35.54757 24.73661 35.52304 24.73639 35.4986 24.73857 35.4745 24.74313 35.45096 24.75003 35.4282 24.75921 35.40646 24.77058 35.38594 24.78402 35.36683 24.79941 35.34932 24.81659 35.33358 24.83541 35.31976 24.85569 34.50654 26.18442 33.17781 25.3712 33.15628 25.35944 33.1337 25.34984 33.11029 25.3425 33.08627 25.33749 33.06188 25.33486 33.03735 25.33464 33.01291 25.33681 32.9888 25.34138 32.96526 25.34828 32.94251 25.35746 32.92076 25.36883 32.90024 25.38227 32.88113 25.39765 32.86362 25.41484 32.84789 25.43366 32.83407 25.45393 32.8223 25.47546 32.8127 25.49804 32.80537 25.52145 32.80036 25.54547 32.79773 25.56986 32.7975 25.59439 32.79968 25.61883 32.80424 25.64294 32.81115 25.66648 32.82032 25.68923 32.83169 25.71097 32.84513 25.7315 32.86052 25.75061 32.8777 25.76811 32.89652 25.78385 32.9168 25.79767 34.45877 26.74139 36.00074 27.68512 36.02227 27.69688 36.04485 27.70648 36.06826 27.71382 36.09228 27.71883 36.11667 27.72146 36.1412 27.72169 36.16564 27.71951 36.18974 27.71494 36.21329 27.70804 36.23604 27.69886 36.25778 27.6875 36.27831 27.67406 36.29741 27.65867 36.31492 27.64148 36.33066 27.62266 36.34448 27.60239 36.35624 27.58086 36.36584 27.55828 36.37318 27.53487 36.37819 27.51085 36.38082 27.48646 36.38105 27.46193 36.37887 27.43749 36.3743 27.41339 36.3674 27.38984 36.35822 27.36709 36.34686 27.34535 36.33342 27.32482 36.31803 27.30572 36.30084 27.28821 36.28202 27.27247 36.26175 27.25865 

