38.0 28.0
37.0 27.6
36.1 28.1
35.3 28.8
34.6 29.8
34.2 31.0
34.0 32.2
33.8 33.5
33.9 34.7
34.1 35.8
33.8 37.0
33.2 38.1
32.3 39.1
31.2 39.8
30.1 40.4
28.9 40.0
27.9 39.2
26.9 38.3
25.9 37.9
25.0 38.4
24.2 39.2
23.6 40.3
22.5 40.4
21.3 39.9
20.2 39.5
19.0 39.4
17.9 38.9
17.9 37.8
18.3 36.7
19.1 35.7
19.9 34.7
20.9 33.8
21.0 32.6
20.1 31.9
19.0 31.3
17.9 30.5
17.0 29.6
16.3 28.7
15.9 27.5
15.5 26.3
15.2 25.1
15.2 23.8
15.3 22.6
15.5 21.3
15.7 20.1
16.1 18.9
15.9 17.9
15.2 16.9
14.2 16.1
13.1 15.4
12.3 14.5
12.5 13.5
13.1 12.6
14.0 11.8
14.0 10.7
13.4 9.7
12.5 8.8
11.5 8.0
10.8 7.2
11.0 5.7
11.3 4.4
11.8 3.2
12.2 2.2
13.0 2.8
13.1 3.8
13.4 4.8
14.7 5.3
16.0 5.3
17.1 5.0
16.1 4.3
