3.0 25.0
2.9 24.0
3.2 22.8
3.6 21.5
4.1 20.3
4.7 19.2
5.3 18.0
5.9 17.2
7.2 17.3
8.2 18.0
8.8 18.9
8.6 20.2
8.0 21.1
7.3 22.0
7.9 22.8
8.9 23.4
10.2 23.8
11.4 23.9
12.5 24.3
13.2 25.5
14.0 26.1
15.0 25.8
16.0 25.0
16.8 24.1
17.6 23.0
18.4 21.9
19.2 21.0
20.2 20.3
21.3 19.6
22.3 19.2
23.6 19.2
24.9 19.3
26.1 19.4
27.4 19.4
28.7 19.5
29.9 19.6
31.3 19.6
32.6 19.6
33.8 19.5
35.1 19.8
36.0 20.4
36.9 21.3
37.6 22.4
38.2 23.4
39.1 24.1
40.0 25.0
40.3 26.1
40.5 27.4
40.9 28.7
41.4 29.9
42.0 31.1
42.5 32.2
42.8 33.3
43.8 33.9
45.0 33.9
