25.0 42.5
25.6 42.4
26.2 42.2
26.8 41.7
27.3 41.1
27.6 40.5
27.5 39.8
27.2 39.2
26.5 38.7
25.8 38.3
25.1 38.0
24.6 37.5
24.1 36.8
23.7 36.1
23.4 35.3
23.2 34.5
22.9 33.7
22.7 32.9
22.4 32.1
22.1 31.3
21.8 30.5
21.5 29.7
21.3 28.8
21.1 28.0
20.9 27.1
20.8 26.3
20.7 25.8
20.6 25.0
20.5 24.2
20.3 23.4
19.9 22.7
19.4 22.0
18.9 21.3
18.4 20.6
17.9 20.0
17.3 19.3
16.7 18.7
16.0 18.1
15.4 17.6
14.9 17.0
14.6 16.2
14.4 15.4
14.2 14.6
14.1 14.1
14.1 13.3
14.0 12.5
14.2 11.7
14.5 10.9
14.8 10.1
14.9 9.6
14.8 8.8
14.5 8.0
14.2 7.3
13.7 6.6
13.2 5.9
12.9 5.3
13.2 4.8
13.8 4.4
14.6 4.2
15.4 4.2
16.3 4.2
17.1 4.4
17.6 4.5
18.4 4.6
19.3 4.6
20.1 4.6
20.6 4.5
21.4 4.4
22.0 4.5
22.6 4.9
23.2 5.4
23.7 6.1
24.2 6.8
25.0 7.5
