25.0 42.5
24.5 42.3
24.0 42.1
23.4 41.7
23.0 41.2
22.5 41.5
21.9 41.8
21.1 41.9
20.3 41.9
19.4 41.7
18.6 41.5
17.8 41.2
17.0 40.8
16.3 40.4
15.8 40.0
15.6 39.5
15.6 38.8
15.5 37.9
15.4 37.1
15.1 36.3
14.8 35.5
14.7 35.0
14.3 34.3
13.9 33.5
13.6 32.7
13.9 32.1
14.5 31.6
15.2 31.3
16.0 31.1
16.8 31.2
17.7 31.3
18.5 31.6
19.3 31.9
20.1 32.2
20.8 32.1
21.2 31.6
21.4 31.0
21.7 30.3
22.2 29.9
22.9 29.7
23.7 29.7
24.5 29.9
25.3 30.2
26.2 30.5
26.9 30.9
27.7 31.2
28.4 31.2
29.1 30.9
29.7 30.4
30.3 29.8
30.9 29.2
31.5 28.5
32.1 28.0
32.8 27.7
33.5 27.4
34.0 27.0
34.4 26.3
34.6 25.5
34.7 24.7
34.7 23.8
34.7 22.9
34.5 22.4
33.9 21.9
33.1 21.6
32.6 21.2
32.3 20.7
32.1 19.9
32.1 19.1
32.2 18.3
32.5 17.5
32.8 16.7
33.0 16.0
32.4 15.7
31.7 15.6
30.8 15.8
30.0 16.0
29.3 16.4
28.4 16.4
27.8 16.1
27.3 15.5
27.2 14.8
27.2 14.0
27.5 13.2
27.6 12.5
27.5 11.8
27.1 11.1
26.7 10.4
26.4 10.0
25.7 9.4
25.1 8.8
24.4 8.3
25.0 7.5
