32.0 11.0
32.9 11.6
33.1 12.9
32.9 14.1
32.4 15.3
31.8 16.4
31.6 17.4
31.8 18.6
32.2 19.8
32.8 20.9
33.5 22.1
34.1 23.1
34.8 24.2
34.8 25.4
34.3 26.5
33.7 27.7
33.1 28.8
32.5 29.9
32.2 31.1
32.0 32.3
31.6 33.5
31.0 34.6
30.4 35.7
30.4 36.9
30.9 38.0
30.9 39.2
30.1 40.1
29.1 40.9
28.2 41.8
27.4 42.6
26.4 42.9
25.2 42.8
24.0 42.9
22.9 43.3
21.8 42.8
21.4 41.8
21.1 40.7
20.3 39.7
19.3 38.9
18.4 38.0
17.5 37.2
16.9 36.2
16.6 34.9
16.5 33.7
16.2 32.4
15.9 31.2
15.7 30.0
14.5 29.7
13.4 30.1
12.4 30.2
11.4 29.6
10.7 28.7
10.2 27.6
9.6 26.4
8.9 25.3
8.3 24.2
7.7 23.1
7.4 21.9
7.2 20.6
6.9 19.4
6.6 18.1
6.2 17.0
5.5 15.9
4.7 14.8
3.8 13.9
2.9 13.1
2.2 12.2
1.7 11.0
1.5 9.8
1.5 8.5
2.0 7.4
3.0 6.8
4.3 6.5
5.3 6.7
