17.5 33.0
17.2 34.0
16.6 35.0
16.5 36.3
17.0 37.5
17.6 38.4
18.5 38.9
19.7 39.0
21.0 39.2
22.2 39.4
23.2 38.8
23.6 37.8
23.7 36.6
23.5 35.3
23.3 34.0
23.0 32.7
22.8 31.5
22.5 30.2
22.3 29.0
22.0 27.7
23.3 27.3
24.5 27.2
25.7 26.9
26.9 27.0
28.2 27.3
29.3 27.8
30.4 28.2
31.6 28.3
32.9 28.1
34.1 27.8
35.3 27.3
36.3 26.6
37.3 26.0
38.5 25.7
39.6 25.2
40.6 24.5
41.2 23.7
41.4 22.5
41.3 21.2
41.1 19.9
41.0 18.5
40.8 17.3
40.7 16.0
40.7 14.7
39.6 14.7
38.7 15.4
37.9 16.4
37.3 17.5
36.5 18.2
35.4 17.6
34.9 16.6
