17.5 33.0
17.0 34.1
16.6 35.2
16.3 36.5
16.0 37.7
15.7 39.0
15.0 39.8
13.9 40.0
12.7 40.2
11.6 40.7
10.5 41.4
9.3 41.2
8.2 40.5
7.3 39.6
6.6 38.7
5.5 38.2
4.3 37.9
3.3 37.8
2.9 36.8
3.1 35.7
3.8 34.7
4.5 33.6
4.9 32.6
4.8 31.4
4.4 30.2
4.0 29.0
3.8 27.8
3.9 26.5
4.1 25.2
4.5 24.0
5.4 23.2
6.5 23.3
7.6 23.8
8.7 24.5
9.9 25.1
11.0 24.9
12.3 24.8
12.9 24.0
13.2 23.0
14.6 22.9
15.7 22.6
16.7 22.2
17.8 22.6
18.7 23.3
20.0 23.3
21.0 22.8
21.9 22.2
23.2 22.3
24.3 22.8
25.4 23.0
26.5 22.8
27.6 22.3
28.9 22.6
30.1 23.0
31.4 23.3
32.7 23.6
33.9 23.8
35.2 24.0
36.4 23.9
37.6 23.6
38.7 23.1
39.5 22.3
39.6 21.3
39.1 20.2
38.1 19.5
36.8 19.0
35.6 18.7
34.3 18.5
