15.0 4.0
14.2 4.9
13.5 6.0
12.5 6.9
12.0 7.9
12.2 8.9
12.8 9.9
13.8 10.5
15.0 10.9
16.0 11.5
16.7 12.5
17.3 13.6
17.8 14.8
18.1 16.0
19.2 16.4
20.2 16.0
21.1 15.2
22.1 14.4
23.3 13.8
24.5 13.2
25.7 12.7
26.6 12.0
27.3 10.9
27.9 9.8
28.7 9.1
29.7 9.2
30.7 9.8
31.8 10.3
33.0 10.5
34.2 10.4
35.5 10.2
36.8 10.0
38.0 9.7
39.2 9.4
40.1 8.9
40.6 8.0
40.8 6.7
40.8 5.4
40.7 4.2
41.1 3.2
42.1 2.9
43.1 3.4
43.9 4.4
44.8 5.3
45.7 6.3
46.7 7.1
47.6 7.8
47.8 9.0
47.6 10.2
47.0 11.4
46.3 12.4
45.7 13.4
45.5 14.7
45.2 15.9
44.7 17.1
44.3 18.3
44.0 19.6
43.1 20.6
42.0 21.0
41.0 21.5
40.2 22.4
39.5 23.6
39.1 24.8
38.7 26.0
38.0 26.9
