4.0 4.0
5.0 3.7
6.0 3.5
7.3 3.5
8.5 3.7
9.8 4.0
11.1 4.2
12.4 4.3
13.7 4.6
14.9 5.1
16.1 5.4
17.4 5.6
18.7 5.5
19.9 5.4
20.8 6.0
21.7 7.1
22.1 8.2
22.2 9.4
22.8 10.6
23.5 11.6
24.5 12.2
25.7 12.6
26.9 12.8
27.6 14.0
27.6 15.1
27.2 16.3
26.6 17.4
26.1 18.5
25.9 19.7
25.8 20.8
24.8 21.6
23.7 21.6
22.6 21.5
21.5 21.9
20.4 22.5
19.3 23.2
18.1 23.7
16.9 24.1
15.9 24.8
14.9 25.2
13.7 25.1
12.5 24.7
11.3 24.2
10.1 23.6
9.0 22.9
8.6 23.9
8.9 25.1
9.4 26.2
10.1 27.2
9.9 28.4
8.8 28.6
7.6 28.6
6.6 29.0
5.9 29.8
5.6 31.0
5.6 32.3
5.8 33.6
4.8 34.3
3.8 33.8
