25.0 10.0
24.7 8.8
24.0 7.5
23.1 6.7
22.0 6.1
20.8 5.5
19.6 5.0
18.4 4.5
17.1 4.0
16.0 3.6
14.8 3.7
13.7 4.2
12.6 4.9
11.5 5.6
10.4 6.2
9.6 7.2
9.0 8.3
8.7 9.5
8.7 10.8
8.7 12.0
8.8 13.3
8.8 14.5
8.5 15.8
7.9 16.9
7.2 18.0
7.6 19.2
8.5 20.1
9.1 21.3
9.6 22.5
9.8 23.7
9.3 24.6
8.4 25.4
7.2 25.8
6.3 26.6
5.8 27.7
5.7 28.9
5.4 30.0
4.7 30.9
4.3 31.9
4.3 33.1
4.5 34.3
4.9 35.5
5.4 36.7
6.0 37.8
6.8 38.6
7.8 39.1
9.0 39.3
10.3 39.3
11.4 39.1
12.4 39.5
13.4 39.6
14.4 39.2
15.3 38.4
16.4 38.0
17.6 37.8
18.8 38.0
19.8 38.6
20.8 39.5
21.5 40.3
22.6 40.7
23.8 40.8
25.1 40.6
26.3 40.3
27.6 40.6
28.9 40.9
30.2 41.1
31.5 41.2
32.8 41.4
33.9 41.4
35.1 40.9
36.1 40.2
37.1 39.3
38.1 38.5
39.1 37.7
40.1 37.1
41.2 37.4
42.1 38.1
42.8 39.0
43.6 38.0
43.9 36.8
44.1 35.6
44.7 34.5
45.6 33.6
46.0 32.6
45.3 31.6
44.5 30.8
44.1 29.7
43.4 28.7
42.4 28.4
41.3 28.3
40.5 27.6
39.9 26.6
39.5 25.5
38.4 24.6
