4.0 46.0
4.8 45.4
5.0 44.3
4.8 43.0
4.3 41.9
4.0 40.7
4.0 39.4
4.2 38.1
4.6 36.8
4.7 35.7
4.4 34.5
3.8 33.3
3.3 32.4
3.5 31.4
4.0 30.2
4.6 29.1
5.5 28.4
6.5 27.8
7.7 27.3
8.8 27.2
9.9 28.1
10.9 28.5
12.1 28.6
13.4 28.4
14.7 28.1
15.9 27.6
17.1 27.1
18.3 26.7
19.6 26.5
20.3 25.5
20.2 24.3
20.4 23.0
20.8 21.8
21.4 20.7
22.1 19.6
22.5 18.6
22.6 17.4
22.3 16.1
22.1 15.0
22.1 13.7
22.4 12.5
22.7 11.2
23.2 10.0
23.7 8.9
24.4 7.8
25.0 7.0
26.2 7.2
27.1 7.9
28.2 8.0
28.8 6.8
28.8 5.7
29.0 4.7
30.2 4.2
31.5 4.3
