4.0 46.0
3.8 44.9
4.5 44.0
5.1 42.9
5.6 41.7
5.6 40.4
5.5 39.2
5.1 37.9
4.7 36.7
4.3 35.5
4.1 34.2
4.1 32.9
4.1 31.5
4.0 30.2
4.1 29.0
4.6 28.0
5.4 27.0
6.4 26.2
7.5 25.5
8.3 24.9
8.6 23.7
8.7 22.5
9.3 21.4
9.4 20.3
8.6 19.6
7.6 18.9
6.7 17.9
6.1 16.7
6.7 15.8
7.8 15.6
9.0 15.6
10.0 15.2
10.6 14.2
10.9 13.0
11.0 11.9
10.6 10.7
9.9 9.6
9.6 8.5
10.0 7.5
10.8 6.6
11.6 5.6
12.4 4.5
13.0 3.3
13.9 2.5
15.0 2.3
16.3 2.4
17.3 2.8
18.1 3.7
18.9 4.7
19.9 5.5
21.1 5.6
22.3 5.3
23.4 4.8
24.4 4.2
25.6 4.5
26.5 5.2
27.6 5.9
28.6 6.0
29.8 5.6
30.9 5.0
