25.0 25.0
26.1 25.6
25.0 25.3
24.1 24.4
23.3 23.6
22.3 23.5
21.2 24.0
20.3 24.8
19.5 25.8
18.7 25.1
18.4 23.9
18.4 22.6
18.1 21.4
17.3 20.7
16.2 20.1
15.0 19.8
13.8 19.5
13.2 18.4
13.4 17.3
14.0 16.2
14.6 15.3
15.6 14.9
16.8 14.8
18.0 14.8
19.3 14.8
20.6 14.5
21.7 14.4
22.8 14.9
23.7 15.7
24.6 16.7
25.3 17.8
26.1 18.6
27.2 19.0
28.4 19.0
29.7 18.7
31.0 18.2
32.2 17.8
33.5 17.5
34.5 16.9
35.1 15.9
35.4 14.7
36.0 13.7
36.9 12.8
37.9 12.1
39.0 11.7
39.9 12.2
40.6 13.2
41.7 13.6
42.9 13.5
43.4 14.6
43.3 15.8
43.5 17.1
43.7 18.3
43.5 19.6
43.3 20.9
43.2 22.2
43.3 23.6
