35.0 37.0
34.1 36.1
33.2 35.6
32.1 35.6
30.8 35.7
29.5 35.8
28.2 35.8
26.9 35.1
26.0 34.5
24.7 34.4
23.6 34.7
22.2 34.6
21.0 34.1
19.8 33.5
18.7 32.8
17.6 32.1
16.5 31.4
15.4 31.0
14.2 30.8
13.7 29.8
14.2 28.8
14.9 27.8
15.3 26.7
15.2 25.5
15.4 24.3
15.0 23.2
14.4 22.1
14.4 21.0
15.1 20.1
16.2 19.5
17.1 18.8
17.8 17.8
18.7 16.9
19.8 16.7
21.0 16.7
22.3 16.6
23.6 16.4
24.8 16.0
26.0 15.6
27.2 15.7
28.3 16.3
29.5 16.7
30.7 17.0
32.0 17.2
33.2 17.2
34.3 16.7
35.0 15.7
35.4 14.5
35.6 13.3
35.8 12.0
36.9 12.0
37.0 10.7
37.3 9.4
37.7 8.3
37.7 7.2
37.2 6.3
36.1 5.9
35.0 5.3
