12.5 25.0
12.4 26.3
11.8 27.3
11.6 28.5
11.5 29.7
11.7 31.0
11.6 32.2
11.3 33.5
11.1 34.7
10.7 36.0
10.4 37.3
10.2 38.6
9.9 39.9
9.7 41.2
9.5 42.5
9.3 43.6
10.4 42.8
11.0 41.8
12.1 42.1
12.8 43.0
13.6 44.0
14.6 44.8
15.6 45.6
16.6 46.3
17.8 46.2
18.9 45.8
20.1 45.8
21.2 46.1
22.4 46.6
23.6 47.1
24.9 47.5
26.1 47.8
27.3 48.0
28.5 48.1
29.5 47.7
30.3 46.9
31.0 46.0
32.0 45.6
33.1 45.7
34.2 46.2
35.2 45.9
36.1 45.1
36.7 44.0
37.3 42.9
38.0 42.1
38.9 41.6
40.1 41.6
41.3 42.0
42.2 42.7
42.9 43.7
43.4 44.8
43.9 46.1
45.0 45.9
