4.0 37.0
3.7 38.2
2.7 38.8
2.2 39.9
2.1 41.1
2.3 42.3
2.6 43.6
3.0 44.8
3.5 46.0
4.2 46.9
5.2 47.6
6.3 48.0
7.5 48.1
8.7 47.9
9.6 47.4
10.2 46.5
10.6 45.3
11.0 44.1
11.5 42.9
12.1 41.8
12.7 40.7
13.1 39.5
13.3 38.2
13.5 37.0
14.0 35.9
14.6 34.8
15.3 33.6
15.9 32.5
16.4 31.4
16.7 30.2
16.6 28.9
16.4 27.6
16.1 26.3
15.8 25.0
15.5 23.8
15.2 22.5
15.1 21.2
15.2 20.2
15.8 19.1
15.9 18.1
15.5 17.0
15.0 15.8
14.6 14.5
14.3 13.2
14.2 12.0
14.4 10.9
13.7 9.7
12.7 9.0
11.9 8.3
11.3 7.3
11.0 6.1
10.8 4.8
10.8 3.5
10.3 2.5
9.4 1.9
8.2 1.7
7.0 1.8
5.8 2.3
4.7 2.9
