15.0 5.0
15.5 4.1
15.3 2.9
16.4 3.4
17.6 3.9
18.8 4.4
20.0 4.9
21.2 5.3
22.5 5.8
23.5 6.3
24.5 7.1
25.3 8.1
25.7 9.2
25.9 10.4
25.9 11.5
26.8 12.3
27.9 12.6
29.1 12.6
30.2 12.8
31.2 13.4
32.2 14.3
33.0 15.3
33.9 16.1
35.0 16.8
36.0 17.4
36.6 18.5
36.7 19.7
36.4 20.9
36.4 22.0
37.0 22.8
37.9 23.4
38.5 24.3
38.7 25.4
38.6 26.7
38.2 27.9
37.9 29.1
37.2 30.0
36.3 30.8
35.2 31.3
34.3 31.9
34.6 33.2
35.3 34.1
36.3 34.9
37.1 35.8
37.8 36.9
38.2 38.1
38.5 39.4
38.7 40.5
39.8 40.8
40.9 40.1
41.5 39.1
41.8 37.9
42.4 36.9
43.4 36.0
