17.5 46.0
17.8 44.8
17.7 43.7
17.1 42.8
16.2 42.0
15.2 41.3
14.2 40.5
13.1 39.8
11.9 39.1
11.0 38.6
10.0 38.8
9.0 39.4
8.1 40.3
6.9 40.6
6.0 39.8
5.4 38.6
4.9 37.4
4.2 36.3
3.4 35.3
2.8 34.4
2.7 33.3
2.9 32.1
3.5 31.1
4.4 30.3
5.3 29.5
6.0 28.5
6.5 27.5
7.4 26.9
8.6 26.7
9.7 26.0
10.2 25.0
10.3 23.8
10.8 22.8
11.9 22.9
13.0 23.5
14.0 24.2
14.9 25.1
16.1 25.3
16.8 24.3
17.6 23.6
18.8 23.1
20.0 22.9
21.2 22.8
22.1 23.3
23.0 24.1
23.7 25.2
24.2 26.4
25.2 26.8
25.7 25.9
26.0 24.7
26.1 23.4
26.2 22.4
27.4 22.6
28.3 23.4
29.1 24.3
29.8 25.4
30.5 26.5
31.1 27.4
32.1 27.9
33.3 28.1
34.6 28.0
35.8 27.7
36.9 27.3
38.1 27.4
39.2 27.9
40.2 28.5
41.3 28.7
42.5 28.4
43.6 27.9
44.7 28.4
45.3 29.3
45.5 30.4
45.2 31.4
44.8 32.5
45.3 33.5
46.0 34.3
