12.0 22.0
12.2 23.2
13.0 24.2
13.5 25.3
13.7 26.5
13.8 27.8
14.6 28.8
15.8 29.3
16.9 29.9
17.8 30.7
19.0 31.2
20.2 31.5
21.2 32.0
22.2 32.9
22.9 34.0
23.7 35.0
24.5 36.0
25.4 36.6
26.6 36.8
27.8 36.6
29.0 36.7
30.3 37.0
31.5 37.3
32.5 37.6
33.0 36.7
32.9 35.5
32.8 34.2
32.7 32.9
32.9 31.8
33.5 30.7
34.3 29.7
35.2 28.7
36.1 27.9
36.6 26.9
36.8 25.7
36.7 24.7
35.8 23.9
35.0 23.0
34.9 22.0
35.2 20.9
34.8 19.9
33.9 19.2
32.9 18.7
33.5 17.6
34.5 16.9
35.6 16.6
36.1 15.6
36.2 14.4
35.9 13.2
35.7 12.0
36.0 10.9
36.7 9.8
37.3 8.7
37.8 7.5
37.6 6.4
36.8 5.7
35.7 5.3
34.7 5.2
