8.0 25.0
8.5 25.4
8.6 25.9
8.9 25.4
8.8 24.9
8.3 24.5
7.9 23.9
7.7 23.2
7.7 22.4
7.8 21.9
7.9 21.1
8.0 20.2
8.2 19.4
8.4 18.9
8.7 18.1
9.0 17.5
9.6 17.0
10.2 16.5
10.6 16.2
11.3 15.8
12.0 15.3
12.6 14.7
13.1 14.0
13.4 13.4
13.6 12.6
13.7 11.8
14.5 11.9
15.1 12.4
15.7 12.8
16.5 13.1
17.0 13.4
17.3 13.8
17.5 14.5
17.5 15.3
17.4 15.8
17.2 16.5
16.8 17.1
16.2 17.7
15.5 18.2
14.8 18.6
14.1 19.1
13.5 19.7
13.0 20.4
12.6 21.1
12.2 21.9
12.0 22.5
12.0 23.3
12.3 24.0
12.7 24.8
13.0 25.4
12.9 26.1
12.5 26.7
12.1 27.2
12.0 27.8
12.1 28.4
12.4 29.1
12.9 29.8
13.5 30.4
14.1 31.0
14.8 31.5
15.3 32.1
15.7 32.9
16.0 33.7
16.2 34.5
16.4 35.3
16.4 36.2
16.3 37.0
16.2 37.8
16.0 38.6
15.8 39.3
16.1 39.9
16.7 40.3
17.5 40.6
18.3 40.9
19.1 41.2
19.9 41.5
20.7 41.9
21.5 42.2
22.2 42.5
23.0 42.7
23.8 42.6
25.0 42.0
