8.0 25.0
8.2 25.6
7.9 26.1
7.3 26.7
7.5 27.3
8.0 27.7
8.7 28.0
9.6 28.3
10.3 28.6
11.1 29.1
11.7 29.6
12.4 30.1
13.2 30.5
13.9 30.8
14.7 31.2
15.5 31.5
16.2 31.9
16.9 32.4
17.6 32.9
18.2 33.5
18.8 34.2
19.3 34.9
19.8 35.5
20.4 36.2
20.8 36.6
21.3 36.8
22.1 36.8
22.9 36.7
23.7 36.5
24.5 36.3
25.0 36.2
25.8 36.1
26.7 36.0
27.6 36.0
28.5 36.0
29.3 35.9
30.1 35.7
30.9 35.5
31.7 35.4
32.2 35.4
33.0 35.5
33.9 35.7
34.7 35.9
35.5 36.1
36.0 36.3
35.8 36.9
35.5 37.5
35.0 38.1
34.3 38.5
33.6 38.9
32.8 39.2
32.1 39.6
31.5 40.1
30.9 40.8
30.4 41.3
29.8 41.8
29.0 42.2
28.3 42.5
27.5 42.7
26.7 43.0
26.0 43.3
25.5 42.8
25.0 42.0
