12.0 28.0
13.3 28.0
14.3 28.1
15.4 28.6
16.3 29.4
17.2 30.1
18.3 30.2
19.6 30.2
20.7 29.9
21.6 29.2
22.1 28.2
22.5 27.0
23.6 26.1
24.7 25.6
25.9 25.0
27.0 24.3
28.1 23.9
29.2 23.8
30.1 24.3
31.0 25.2
32.2 25.6
33.3 25.5
34.4 25.2
35.4 25.4
36.4 26.1
37.3 27.0
38.0 27.9
39.2 28.7
40.4 28.8
41.7 28.7
42.7 28.8
43.1 29.8
43.2 31.0
43.1 32.1
43.5 33.3
44.1 34.4
44.8 35.4
45.6 36.4
46.4 37.4
47.4 38.3
48.1 39.3
48.5 40.4
48.3 41.7
47.1 42.4
45.9 42.5
44.8 42.5
44.0 43.5
43.9 44.7
43.9 46.0
44.0 47.0
42.9 47.2
41.7 46.8
40.7 46.3
39.5 47.1
38.6 47.8
37.6 47.7
36.5 47.1
