45.0 5.0
44.2 5.8
43.1 6.3
41.9 6.4
40.7 6.4
39.7 7.2
39.3 8.3
40.0 9.4
40.8 10.4
41.7 11.3
42.7 12.2
43.5 13.0
44.1 14.0
44.4 15.2
44.7 16.5
45.3 17.6
45.9 18.6
46.0 19.7
45.7 20.8
45.3 22.0
45.0 23.3
44.8 24.6
44.5 25.7
43.9 26.8
43.1 27.9
42.4 28.9
41.6 29.9
40.9 30.9
40.1 31.9
39.3 32.9
38.4 33.9
37.6 34.9
36.8 35.9
36.2 37.1
35.6 38.3
35.2 39.5
34.2 40.6
33.2 41.1
32.0 41.1
30.8 40.8
29.7 40.2
28.4 40.0
27.3 40.4
26.2 41.2
25.2 42.0
24.3 42.9
23.3 43.0
22.2 42.6
21.3 41.9
20.2 41.8
19.3 42.4
18.6 43.3
17.4 43.7
16.2 43.6
15.0 43.2
13.7 42.9
12.5 42.6
11.4 42.0
10.7 41.0
10.5 39.8
10.6 38.6
10.9 37.3
11.2 36.1
11.0 34.9
11.1 33.9
12.0 33.4
12.9 32.7
12.9 31.4
12.8 30.1
12.8 28.7
12.9 27.4
12.5 26.2
