47.0 17.5
45.9 17.7
45.1 18.4
43.9 18.9
42.7 19.1
41.6 19.5
40.6 20.3
39.8 21.2
38.9 22.0
37.8 22.5
36.5 22.9
35.3 23.4
34.1 23.8
32.9 24.3
31.8 24.9
30.6 25.0
29.3 24.9
28.1 24.7
26.8 24.5
25.6 24.6
24.5 25.0
24.0 26.1
24.2 27.2
24.5 28.4
24.6 29.7
24.6 31.1
24.6 32.4
24.7 33.7
25.4 34.6
26.5 35.1
27.3 35.7
27.5 36.7
27.2 37.8
26.9 38.9
27.7 39.7
28.8 39.8
29.9 39.4
31.1 38.8
32.2 38.2
33.3 37.8
34.5 38.5
35.5 39.2
36.6 39.7
37.7 39.8
38.7 40.4
39.4 41.3
40.3 41.8
41.3 41.5
42.1 40.6
42.7 39.5
43.4 38.5
44.2 37.4
45.1 36.4
45.9 35.4
