3.5 3.5
4.5 2.9
5.1 2.0
6.3 1.9
7.4 2.4
8.3 3.2
9.0 4.0
10.1 4.2
11.2 3.9
12.3 3.3
13.3 2.5
14.1 1.8
15.3 1.9
16.3 2.5
17.2 3.4
18.2 3.9
19.4 4.2
20.6 4.3
21.6 5.1
22.0 6.1
22.1 7.2
21.7 8.4
21.4 9.6
21.2 10.9
21.1 12.2
21.0 13.5
21.6 14.3
22.6 14.8
23.8 15.3
24.8 16.0
25.3 17.2
24.9 18.3
24.6 19.5
24.3 20.8
24.4 21.9
24.9 23.0
25.5 24.1
26.3 25.1
27.2 26.1
27.5 27.1
27.5 28.4
27.3 29.6
26.8 30.9
26.3 31.9
25.4 32.6
24.3 33.2
23.3 33.7
22.8 34.6
22.7 35.7
22.7 36.9
22.2 37.9
21.5 38.9
20.6 39.8
19.5 39.6
18.9 38.6
18.7 37.4
18.7 36.2
17.6 36.4
16.7 37.2
15.5 37.8
14.3 38.3
13.1 38.5
11.8 38.4
10.5 38.3
9.2 38.3
7.9 38.3
6.6 38.4
5.4 38.3
4.2 37.9
3.2 37.1
2.6 36.0
