15.0 25.0
15.9 24.3
16.7 23.4
17.1 22.4
17.1 21.1
16.9 19.9
16.6 18.6
16.3 17.4
16.0 16.2
16.1 15.2
16.7 14.3
17.8 13.6
19.0 13.2
20.3 13.3
21.4 13.8
22.4 14.6
23.4 15.1
24.5 14.8
25.6 14.2
26.6 13.4
27.7 12.8
28.8 12.3
29.3 11.2
29.1 10.2
28.7 9.2
29.6 8.7
30.8 8.2
32.1 7.8
33.4 7.5
34.6 7.3
35.8 7.3
36.5 8.1
36.4 9.3
36.8 10.3
37.5 11.3
37.6 12.5
36.9 13.4
36.0 14.2
35.2 14.9
34.7 16.0
34.4 17.2
34.3 18.5
34.3 19.7
34.0 20.8
34.0 22.0
34.2 23.3
34.6 24.5
35.1 25.6
35.1 26.7
34.5 27.7
33.7 28.6
33.2 29.8
33.4 31.1
33.8 32.2
33.1 33.2
32.1 33.9
31.7 35.1
31.6 36.2
30.6 36.8
29.5 36.6
28.3 36.2
27.0 36.1
26.0 36.4
25.3 37.4
24.8 38.5
24.5 39.8
24.5 41.0
24.3 42.1
23.7 43.1
22.9 44.1
23.0 45.2
23.9 45.8
