12.5 25.0
13.4 24.5
13.6 23.3
13.5 22.0
13.4 20.6
13.3 19.3
13.5 18.2
14.1 17.1
15.1 17.9
15.6 16.8
15.7 15.5
15.6 14.3
15.7 13.3
16.3 12.3
17.2 11.6
18.2 11.3
19.1 12.4
19.4 13.6
20.2 14.4
21.2 14.3
22.2 13.7
23.1 12.9
24.1 12.5
25.4 12.3
26.6 12.3
27.9 12.3
29.0 12.6
30.1 13.2
31.1 13.9
32.1 14.7
33.1 15.5
34.1 16.3
35.0 17.2
35.9 18.1
37.0 18.9
37.9 19.6
38.9 20.4
40.2 20.3
41.2 20.0
42.4 20.6
43.1 21.5
43.7 22.7
44.0 23.9
44.1 25.2
44.1 26.5
44.0 27.8
45.1 28.3
46.1 27.6
47.0 26.7
47.7 25.7
48.3 24.6
47.7 23.3
46.9 22.3
46.3 21.4
46.2 20.2
46.6 19.1
47.2 17.9
47.7 17.0
47.2 16.0
46.2 15.5
