42.5 42.0
41.5 41.5
42.4 40.8
42.6 39.6
42.4 38.5
42.7 37.3
43.3 36.4
44.2 35.5
44.9 34.5
45.1 33.4
45.2 32.1
45.5 30.9
46.0 29.8
46.6 28.7
46.4 27.6
45.5 26.7
44.8 25.6
44.1 24.5
43.5 23.4
43.3 22.2
42.8 21.1
42.1 20.1
41.2 19.2
40.3 18.3
39.5 17.3
38.8 16.2
38.1 15.2
37.3 14.1
36.5 13.2
35.8 12.4
35.5 11.3
34.7 10.4
33.5 10.1
32.3 9.8
31.1 9.3
29.9 8.8
28.8 8.1
27.7 7.6
26.6 7.5
25.4 7.8
24.4 8.1
23.4 7.9
22.3 7.2
21.5 6.4
20.4 6.2
19.2 6.3
17.9 6.6
16.6 6.8
15.3 7.0
14.1 7.2
12.8 7.5
11.6 7.6
10.5 7.3
9.3 7.0
