42.5 42.0
42.0 43.2
41.1 43.9
40.1 44.2
39.0 43.4
38.2 42.7
36.9 42.6
35.9 43.1
34.9 43.9
33.9 44.5
32.7 44.7
31.4 44.8
30.1 44.7
28.9 44.5
28.0 44.0
27.1 43.1
26.4 42.1
26.0 41.1
26.0 39.9
26.2 38.8
25.3 38.0
24.2 37.7
23.1 37.2
22.0 36.4
21.1 35.6
19.9 35.1
18.7 35.3
17.7 35.4
16.5 34.7
15.8 33.7
15.3 32.6
15.1 31.4
14.9 30.1
14.5 28.9
14.0 27.7
13.6 26.4
13.3 25.2
13.3 23.9
13.6 22.7
14.0 21.4
14.4 20.1
14.6 18.9
14.9 17.8
15.5 16.7
15.8 15.6
16.0 14.3
16.0 13.1
15.6 11.9
15.2 10.9
15.3 9.9
15.9 9.0
16.8 8.3
18.0 8.0
19.2 7.9
19.8 7.0
19.2 6.0
18.1 5.6
16.9 5.5
15.6 5.5
14.4 5.8
13.1 6.1
11.9 6.1
10.6 6.0
9.4 6.0
8.1 6.3
