15.0 13.0
16.1 12.7
16.8 11.9
17.8 11.2
19.0 11.3
20.2 11.6
21.4 12.2
22.5 12.8
23.7 13.5
24.5 14.2
23.8 15.4
22.7 16.0
21.6 16.4
20.9 17.4
20.7 18.5
20.8 19.7
20.4 20.9
19.8 22.0
19.3 22.9
20.0 23.7
21.1 24.0
22.3 24.1
23.6 24.3
24.7 25.0
25.2 26.1
25.0 27.2
24.3 28.3
23.6 29.2
23.7 30.2
24.3 31.2
25.4 31.6
26.4 31.7
27.1 32.6
27.6 33.5
28.7 33.8
29.9 34.2
31.1 34.8
32.3 35.3
33.5 35.5
34.5 36.2
35.1 37.3
35.4 38.4
36.2 39.1
37.3 39.1
38.4 39.4
39.1 40.3
39.5 41.4
39.6 42.4
38.6 43.2
37.4 43.3
36.4 43.4
35.9 44.4
