45.0 35.0
43.9 34.7
42.8 34.6
41.6 34.9
40.5 34.5
39.6 33.8
38.5 33.5
37.2 33.3
36.0 33.1
35.1 32.5
34.6 31.6
34.3 30.4
34.3 29.1
34.2 27.9
33.7 26.7
33.0 25.6
32.2 24.6
31.2 24.2
30.0 24.1
28.8 24.4
27.7 24.4
26.7 24.0
25.7 23.3
24.6 23.0
23.4 23.1
22.2 23.5
21.0 24.2
20.0 24.9
19.1 25.4
17.7 25.2
16.5 24.8
15.3 24.5
14.0 24.3
12.9 24.1
11.7 23.5
10.6 22.8
9.5 22.2
8.3 21.7
7.2 21.2
6.7 20.1
6.4 18.9
5.8 17.8
5.2 16.6
4.8 15.4
4.4 14.2
3.9 13.0
3.4 11.8
3.0 10.7
2.9 9.4
3.0 8.1
3.3 6.9
3.6 5.6
4.0 4.3
