15.0 46.0
14.5 45.0
13.4 44.8
12.3 44.4
11.2 43.7
10.3 42.8
9.7 41.8
10.5 40.9
11.6 40.4
12.8 40.2
14.1 40.2
15.4 40.3
16.6 40.4
17.9 40.6
19.1 40.6
20.2 40.4
21.1 39.4
21.5 38.3
22.6 37.6
23.7 37.7
24.9 38.1
25.9 38.7
27.0 38.2
27.8 37.3
28.4 36.3
29.5 35.9
30.6 35.8
31.7 34.8
32.2 33.7
32.7 32.5
33.3 31.3
34.0 30.2
34.7 29.1
35.3 28.2
36.4 28.3
37.4 28.9
38.2 29.8
39.2 30.2
40.2 30.0
41.2 29.3
42.3 29.3
43.4 29.8
44.4 30.6
45.3 31.5
46.1 32.5
46.9 33.5
47.8 34.4
48.2 35.7
48.1 36.9
47.8 38.1
47.7 39.3
47.8 40.6
47.9 41.9
48.0 43.1
47.7 44.3
47.2 45.4
46.6 46.5
