35.0 33.5
34.5 34.4
33.5 34.3
32.5 33.8
31.6 32.9
30.7 32.0
29.9 31.2
28.6 31.1
27.3 31.4
26.2 31.9
25.0 31.7
24.0 31.1
22.9 30.6
21.6 30.5
20.4 30.6
19.3 30.7
19.1 29.5
19.1 28.2
19.0 27.0
18.8 25.7
18.7 24.4
18.5 23.2
18.8 22.2
19.6 21.3
20.5 20.6
21.1 19.8
21.4 18.6
21.3 17.6
20.7 16.6
19.7 15.8
18.7 15.0
17.9 14.4
16.9 14.9
15.6 15.1
14.4 14.9
13.3 14.3
12.3 13.5
12.1 12.4
12.4 11.4
13.3 10.6
13.7 9.6
13.5 8.4
12.6 7.4
11.5 6.9
10.3 6.7
9.1 6.9
8.3 7.6
8.0 8.7
8.1 9.9
8.1 11.0
7.6 11.9
6.6 12.7
5.5 13.4
4.5 13.9
