17.5 4.0
18.5 4.4
19.4 5.2
20.4 6.1
21.4 6.9
22.2 7.7
22.5 8.7
22.4 9.8
22.0 10.9
22.4 12.2
22.7 13.5
22.3 14.6
21.6 15.6
21.3 16.7
21.3 17.9
21.5 19.2
21.9 20.4
22.5 21.4
23.4 22.3
24.3 23.2
25.1 24.2
25.8 25.3
26.2 26.4
26.3 27.6
26.1 28.8
26.1 29.9
26.5 31.1
27.1 32.2
27.3 33.3
27.2 34.5
27.0 35.8
26.9 37.0
27.1 38.2
27.6 39.4
28.6 39.9
29.5 39.4
30.3 38.5
30.8 37.3
31.3 36.1
31.6 35.1
32.5 35.8
33.0 36.8
33.5 37.7
34.4 38.4
35.6 38.9
36.8 39.2
38.1 39.4
39.4 39.5
40.6 39.7
41.8 40.0
42.9 40.6
43.9 41.5
44.7 42.5
45.7 43.2
46.6 43.7
47.2 44.9
47.1 46.3
