17.5 4.0
18.8 4.0
19.9 4.1
21.1 4.3
21.3 5.4
21.1 6.7
21.2 8.0
21.3 9.3
21.4 10.5
21.4 11.8
21.7 13.1
22.2 14.3
22.7 15.5
23.2 16.6
24.0 17.4
24.9 18.1
25.4 19.1
25.7 20.4
25.7 21.5
25.3 22.6
25.5 23.7
26.3 24.4
27.4 24.7
28.4 24.8
28.4 25.9
27.8 26.9
28.2 28.1
29.3 28.2
30.6 28.1
31.8 27.8
33.0 27.8
34.2 28.0
35.5 28.3
36.6 28.6
37.8 28.4
39.0 28.0
40.0 27.4
41.1 27.1
42.3 27.3
43.4 27.9
44.4 28.7
44.9 29.6
45.1 30.9
45.1 32.2
45.0 33.4
45.0 34.7
45.1 36.0
45.4 37.3
45.7 38.3
46.6 39.1
47.4 39.9
47.6 40.9
47.5 42.1
47.1 43.2
46.4 44.4
