17.5 4.0
18.8 4.0
19.9 4.1
21.0 4.5
21.5 5.4
21.8 6.7
21.9 7.9
21.8 9.2
21.7 10.2
22.5 10.9
23.5 11.7
23.8 12.8
23.6 14.0
23.2 15.2
22.7 16.4
22.4 17.4
22.9 18.4
23.8 19.3
24.8 20.0
26.0 20.7
27.0 21.5
27.8 22.4
28.4 23.5
29.1 24.6
29.7 25.8
30.3 26.9
31.1 27.6
32.5 27.4
33.6 27.0
34.8 27.4
35.8 28.2
36.8 28.6
38.0 28.7
39.3 28.7
40.5 28.7
41.8 28.6
42.8 28.9
43.8 29.6
44.5 30.5
45.1 31.6
45.3 32.8
45.3 34.1
45.0 35.3
44.7 36.6
44.3 37.7
44.5 38.8
45.0 40.0
45.1 41.0
45.3 42.2
45.6 43.5
45.7 44.6
