17.5 4.0
18.2 4.9
19.1 5.4
20.1 5.1
21.0 4.3
22.1 4.1
22.6 5.1
22.8 6.3
22.9 7.4
24.0 7.8
25.2 8.0
26.1 8.6
26.8 9.6
27.2 10.7
27.7 11.9
28.2 13.1
28.6 14.3
28.8 15.6
28.7 16.9
28.5 18.2
28.4 19.5
28.4 20.7
28.8 21.8
29.9 22.5
31.0 22.8
32.3 22.8
33.6 22.7
35.0 22.6
36.2 22.6
37.5 22.6
38.5 22.7
39.1 23.5
39.6 24.7
40.1 25.9
40.8 26.9
41.6 27.6
42.7 28.0
44.0 28.1
45.3 28.0
46.1 28.6
46.0 29.8
46.0 31.1
46.0 32.4
46.0 33.6
45.8 35.0
45.6 36.3
45.4 37.5
44.6 38.2
43.6 38.7
43.7 39.9
44.3 41.0
44.9 42.2
45.3 43.4
45.0 44.6
44.7 45.7
