45.0 45.0
44.0 45.1
42.9 45.3
41.9 45.7
40.7 45.3
39.9 44.5
38.8 44.1
37.6 44.1
36.6 43.8
35.6 43.2
34.7 42.2
34.0 41.2
33.3 40.1
32.8 39.0
33.1 37.7
33.9 36.7
34.8 35.9
34.4 34.9
34.2 33.6
34.5 32.4
35.1 31.3
35.9 30.3
36.2 29.1
35.7 28.2
34.7 27.5
33.5 27.1
32.2 26.8
30.9 26.5
29.6 26.3
28.6 26.4
27.7 27.0
27.0 28.0
26.4 29.2
25.7 30.3
25.0 31.4
24.3 32.5
23.5 33.6
22.8 34.6
21.9 35.4
20.8 35.7
19.6 35.8
18.5 35.4
17.5 34.7
16.6 33.8
16.3 32.7
16.7 31.7
17.5 30.8
17.9 29.8
17.3 28.9
16.4 28.1
15.3 27.5
14.3 26.7
14.4 25.6
14.9 24.5
15.5 23.7
14.8 22.2
14.4 20.9
13.7 19.9
14.0 18.6
13.8 17.4
13.5 16.4
13.6 15.3
