5.0 45.0
6.0 44.6
6.6 43.6
6.5 42.5
6.0 41.4
5.2 40.4
4.3 39.4
3.7 38.4
3.9 37.2
4.3 36.1
5.1 35.0
5.9 34.1
6.8 33.3
7.2 32.3
7.5 31.1
8.1 30.1
9.1 29.3
10.2 28.7
11.4 28.1
12.3 27.2
12.6 26.0
12.6 24.8
12.4 23.5
12.1 22.3
11.7 21.1
11.0 20.0
10.5 18.8
10.1 17.7
10.2 16.7
10.7 15.6
11.5 14.6
12.4 13.7
13.4 12.9
14.5 12.2
15.6 11.5
16.7 10.6
17.2 9.5
17.8 8.4
18.2 7.2
18.4 6.0
18.4 4.7
18.5 3.6
19.2 2.6
20.2 2.4
21.1 3.0
22.0 3.9
22.7 5.0
23.8 5.4
24.9 5.2
25.9 5.6
26.9 6.4
27.7 7.4
28.4 8.5
29.6 8.9
30.8 8.6
31.8 8.1
32.9 8.1
34.1 8.4
35.1 8.9
36.3 8.6
37.3 7.9
38.3 7.6
39.5 7.6
40.7 7.4
41.6 6.5
42.3 5.7
43.3 5.5
44.3 5.6
