5.0 45.0
5.9 44.5
6.4 43.2
6.2 41.9
6.2 40.7
6.5 39.5
6.8 38.2
7.3 37.0
7.7 35.8
8.2 34.6
8.8 33.5
9.5 32.4
9.8 31.2
9.9 29.9
9.8 28.6
10.4 27.6
11.4 26.9
12.2 26.2
12.7 25.1
13.1 23.9
13.3 22.8
13.9 21.9
14.9 21.1
15.8 20.2
16.6 19.3
16.5 18.3
15.9 17.2
15.4 16.3
16.3 15.4
17.5 15.1
18.8 14.9
19.8 14.7
20.7 14.0
21.6 13.5
22.7 13.5
24.0 13.8
25.2 14.0
26.3 13.9
27.4 13.5
28.5 13.5
29.7 14.0
31.0 13.9
32.0 13.3
32.9 12.4
33.7 11.4
34.5 10.5
35.8 10.1
37.0 10.2
38.1 10.1
39.3 9.5
40.3 8.7
41.4 8.0
42.4 7.4
43.3 6.6
44.0 5.5
