5.0 45.0
6.2 45.1
7.3 45.3
8.3 44.7
8.5 43.6
8.5 42.3
8.1 41.1
7.8 39.9
7.5 38.6
7.6 37.6
8.7 36.8
9.8 36.4
10.5 35.6
10.8 34.5
10.6 33.3
10.7 32.0
11.4 31.1
12.4 30.6
13.5 30.2
13.5 29.0
12.7 28.1
11.8 27.4
11.6 26.2
12.3 25.0
12.9 24.1
12.9 22.9
13.3 21.8
13.9 20.8
14.1 19.6
14.3 18.4
14.6 17.1
14.9 15.9
15.2 14.9
16.3 14.6
17.4 14.9
18.3 13.8
19.4 13.2
20.6 13.0
21.9 12.7
23.2 12.4
24.2 12.2
25.1 12.7
25.9 13.4
27.1 13.0
27.9 12.1
28.5 11.0
28.9 10.0
29.9 9.9
31.0 10.0
31.9 9.5
32.5 8.6
33.3 7.6
34.3 6.8
35.4 6.0
36.5 5.4
37.6 5.3
38.8 5.6
40.0 6.0
41.1 5.9
42.3 5.6
43.5 5.1
