5.0 45.0
5.5 44.0
5.6 42.7
6.0 41.7
5.0 41.3
4.3 40.2
4.3 39.1
4.7 37.9
5.2 36.8
5.3 35.6
5.0 34.6
4.3 33.6
3.7 32.4
3.3 31.2
3.2 29.9
3.2 28.7
3.4 27.4
3.6 26.1
3.7 24.9
3.8 23.6
3.9 22.3
4.0 21.1
4.5 19.9
4.8 18.7
5.1 17.5
5.2 16.2
5.1 14.9
5.0 13.8
6.2 14.0
7.2 14.6
8.3 14.7
9.5 14.4
10.8 14.0
11.9 13.6
12.9 12.9
13.6 11.9
14.2 10.8
14.8 9.7
15.7 8.9
16.8 8.3
18.0 7.9
19.3 7.6
20.6 7.4
21.9 7.3
23.2 7.1
24.5 7.0
25.8 6.9
27.1 6.7
26.7 5.4
27.7 4.8
28.7 4.5
29.9 4.3
30.9 4.0
32.1 3.9
33.4 4.2
34.6 4.8
35.8 5.2
37.0 5.5
38.2 5.8
39.6 5.9
40.8 5.9
42.1 5.9
43.4 6.0
44.6 6.1
