35.0 5.0
36.2 4.6
37.1 4.1
38.2 4.1
39.4 4.4
40.4 5.0
41.1 5.9
41.6 7.1
41.8 8.3
42.3 9.3
43.1 10.4
43.9 11.4
44.6 12.3
43.8 13.2
42.7 13.3
41.4 13.3
40.2 13.5
39.1 14.0
38.2 14.6
38.6 15.8
39.2 16.7
39.2 17.8
38.8 18.9
38.1 20.0
37.3 21.0
36.6 21.8
36.6 23.1
37.1 24.1
37.7 25.1
37.8 26.2
37.5 27.4
37.0 28.5
36.4 29.6
35.5 30.5
34.5 31.2
33.5 32.1
32.5 33.1
31.6 33.7
30.7 34.2
30.1 35.1
29.8 36.2
29.5 37.3
28.8 38.3
27.9 39.0
26.8 39.7
25.7 40.3
24.5 40.8
23.2 41.1
22.8 42.1
23.5 43.0
24.4 43.7
24.8 44.7
25.1 46.0
