35.0 5.0
36.0 5.6
36.7 6.6
37.5 7.5
38.5 8.3
39.6 8.4
40.9 8.1
42.2 7.7
43.4 7.2
44.7 6.9
45.9 6.7
47.1 6.9
48.0 7.4
48.4 8.4
48.3 9.6
48.0 10.8
47.6 12.1
47.2 13.3
46.9 14.6
46.4 15.6
45.5 16.4
44.4 17.1
43.3 17.6
42.5 18.5
42.7 19.5
43.0 20.5
42.7 21.5
42.2 22.5
42.3 23.6
42.8 24.8
43.5 25.8
42.8 26.6
41.6 26.7
40.4 26.4
39.2 26.0
38.1 26.6
37.7 27.8
37.2 29.0
36.6 30.1
36.0 31.2
35.2 32.0
34.1 32.8
33.0 33.5
31.9 34.3
31.0 35.2
30.1 36.2
29.3 37.2
28.5 37.9
27.3 38.3
26.0 38.5
24.7 38.6
23.4 38.8
22.3 39.2
21.4 40.3
21.0 41.4
20.4 42.4
19.4 42.5
18.3 42.1
17.3 41.5
16.6 42.3
16.7 43.6
17.2 44.8
17.5 46.0
18.5 45.7
19.5 45.5
20.6 45.9
21.8 46.4
23.0 46.8
24.2 47.1
