43.0 29.0
41.9 28.5
41.3 29.3
40.3 29.9
39.1 30.1
37.8 30.2
36.7 29.5
36.2 28.4
35.9 27.2
35.7 26.0
35.7 24.7
35.8 23.3
35.6 22.1
35.2 21.0
34.7 20.1
33.8 19.4
33.7 18.4
34.2 17.4
35.4 16.7
36.7 16.5
38.0 16.5
39.2 16.1
39.9 15.2
39.5 13.9
38.6 13.1
37.6 12.5
36.8 11.6
36.1 10.6
35.3 9.8
34.1 9.6
33.0 10.0
32.0 10.6
30.8 10.8
29.6 10.6
28.7 9.8
28.1 8.6
27.6 7.4
27.3 6.1
27.0 4.9
26.1 4.1
24.9 3.7
23.6 3.6
22.5 3.7
22.0 4.6
22.1 5.7
22.6 6.8
22.6 8.0
21.8 9.1
20.6 9.7
19.5 10.4
18.8 11.4
18.0 12.4
17.2 13.5
16.3 14.2
16.2 15.2
16.3 16.4
16.0 17.6
15.6 18.9
15.2 20.1
