4.0 4.0
4.6 4.9
4.5 6.1
3.9 7.2
3.0 8.0
2.2 9.0
2.1 10.2
2.1 11.5
2.4 12.7
2.7 14.0
3.3 14.9
3.9 16.0
4.4 17.2
5.1 18.4
6.2 18.9
7.4 19.2
8.6 19.5
9.7 20.2
10.7 21.0
11.6 21.9
12.3 22.8
12.6 23.9
12.6 25.1
12.4 26.4
12.3 27.7
12.4 28.8
13.4 29.7
14.5 30.3
15.7 30.9
16.9 31.3
18.1 31.5
19.4 31.4
20.7 31.4
21.9 31.6
23.2 31.5
24.4 31.1
25.4 30.9
26.3 31.4
27.1 32.3
28.1 33.1
29.2 33.1
30.4 32.8
31.5 32.1
32.5 31.3
33.1 30.4
33.4 29.3
33.5 28.0
33.8 26.8
34.4 25.7
34.9 24.5
35.2 23.2
35.1 22.2
34.6 21.1
33.8 20.1
33.0 19.3
32.6 18.2
32.5 17.0
32.7 15.9
33.5 15.1
34.7 14.8
35.7 14.6
36.2 13.5
35.8 12.2
35.3 11.2
35.9 10.1
36.8 9.3
37.8 8.7
38.0 7.6
37.5 6.6
36.6 5.8
35.7 4.9
