15.0 4.0
14.9 3.0
13.9 2.6
12.6 2.5
11.2 2.3
9.9 2.2
8.7 2.0
7.6 3.0
6.9 3.8
5.8 4.2
4.6 4.5
3.7 5.2
2.9 6.2
2.4 7.2
2.1 8.4
1.7 9.6
1.8 10.7
2.5 11.6
3.5 12.4
4.4 13.3
5.0 14.3
5.6 15.5
6.2 16.6
6.7 17.6
6.8 18.8
6.6 20.1
6.4 21.1
7.0 22.3
7.9 23.0
9.0 23.5
10.0 24.1
10.8 25.1
11.5 26.2
12.2 27.4
12.8 28.3
13.8 28.9
15.0 29.2
16.1 29.7
17.1 30.4
18.0 31.3
19.0 31.5
19.9 31.0
21.0 30.2
22.1 29.5
22.9 28.6
23.6 27.6
24.2 26.5
24.8 25.3
25.2 24.2
25.1 23.2
24.6 22.1
23.8 21.2
22.8 20.4
22.9 19.2
23.7 18.4
24.8 17.8
25.7 17.0
26.6 16.3
27.8 15.8
29.0 15.3
30.2 14.7
31.3 14.0
32.4 13.2
33.4 12.3
34.3 11.4
35.2 10.5
36.0 9.7
37.1 9.4
38.3 9.4
38.9 8.2
39.3 6.9
39.8 5.8
40.4 4.6
41.1 3.6
41.9 2.6
43.0 2.1
44.1 2.5
45.1 3.2
