4.0 37.0
4.1 36.0
3.4 34.8
3.5 33.8
4.3 33.1
5.4 32.5
6.4 31.8
7.3 30.9
8.2 29.9
8.9 28.8
9.7 27.7
10.4 26.6
11.1 25.5
11.7 24.4
12.1 23.2
12.3 21.9
12.4 20.6
13.2 19.9
14.4 19.5
15.4 18.9
15.8 17.8
15.5 16.6
14.8 15.5
14.2 14.7
14.6 13.5
15.6 12.8
16.7 12.3
17.9 11.8
19.2 11.4
20.3 11.2
21.5 11.4
22.7 11.8
23.8 12.4
24.7 13.3
25.6 14.1
26.7 14.6
27.9 14.6
29.1 14.3
30.3 14.2
31.2 14.8
31.9 15.8
32.4 17.0
32.7 18.3
33.1 19.3
33.9 20.3
34.9 21.2
35.8 22.2
36.7 23.1
37.5 24.1
38.3 25.1
38.5 26.4
37.9 27.4
37.1 28.4
36.2 29.4
35.4 30.4
34.4 31.1
33.3 31.8
32.7 32.9
33.0 33.9
33.7 34.9
34.7 35.7
