8.0 7.5
7.4 6.5
8.7 6.2
9.8 5.8
10.9 5.2
12.0 5.0
13.3 5.0
14.6 5.3
15.8 5.6
17.0 5.4
18.0 4.7
18.8 3.8
19.6 3.1
20.7 2.8
22.0 2.7
23.4 2.7
24.6 3.0
25.4 3.9
26.1 4.9
26.6 6.1
27.2 7.1
28.3 7.7
29.3 8.5
30.2 9.2
31.4 9.4
32.6 9.3
33.6 9.2
34.3 10.1
34.9 11.2
35.5 12.4
36.3 13.4
37.3 14.2
37.1 15.3
36.1 15.5
34.8 15.6
33.8 16.1
32.9 16.9
32.2 17.9
31.6 19.1
31.3 20.2
31.5 21.3
32.0 22.4
32.7 23.5
33.0 24.5
32.9 25.7
32.5 27.0
32.0 28.2
31.4 29.4
30.8 30.5
30.2 31.4
29.0 31.5
28.0 31.0
27.3 32.1
27.0 33.3
26.7 34.5
26.3 35.7
25.9 36.9
25.5 38.1
25.3 39.3
25.4 40.6
