32.5 33.0
33.0 33.1
33.4 33.8
33.4 34.5
33.2 35.4
33.1 36.2
33.0 37.1
32.9 37.6
33.3 38.3
33.9 38.7
34.6 39.0
35.4 39.2
36.2 39.2
36.9 39.2
37.6 39.0
38.2 38.5
38.8 38.0
39.5 37.6
40.3 37.5
41.1 37.5
41.9 37.7
42.7 38.0
43.4 38.3
44.1 38.6
44.7 38.3
45.2 37.7
45.5 37.0
45.8 36.2
46.0 35.4
46.1 34.5
46.1 33.7
46.1 32.9
46.0 32.4
45.7 31.6
45.4 30.8
45.3 30.3
44.9 29.5
44.6 28.8
44.6 28.2
44.9 27.5
45.1 26.8
45.0 26.2
44.7 25.4
44.3 24.6
43.8 23.9
43.2 23.3
42.9 22.9
42.3 22.3
41.6 21.7
41.0 21.1
40.4 20.5
39.8 20.0
39.1 19.6
38.3 19.2
37.6 19.0
37.1 18.9
36.3 18.7
35.5 18.6
34.8 18.4
34.0 17.5
