32.5 33.0
33.0 33.1
33.4 33.6
33.0 34.2
32.3 34.7
31.8 35.2
31.3 35.8
31.0 36.6
30.7 37.3
30.2 37.8
29.6 38.3
28.9 38.4
28.2 38.2
27.5 37.8
27.0 37.4
26.7 36.7
26.5 35.9
26.5 35.1
26.5 34.3
26.6 33.4
26.7 32.6
26.7 31.8
26.5 31.1
26.2 30.4
25.6 29.8
25.0 29.2
24.6 28.5
24.5 27.9
24.8 27.4
25.3 26.9
25.9 26.4
26.7 26.0
27.3 25.5
27.9 24.9
28.4 24.2
28.8 23.5
29.3 22.9
29.8 22.7
30.5 22.6
31.3 22.7
32.1 22.7
33.0 22.7
33.8 22.6
34.6 22.4
35.1 22.3
35.9 22.1
36.8 22.0
37.6 22.0
38.5 22.0
39.1 21.9
39.4 21.3
39.3 20.7
39.0 20.2
38.4 19.7
37.6 19.3
36.8 19.2
36.0 19.1
35.5 19.0
34.7 18.7
33.9 18.4
34.0 17.5
