32.5 33.0
32.0 33.1
32.2 33.6
32.4 34.3
32.4 35.0
32.2 35.8
32.0 36.6
31.6 37.3
31.2 38.0
30.6 38.5
29.9 38.9
29.1 39.1
28.5 39.2
28.0 38.8
27.7 38.0
27.4 37.2
27.0 36.5
26.9 35.8
27.0 35.1
27.2 34.3
27.5 33.5
27.6 32.7
27.6 31.8
27.5 31.0
27.4 30.3
27.5 29.8
27.9 29.2
28.5 28.7
29.2 28.4
29.9 28.0
30.3 27.7
31.1 27.3
31.8 26.8
32.6 26.4
33.3 25.9
33.9 25.4
34.5 24.8
35.1 24.1
35.6 23.4
36.4 23.0
37.2 22.8
37.9 22.4
38.5 21.9
38.8 21.3
39.0 20.6
38.8 19.9
38.4 19.4
37.7 19.0
36.9 18.7
36.1 18.6
35.3 18.5
34.0 17.5
