46
10
20.67111 27.88067 20.68201 27.89699 20.97431 28.29111 20.98676 28.30628 21.31628 28.66985 21.61266 28.40122 21.28974 28.04493 21.00915 27.6666 20.76194 27.25416 20.41885 27.4598 

10
30.17568 24.5001 30.17376 24.48057 30.10176 23.9952 30.09793 23.97595 29.97871 23.49998 29.5907 23.59717 29.70753 24.06361 29.77665 24.52954 29.80024 25.00981 30.19976 24.99019 

10
29.97301 26.5188 29.97871 26.50002 30.09793 26.02405 30.10176 26.0048 30.17376 25.51943 29.77809 25.46074 29.70753 25.93639 29.59308 26.3933 29.43109 26.84604 29.80771 26.9808 

16
19.82624 24.48057 19.82432 24.5001 19.80024 24.99019 19.80024 25.00981 19.82432 25.4999 19.82624 25.51943 19.89824 26.0048 19.90207 26.02405 20.02129 26.50002 20.4093 26.40283 20.29247 25.93639 20.22335 25.47046 20.20024 25.0 20.22335 24.52954 20.29391 24.05389 19.89824 23.9952 

40
22.5402 29.58115 22.55751 29.5904 23.00107 29.8002 23.0192 29.80771 23.4812 29.97301 23.49998 29.97871 23.97595 30.09793 23.9952 30.10176 24.48057 30.17376 24.5001 30.17568 24.99019 30.19976 25.00981 30.19976 25.4999 30.17568 25.51943 30.17376 26.0048 30.10176 26.02405 30.09793 26.50002 29.97871 26.5188 29.97301 26.9808 29.80771 26.99893 29.8002 27.44249 29.5904 27.4598 29.58115 27.88067 29.32889 27.89699 29.31799 28.29111 29.02569 28.05283 28.70441 27.6666 28.99085 27.26259 29.23301 26.83679 29.4344 26.3933 29.59308 25.93639 29.70753 25.47046 29.77665 25.0 29.79976 24.52954 29.77665 24.06361 29.70753 23.6067 29.59308 23.16321 29.4344 22.73741 29.23301 22.32497 28.9858 22.11933 29.32889 

10
28.30628 20.98676 28.29111 20.97431 27.89699 20.68201 27.88067 20.67111 27.4598 20.41885 27.25416 20.76194 27.6666 21.00915 28.04493 21.28974 28.40122 21.61266 28.66985 21.31628 

13
23.49998 20.02129 23.4812 20.02699 23.0192 20.19229 23.00107 20.1998 22.55751 20.4096 22.5402 20.41885 22.11933 20.67111 22.32497 21.0142 22.73741 20.76699 23.16321 20.5656 23.6067 20.40692 24.07314 20.29008 23.97595 19.90207 

13
20.98676 21.69372 20.97431 21.70889 20.68201 22.10301 20.67111 22.11933 20.41885 22.5402 20.4096 22.55751 20.1998 23.00107 20.5614 23.17209 20.76699 22.73741 21.00915 22.3334 21.28974 21.95507 21.61266 21.59878 21.31628 21.33015 

13
15.99999 29.79948 16.00924 29.81679 16.51376 30.65852 16.52466 30.67484 17.10925 31.46307 17.12171 31.47824 17.78074 32.20538 18.07712 31.93676 17.42468 31.2169 16.8518 30.44445 16.35738 29.61957 15.942 28.74132 15.58041 28.91235 

25
20.18321 33.99076 20.20052 34.00001 21.08765 34.41959 21.10579 34.4271 22.02978 34.75771 22.04856 34.76341 23.0005 35.00186 23.01975 35.00569 23.99048 35.14968 24.01002 35.15161 24.99019 35.19976 25.00981 35.19976 25.98998 35.15161 26.00952 35.14968 26.98025 35.00569 26.92156 34.61002 25.96054 34.75257 25.0 34.79976 24.03946 34.75257 23.08816 34.61146 22.15528 34.37778 21.24979 34.0538 20.38043 33.64262 19.54712 33.14315 19.34148 33.48624 

10
29.79948 34.00001 29.81679 33.99076 30.65852 33.48624 30.67484 33.47534 31.46307 32.89075 31.22479 32.56946 30.44445 33.1482 29.61957 33.64262 28.74132 34.058 28.91235 34.41959 

19
33.47534 30.67484 33.48624 30.65852 33.99076 29.81679 34.00001 29.79948 34.41959 28.91235 34.4271 28.89421 34.75771 27.97022 34.76341 27.95144 35.00186 26.9995 35.00569 26.98025 35.14968 26.00952 34.75401 25.95083 34.61146 26.91184 34.37778 27.84472 34.0538 28.75021 33.64262 29.61957 33.1482 30.44445 32.56946 31.22479 32.89075 31.46307 

22
34.4271 21.10579 34.41959 21.08765 34.00001 20.20052 33.99076 20.18321 33.48624 19.34148 33.47534 19.32516 32.89075 18.53693 32.87829 18.52176 32.21926 17.79462 32.20538 17.78074 31.47824 17.12171 31.46307 17.10925 30.67484 16.52466 30.43656 16.84595 31.2169 17.42468 31.92948 18.07052 32.57532 18.7831 33.1482 19.55555 33.64262 20.38043 34.0538 21.24979 34.38109 22.16453 34.75771 22.02978 

19
25.00981 14.80024 24.99019 14.80024 24.01002 14.84839 23.99048 14.85032 23.01975 14.99431 23.0005 14.99814 22.04856 15.23659 22.02978 15.24229 21.10579 15.5729 21.08765 15.58041 20.20052 15.99999 20.37154 16.36159 21.24979 15.9462 22.15528 15.62222 23.08816 15.38854 24.03946 15.24743 25.0 15.20024 25.97036 15.24791 25.98998 14.84839 

34
17.12171 18.52176 17.10925 18.53693 16.52466 19.32516 16.51376 19.34148 16.00924 20.18321 15.99999 20.20052 15.58041 21.08765 15.5729 21.10579 15.24229 22.02978 15.23659 22.04856 14.99814 23.0005 14.99431 23.01975 14.85032 23.99048 14.84839 24.01002 14.80024 24.99019 14.80024 25.00981 14.84839 25.98998 14.85032 26.00952 14.99431 26.98025 14.99814 26.9995 15.23659 27.95144 15.6246 27.85425 15.38854 26.91184 15.24743 25.96054 15.20024 25.0 15.24743 24.03946 15.38854 23.08816 15.62222 22.15528 15.9462 21.24979 16.35738 20.38043 16.8518 19.55555 17.42468 18.7831 18.07712 18.06324 17.78074 17.79462 

13
19.17424 39.03899 19.19237 39.0465 20.57835 39.54241 20.59713 39.54811 22.02505 39.90579 22.0443 39.90961 23.5004 40.12561 23.55909 39.72994 22.11271 39.51539 20.70386 39.16249 19.33638 38.67319 18.01456 38.04802 17.84354 38.40962 

13
39.54811 20.59713 39.54241 20.57835 39.0465 19.19237 39.03899 19.17424 38.40962 17.84354 38.40036 17.82623 37.64359 16.56363 37.3005 16.76927 38.05222 18.02344 38.67319 19.33638 39.16249 20.70386 39.51777 22.12224 39.90579 22.02505 

22
27.97495 10.09421 27.9557 10.09039 26.4996 9.87439 26.48007 9.87247 25.00981 9.80024 24.99019 9.80024 23.51993 9.87247 23.5004 9.87439 22.0443 10.09039 22.02505 10.09421 20.59713 10.45189 20.57835 10.45759 19.19237 10.9535 19.32713 11.33012 20.70386 10.83751 22.11271 10.48461 23.54937 10.27151 25.0 10.20024 26.45063 10.27151 27.88729 10.48461 29.30567 10.8399 29.40287 10.45189 

61
15.36496 13.2442 15.34979 13.25665 14.25909 14.24521 14.24521 14.25909 13.25665 15.34979 13.2442 15.36496 12.36731 16.54731 12.35641 16.56363 11.59964 17.82623 11.59038 17.84354 10.96101 19.17424 10.9535 19.19237 10.45759 20.57835 10.45189 20.59713 10.09421 22.02505 10.09039 22.0443 9.87439 23.5004 9.87247 23.51993 9.80024 24.99019 9.80024 25.00981 9.87247 26.48007 9.87439 26.4996 10.09039 27.9557 10.09421 27.97495 10.45189 29.40287 10.45759 29.42165 10.9535 30.80763 10.96101 30.82576 11.59038 32.15646 11.59964 32.17377 12.35641 33.43637 12.36731 33.45269 13.2442 34.63504 13.25665 34.65021 14.24521 35.74091 14.25909 35.75479 15.34979 36.74335 15.36496 36.7558 16.54731 37.63269 16.78559 37.3114 15.61113 36.44037 14.53499 35.46501 13.55963 34.38887 12.69445 33.22231 11.94778 31.97656 11.32681 30.66362 10.83751 29.29614 10.48461 27.88729 10.27151 26.45063 10.20024 25.0 10.27151 23.54937 10.48461 22.11271 10.83751 20.70386 11.32681 19.33638 11.94778 18.02344 12.69445 16.77769 13.55963 15.61113 14.53499 14.53499 15.61113 13.55963 16.78559 12.6886 16.54731 12.36731 

16
38.40036 32.17377 38.40962 32.15646 39.03899 30.82576 39.0465 30.80763 39.54241 29.42165 39.54811 29.40287 39.90579 27.97495 39.90961 27.9557 40.12561 26.4996 39.72994 26.44091 39.51539 27.88729 39.16249 29.29614 38.67319 30.66362 38.05222 31.97656 37.3005 33.23073 37.64359 33.43637 

10
34.51345 42.81922 34.53076 42.80997 36.21423 41.80094 36.23054 41.79003 37.80701 40.62085 37.56873 40.29957 36.00016 41.4629 34.33354 42.46183 32.56816 43.29679 32.73918 43.65839 

13
45.10345 23.02984 45.10153 23.01031 44.81354 21.06885 44.80971 21.0496 44.33281 19.14571 44.32712 19.12693 43.6659 17.27895 43.28928 17.41371 43.94719 19.25243 44.41931 21.13726 44.70442 23.05928 44.80024 25.00981 45.19976 24.99019 

16
40.6084 37.82218 40.62085 37.80701 41.79003 36.23054 41.80094 36.21423 42.80997 34.53076 42.81922 34.51345 43.65839 32.73918 43.6659 32.72105 44.32712 30.87307 43.9505 30.73832 43.29259 32.57704 42.46183 34.33354 41.4629 36.00016 40.30542 37.56083 38.99395 39.00782 39.29033 39.27645 

16
40.62085 12.19299 40.6084 12.17782 39.29033 10.72355 39.27645 10.70967 37.82218 9.3916 37.80701 9.37915 36.23054 8.20997 36.21423 8.19906 34.53076 7.19003 34.32511 7.53312 36.00016 8.5371 37.56083 9.69458 39.00054 10.99946 40.30542 12.43917 41.46875 14.00774 41.79003 13.76946 

16
5.67288 19.12693 5.66719 19.14571 5.19029 21.0496 5.18646 21.06885 4.89847 23.01031 4.89655 23.02984 4.80024 24.99019 4.80024 25.00981 4.89655 26.97016 5.29606 26.95053 5.20024 25.0 5.29558 23.05928 5.58069 21.13726 6.05281 19.25243 6.71072 17.41371 6.3341 17.27895 

13
25.00981 4.80024 24.99019 4.80024 23.02984 4.89655 23.01031 4.89847 21.06885 5.18646 21.0496 5.19029 19.14571 5.66719 19.2429 6.0552 21.13726 5.58069 23.05928 5.29558 25.0 5.20024 26.95053 5.29606 26.97016 4.89655 

16
13.78577 8.19906 13.76946 8.20997 12.19299 9.37915 12.17782 9.3916 10.72355 10.70967 10.70967 10.72355 9.3916 12.17782 9.37915 12.19299 8.20997 13.76946 8.53125 14.00774 9.69458 12.43917 10.99946 10.99946 12.43917 9.69458 13.99984 8.5371 15.67489 7.53312 15.46924 7.19003 

19
9.37915 37.80701 9.3916 37.82218 10.70967 39.27645 10.72355 39.29033 12.17782 40.6084 12.19299 40.62085 13.76946 41.79003 13.78577 41.80094 15.46924 42.80997 15.48655 42.81922 17.26082 43.65839 17.43184 43.29679 15.66646 42.46183 13.99984 41.4629 12.43917 40.30542 10.99946 39.00054 9.69458 37.56083 8.53125 35.99226 8.20997 36.23054 

13
23.01031 45.10153 23.02984 45.10345 24.99019 45.19976 25.00981 45.19976 26.97016 45.10345 26.98969 45.10153 28.93115 44.81354 28.87246 44.41787 26.94072 44.70442 25.0 44.79976 23.05928 44.70442 21.12754 44.41787 21.06885 44.81354 

4
42.07675 45.26151 43.18313 47.7978 45.71942 46.69141 44.61304 44.15512 

4
4.05146 36.4921 1.78288 37.97776 3.26853 40.24634 5.53712 38.76069 

4
6.61405 7.43782 4.12763 8.376 5.06581 10.86242 7.55223 9.92424 

4
2.8603 46.14896 3.98667 48.49717 6.33488 47.3708 5.20851 45.02259 

3
7.58695 0.03558 5.41709 3.19771 8.24846 3.59024 

3
34.82522 37.33455 31.20213 36.67211 31.9682 39.30831 

3
2.85735 11.4579 2.13254 14.99386 4.73145 14.29841 

3
39.10595 42.56651 42.0976 44.45397 42.35869 41.83038 

8
43.72256 3.01352 41.04362 2.22343 38.59065 3.55906 37.80056 6.238 39.13618 8.69097 41.81512 9.48106 44.2681 8.14543 45.05818 5.46649 

4
18.8879 2.64291 15.91066 0.4706 13.73835 3.44784 16.71559 5.62015 

136
33.25421 47.45077 32.74059 46.44563 33.74573 45.93201 33.76275 45.92223 33.77873 45.91083 33.79351 45.89792 33.80696 45.88363 33.81894 45.86808 33.82934 45.85144 33.83806 45.83385 33.84501 45.8155 33.85013 45.79655 33.85337 45.77719 33.85469 45.75761 33.85409 45.73799 33.85157 45.71853 33.84715 45.6994 33.84088 45.6808 33.83282 45.66291 33.82304 45.64589 33.81164 45.62991 33.79873 45.61513 33.78444 45.60168 33.76889 45.5897 33.75225 45.5793 33.73466 45.57058 33.71631 45.56363 33.69736 45.55851 33.678 45.55527 33.65842 45.55395 33.6388 45.55455 33.61934 45.55707 33.60021 45.56149 33.58161 45.56776 33.56372 45.57582 32.55858 46.08944 32.04496 45.0843 32.03518 45.06728 32.02379 45.05131 32.01088 45.03652 31.99658 45.02307 31.98103 45.01109 31.96439 45.00069 31.9468 44.99198 31.92845 44.98502 31.9095 44.9799 31.89014 44.97667 31.87056 44.97534 31.85094 44.97594 31.83148 44.97846 31.81235 44.98288 31.79375 44.98915 31.77586 44.99721 31.75884 45.00699 31.74286 45.01839 31.72808 45.0313 31.71463 45.0456 31.70265 45.06114 31.69225 45.07779 31.68354 45.09537 31.67658 45.11373 31.67146 45.13267 31.66823 45.15203 31.6669 45.17161 31.6675 45.19123 31.67002 45.2107 31.67444 45.22982 31.68071 45.24842 31.68877 45.26631 32.20239 46.27145 31.19725 46.78507 31.18024 46.79485 31.16426 46.80625 31.14947 46.81916 31.13603 46.83345 31.12405 46.849 31.11365 46.86565 31.10493 46.88323 31.09798 46.90158 31.09286 46.92053 31.08962 46.93989 31.08829 46.95947 31.08889 46.97909 31.09141 46.99855 31.09583 47.01768 31.1021 47.03628 31.11016 47.05417 31.11994 47.07119 31.13134 47.08717 31.14425 47.10195 31.15855 47.1154 31.17409 47.12738 31.19074 47.13778 31.20832 47.1465 31.22668 47.15345 31.24562 47.15857 31.26498 47.16181 31.28457 47.16313 31.30418 47.16253 31.32365 47.16001 31.34277 47.15559 31.36137 47.14932 31.37926 47.14126 32.3844 46.62764 32.89802 47.63278 32.9078 47.6498 32.9192 47.66577 32.93211 47.68056 32.94641 47.69401 32.96195 47.70599 32.9786 47.71639 32.99618 47.7251 33.01454 47.73206 33.03348 47.73718 33.05284 47.74041 33.07242 47.74174 33.09204 47.74114 33.11151 47.73862 33.13063 47.7342 33.14923 47.72793 33.16712 47.71987 33.18414 47.71009 33.20012 47.69869 33.2149 47.68578 33.22835 47.67149 33.24033 47.65594 33.25073 47.63929 33.25945 47.62171 33.2664 47.60335 33.27152 47.58441 33.27476 47.56505 33.27608 47.54547 33.27548 47.52585 33.27296 47.50638 33.26855 47.48726 33.26228 47.46866 

136
45.24813 35.24662 45.13561 36.31687 44.06537 36.20435 44.04577 36.20326 44.02616 36.2041 44.00673 36.20685 43.98766 36.21149 43.96914 36.21798 43.95134 36.22626 43.93444 36.23624 43.9186 36.24783 43.90397 36.26091 43.89069 36.27537 43.8789 36.29105 43.8687 36.30782 43.86019 36.32551 43.85345 36.34394 43.84856 36.36295 43.84555 36.38235 43.84446 36.40194 43.84529 36.42155 43.84805 36.44099 43.85269 36.46006 43.85918 36.47858 43.86746 36.49638 43.87744 36.51328 43.88902 36.52912 43.90211 36.54375 43.91656 36.55702 43.93225 36.56882 43.94902 36.57902 43.96671 36.58753 43.98514 36.59426 44.00415 36.59915 44.02354 36.60216 45.09379 36.71468 44.98127 37.78492 44.98018 37.80452 44.98102 37.82413 44.98377 37.84356 44.98841 37.86263 44.9949 37.88116 45.00318 37.89895 45.01316 37.91585 45.02475 37.9317 45.03783 37.94632 45.05229 37.9596 45.06797 37.9714 45.08474 37.9816 45.10243 37.9901 45.12086 37.99684 45.13987 38.00173 45.15927 38.00474 45.17886 38.00583 45.19847 38.005 45.21791 38.00225 45.23698 37.9976 45.2555 37.99111 45.2733 37.98284 45.2902 37.97286 45.30604 37.96127 45.32067 37.94818 45.33394 37.93373 45.34574 37.91804 45.35594 37.90127 45.36445 37.88359 45.37118 37.86515 45.37607 37.84614 45.37908 37.82675 45.4916 36.7565 46.56184 36.86902 46.58144 36.87011 46.60105 36.86928 46.62048 36.86652 46.63955 36.86188 46.65808 36.85539 46.67587 36.84711 46.69277 36.83713 46.70862 36.82555 46.72324 36.81246 46.73652 36.79801 46.74832 36.78232 46.75852 36.76555 46.76702 36.74786 46.77376 36.72943 46.77865 36.71042 46.78166 36.69102 46.78275 36.67143 46.78192 36.65182 46.77917 36.63239 46.77452 36.61332 46.76803 36.59479 46.75976 36.577 46.74978 36.5601 46.73819 36.54425 46.7251 36.52962 46.71065 36.51635 46.69496 36.50455 46.67819 36.49435 46.66051 36.48584 46.64207 36.47911 46.62306 36.47422 46.60367 36.47121 45.53342 36.35869 45.64594 35.28845 45.64703 35.26885 45.6462 35.24924 45.64344 35.22981 45.6388 35.21074 45.63231 35.19222 45.62403 35.17442 45.61405 35.15752 45.60247 35.14168 45.58938 35.12705 45.57493 35.11377 45.55924 35.10198 45.54247 35.09177 45.52478 35.08327 45.50635 35.07653 45.48734 35.07164 45.46795 35.06863 45.44835 35.06754 45.42874 35.06837 45.40931 35.07113 45.39024 35.07577 45.37171 35.08226 45.35392 35.09054 45.33702 35.10052 45.32117 35.1121 45.30655 35.12519 45.29327 35.13964 45.28147 35.15533 45.27127 35.1721 45.26277 35.18979 45.25603 35.20822 45.25114 35.22723 

136
31.67253 8.30839 30.88809 7.68642 31.51006 6.90197 31.52149 6.88601 31.53129 6.86901 31.53938 6.85113 31.54568 6.83254 31.55013 6.81343 31.55268 6.79397 31.55332 6.77435 31.55202 6.75476 31.54882 6.7354 31.54373 6.71645 31.53681 6.69808 31.52812 6.68048 31.51775 6.66382 31.50579 6.64825 31.49237 6.63393 31.4776 6.621 31.46164 6.60958 31.44464 6.59977 31.42676 6.59168 31.40817 6.58538 31.38906 6.58093 31.3696 6.57838 31.34998 6.57774 31.33039 6.57904 31.31103 6.58224 31.29208 6.58733 31.27371 6.59426 31.25611 6.60294 31.23945 6.61332 31.22388 6.62527 31.20956 6.6387 31.19663 6.65346 30.57466 7.4379 29.79022 6.81593 29.77426 6.80451 29.75726 6.7947 29.73938 6.78661 29.72079 6.78031 29.70167 6.77586 29.68221 6.77331 29.66259 6.77268 29.64301 6.77397 29.62365 6.77717 29.60469 6.78226 29.58632 6.78919 29.56872 6.79787 29.55206 6.80825 29.5365 6.8202 29.52218 6.83363 29.50924 6.84839 29.49782 6.86435 29.48801 6.88135 29.47992 6.89923 29.47362 6.91782 29.46917 6.93694 29.46662 6.9564 29.46599 6.97601 29.46728 6.9956 29.47049 7.01496 29.47558 7.03392 29.4825 7.05228 29.49119 7.06988 29.50156 7.08654 29.51352 7.10211 29.52694 7.11643 29.5417 7.12936 30.32614 7.75133 29.70417 8.53577 29.69275 8.55173 29.68294 8.56874 29.67485 8.58662 29.66855 8.60521 29.6641 8.62432 29.66155 8.64378 29.66092 8.6634 29.66221 8.68298 29.66542 8.70235 29.67051 8.7213 29.67743 8.73967 29.68612 8.75727 29.69649 8.77393 29.70845 8.7895 29.72187 8.80381 29.73663 8.81675 29.75259 8.82817 29.76959 8.83798 29.78748 8.84607 29.80606 8.85237 29.82518 8.85682 29.84464 8.85937 29.86426 8.86 29.88384 8.85871 29.90321 8.8555 29.92216 8.85042 29.94053 8.84349 29.95813 8.8348 29.97479 8.82443 29.99035 8.81248 30.00467 8.79905 30.01761 8.78429 30.63958 7.99985 31.42402 8.62182 31.43998 8.63324 31.45698 8.64305 31.47486 8.65114 31.49345 8.65744 31.51257 8.66189 31.53203 8.66444 31.55164 8.66507 31.57123 8.66378 31.59059 8.66057 31.60955 8.65549 31.62791 8.64856 31.64551 8.63987 31.66217 8.6295 31.67774 8.61755 31.69206 8.60412 31.70499 8.58936 31.71642 8.5734 31.72622 8.5564 31.73431 8.53852 31.74061 8.51993 31.74506 8.50081 31.74762 8.48135 31.74825 8.46173 31.74696 8.44215 31.74375 8.42279 31.73866 8.40383 31.73174 8.38547 31.72305 8.36787 31.71268 8.3512 31.70072 8.33564 31.6873 8.32132 

84
47.07196 27.81636 47.29746 29.52232 47.30098 29.54163 47.30638 29.5605 47.31361 29.57875 47.32258 29.5962 47.33323 29.61269 47.34544 29.62806 47.35909 29.64216 47.37407 29.65485 47.39021 29.66601 47.40737 29.67553 47.42538 29.68333 47.44407 29.68933 47.46326 29.69346 47.48276 29.69569 47.50238 29.696 47.52195 29.69439 47.54125 29.69086 47.56012 29.68547 47.57837 29.67824 47.59583 29.66927 47.61232 29.65862 47.62768 29.64641 47.64178 29.63276 47.65447 29.61778 47.66563 29.60164 47.67516 29.58448 47.68295 29.56647 47.68895 29.54778 47.69308 29.52859 47.69531 29.50909 47.69563 29.48946 47.69401 29.4699 47.4423 27.56567 47.43878 27.54636 47.43338 27.52749 47.42615 27.50924 47.41718 27.49179 47.40653 27.4753 47.39432 27.45993 47.38067 27.44583 47.36569 27.43314 47.34955 27.42198 47.33239 27.41246 47.31438 27.40466 47.29569 27.39867 47.2765 27.39453 47.257 27.3923 47.23738 27.39199 47.21782 27.3936 45.31358 27.64531 45.29427 27.64884 45.2754 27.65424 45.25715 27.66146 45.2397 27.67044 45.22321 27.68108 45.20784 27.69329 45.19375 27.70695 45.18106 27.72192 45.16989 27.73806 45.16037 27.75522 45.15257 27.77324 45.14658 27.79193 45.14244 27.81111 45.14021 27.83061 45.1399 27.85024 45.14151 27.8698 45.14504 27.88911 45.15044 27.90798 45.15766 27.92623 45.16664 27.94368 45.17728 27.96017 45.18949 27.97554 45.20315 27.98963 45.21812 28.00232 45.23426 28.01348 45.25143 28.02301 45.26944 28.03081 45.28813 28.0368 45.30731 28.04093 45.32681 28.04317 45.34644 28.04348 45.366 28.04186 

84
30.54505 14.06454 29.35079 15.08627 29.33652 15.09975 29.32364 15.11456 29.31227 15.13056 29.30253 15.1476 29.2945 15.16551 29.28827 15.18412 29.28389 15.20325 29.28141 15.22272 29.28085 15.24234 29.28221 15.26192 29.28549 15.28127 29.29065 15.30021 29.29764 15.31855 29.30639 15.33612 29.31682 15.35274 29.32884 15.36826 29.34231 15.38253 29.35712 15.39541 29.37312 15.40678 29.39016 15.41652 29.40807 15.42455 29.42668 15.43078 29.44581 15.43516 29.46528 15.43764 29.4849 15.4382 29.50448 15.43684 29.52383 15.43356 29.54277 15.4284 29.56111 15.42141 29.57868 15.41266 29.5953 15.40223 29.61083 15.39022 30.95706 14.23847 30.97133 14.22499 30.98421 14.21018 30.99558 14.19418 31.00532 14.17715 31.01335 14.15923 31.01958 14.14062 31.02396 14.12149 31.02644 14.10202 31.027 14.0824 31.02564 14.06282 31.02236 14.04347 31.0172 14.02453 31.01021 14.00619 31.00146 13.98863 30.99103 13.972 30.97901 13.95648 29.82727 12.61025 29.81379 12.59598 29.79898 12.5831 29.78298 12.57173 29.76594 12.56199 29.74803 12.55396 29.72942 12.54773 29.71029 12.54335 29.69082 12.54087 29.6712 12.54031 29.65162 12.54167 29.63227 12.54495 29.61333 12.5501 29.59499 12.55709 29.57742 12.56585 29.5608 12.57628 29.54528 12.58829 29.53101 12.60177 29.51813 12.61658 29.50676 12.63258 29.49702 12.64961 29.48899 12.66753 29.48276 12.68614 29.47838 12.70527 29.4759 12.72474 29.47534 12.74436 29.4767 12.76394 29.47998 12.78329 29.48514 12.80223 29.49212 12.82057 29.50088 12.83813 29.51131 12.85476 29.52332 12.87028 

84
25.79838 23.8581 26.57773 25.14153 26.58872 25.15779 26.60126 25.17289 26.61522 25.18669 26.63046 25.19905 26.64685 25.20986 26.66421 25.21901 26.68238 25.22642 26.7012 25.23201 26.72047 25.23572 26.74001 25.23754 26.75964 25.23742 26.77916 25.23539 26.79839 25.23145 26.81714 25.22564 26.83523 25.21803 26.85248 25.20867 26.86874 25.19768 26.88384 25.18514 26.89764 25.17118 26.91 25.15594 26.92081 25.13955 26.92996 25.12219 26.93737 25.10402 26.94296 25.0852 26.94668 25.06593 26.94849 25.04639 26.94838 25.02676 26.94634 25.00724 26.9424 24.98801 26.93659 24.96926 26.92898 24.95117 26.91963 24.93392 26.03648 23.47953 26.02548 23.46328 26.01294 23.44818 25.99898 23.43438 25.98374 23.42201 25.96736 23.4112 25.94999 23.40205 25.93182 23.39465 25.913 23.38906 25.89373 23.38534 25.87419 23.38353 25.85456 23.38364 25.83504 23.38568 25.81581 23.38962 25.79706 23.39542 25.77897 23.40304 25.76172 23.41239 24.30733 24.29554 24.29108 24.30654 24.27598 24.31908 24.26218 24.33304 24.24981 24.34828 24.239 24.36466 24.22985 24.38202 24.22245 24.4002 24.21686 24.41901 24.21314 24.43828 24.21133 24.45783 24.21144 24.47746 24.21348 24.49698 24.21742 24.5162 24.22322 24.53495 24.23084 24.55304 24.24019 24.5703 24.25119 24.58655 24.26373 24.60165 24.27768 24.61545 24.29293 24.62782 24.30931 24.63863 24.32667 24.64778 24.34485 24.65518 24.36366 24.66077 24.38293 24.66449 24.40248 24.6663 24.4221 24.66619 24.44163 24.66415 24.46085 24.66021 24.4796 24.65441 24.49769 24.64679 24.51495 24.63744 

84
15.12379 17.61427 13.78642 17.19531 13.76743 17.19036 13.74804 17.18731 13.72844 17.18617 13.70883 17.18695 13.68939 17.18966 13.67031 17.19425 13.65177 17.2007 13.63395 17.20893 13.61703 17.21887 13.60116 17.23041 13.5865 17.24346 13.57318 17.25788 13.56135 17.27354 13.55111 17.29029 13.54256 17.30795 13.53578 17.32637 13.53084 17.34537 13.52778 17.36475 13.52664 17.38435 13.52742 17.40396 13.53013 17.4234 13.53472 17.44248 13.54117 17.46102 13.5494 17.47884 13.55934 17.49576 13.57088 17.51163 13.58393 17.52629 13.59836 17.53961 13.61401 17.55144 13.63076 17.56168 13.64842 17.57023 13.66684 17.57701 15.19507 18.05577 15.21406 18.06071 15.23345 18.06376 15.25304 18.0649 15.27266 18.06412 15.2921 18.06142 15.31118 18.05682 15.32972 18.05037 15.34753 18.04214 15.36446 18.03221 15.38033 18.02066 15.39499 18.00761 15.4083 17.99319 15.42014 17.97753 15.43038 17.96079 15.43893 17.94312 15.44571 17.9247 15.92446 16.39648 15.92941 16.37748 15.93246 16.35809 15.9336 16.3385 15.93282 16.31889 15.93011 16.29945 15.92552 16.28037 15.91907 16.26183 15.91084 16.24401 15.90091 16.22708 15.88936 16.21121 15.87631 16.19655 15.86189 16.18324 15.84623 16.17141 15.82949 16.16116 15.81182 16.15261 15.7934 16.14583 15.77441 16.14089 15.75502 16.13783 15.73542 16.13669 15.71581 16.13748 15.69637 16.14018 15.67729 16.14478 15.65875 16.15122 15.64093 16.15945 15.62401 16.16939 15.60814 16.18094 15.59348 16.19399 15.58017 16.20841 15.56833 16.22407 15.55809 16.24081 15.54954 16.25848 15.54276 16.2769 

