41.5 41.0
40.7 40.3
40.0 41.2
38.9 41.6
37.7 41.7
36.5 42.0
35.4 42.0
34.2 41.5
33.3 41.0
32.3 41.1
31.5 41.8
30.8 42.7
29.8 43.1
28.6 43.2
27.4 42.9
26.4 43.0
25.6 43.8
24.5 43.7
23.7 42.9
22.4 42.6
21.1 42.5
19.8 42.4
18.5 42.2
17.4 41.7
16.5 40.9
15.6 39.9
15.7 38.7
16.6 38.1
17.8 37.6
18.9 37.0
20.0 36.4
21.0 36.3
22.2 36.6
23.3 37.2
24.5 37.6
25.7 37.6
26.9 37.3
28.0 36.7
29.2 36.0
30.3 35.3
31.4 34.6
32.5 33.8
33.6 33.1
34.8 32.5
35.9 32.0
36.7 31.1
36.9 29.8
37.2 28.5
37.5 27.2
37.6 25.9
37.8 24.6
38.3 23.4
39.2 22.6
39.3 21.6
38.9 20.4
38.8 19.3
39.4 18.2
39.5 17.1
39.2 15.9
38.5 14.9
37.6 14.0
36.7 13.0
36.0 12.2
35.8 10.9
36.1 9.8
36.7 8.7
37.6 8.0
38.8 7.6
40.1 7.4
