35.0 4.0
35.9 3.5
36.6 2.6
37.8 2.2
38.9 2.4
40.1 2.7
41.4 2.8
42.7 2.8
43.6 3.3
44.1 4.3
44.3 5.5
44.5 6.7
45.0 7.8
46.1 7.7
47.0 7.0
48.0 7.6
48.5 8.7
48.6 9.8
48.0 11.0
47.2 11.9
46.6 12.9
46.2 14.1
45.9 15.4
45.8 16.7
45.6 17.9
45.0 18.9
44.2 19.9
43.5 20.9
42.9 22.0
42.2 23.0
41.1 23.5
39.9 23.6
38.7 23.5
37.9 24.2
37.5 25.3
37.3 26.5
37.3 27.8
36.9 28.8
36.2 29.7
35.2 30.6
34.3 31.5
33.3 32.4
32.4 33.0
31.2 33.3
29.9 33.4
28.6 33.6
27.3 34.0
26.1 34.4
24.9 34.7
23.6 34.7
22.3 34.4
21.1 33.9
20.0 33.1
19.0 32.3
18.2 31.3
17.5 30.2
16.9 29.1
16.1 28.3
14.9 28.1
13.7 28.2
12.4 28.0
11.2 27.5
10.2 26.9
9.6 25.8
9.6 24.6
10.0 23.3
10.0 22.1
9.4 21.3
8.4 20.7
7.5 20.0
6.9 18.9
6.4 18.0
5.5 17.3
4.3 16.9
3.1 16.7
2.2 15.8
1.9 14.6
2.1 13.3
2.4 12.1
2.1 10.8
2.0 9.7
2.3 8.4
2.7 7.2
3.1 6.2
4.4 6.9
5.5 6.7
5.9 5.6
5.9 4.4
4.8 5.0
