35.0 4.0
36.1 4.2
37.2 5.0
37.7 5.9
38.1 7.0
38.7 8.0
38.7 9.1
38.2 10.2
37.4 11.1
36.4 11.7
35.3 12.2
34.4 13.0
33.6 14.0
33.0 15.1
32.6 16.3
32.4 17.6
32.7 18.6
33.6 19.2
34.7 19.5
35.9 19.4
36.4 20.4
36.2 21.5
35.7 22.6
35.0 23.6
34.8 24.7
34.8 26.0
34.7 27.3
34.7 28.6
34.5 29.8
33.9 31.0
33.5 32.0
33.6 33.1
34.1 34.3
34.3 35.5
33.8 36.6
33.0 37.6
31.7 38.1
30.5 38.0
29.3 37.7
28.0 37.2
26.9 36.6
25.7 36.0
24.6 35.5
23.4 35.3
22.2 35.4
20.9 35.2
19.9 34.5
18.9 33.9
17.7 34.5
17.0 35.5
16.4 36.5
15.5 37.2
14.5 37.9
13.6 38.9
12.8 39.9
12.1 40.9
11.8 42.0
11.7 43.3
11.4 44.5
11.0 45.8
10.6 47.0
10.1 47.9
8.8 48.2
7.6 47.9
6.5 47.3
5.5 46.5
4.7 45.5
4.0 44.4
3.4 43.3
2.9 42.1
2.6 40.9
2.5 39.6
2.7 38.4
3.2 37.2
4.0 36.2
5.0 35.3
5.8 34.4
6.5 33.2
7.0 32.0
7.5 30.9
8.4 30.2
9.5 29.9
10.0 28.9
10.0 27.7
9.7 26.5
9.1 25.5
9.0 24.4
8.9 23.2
8.1 22.4
7.1 21.6
6.1 20.8
5.1 20.0
4.0 19.3
3.2 18.7
2.9 17.5
3.0 16.2
3.1 14.9
2.8 13.7
2.3 12.5
1.7 11.4
1.4 10.3
1.6 9.1
2.2 8.0
2.9 6.9
3.5 5.8
