47.0 3.5
45.9 3.8
45.0 4.7
43.9 5.3
42.6 5.8
41.8 6.4
41.9 7.8
42.5 8.9
43.4 9.8
43.7 11.0
43.1 11.9
42.0 12.5
40.9 12.8
39.9 13.6
39.5 14.6
39.1 15.9
38.5 17.0
38.2 18.0
38.7 19.2
39.6 20.0
39.9 21.1
39.1 21.8
37.9 22.3
36.7 22.6
35.4 22.7
34.1 23.1
32.9 23.5
31.6 24.0
30.4 24.6
29.2 25.1
28.0 25.4
26.9 25.4
25.8 24.9
24.8 24.1
23.9 23.4
22.6 23.0
21.4 23.3
20.4 23.7
19.2 23.6
18.0 23.2
17.2 24.0
16.3 24.7
15.2 24.4
14.1 23.7
13.2 23.0
12.1 22.8
11.1 22.4
10.1 21.6
9.3 20.5
9.6 19.3
10.5 18.7
11.7 18.3
13.0 18.1
14.3 18.0
15.6 18.1
16.9 18.3
