35.0 17.0
34.1 16.4
32.9 16.0
31.7 15.7
30.8 15.2
30.4 14.2
29.4 14.3
28.2 14.0
27.1 13.5
25.9 13.0
24.7 12.7
23.4 12.4
22.2 12.3
20.9 12.3
19.8 12.5
18.9 13.2
18.2 14.2
17.5 15.1
16.5 15.7
15.4 16.4
14.6 17.3
13.7 18.3
13.0 19.3
12.3 20.4
11.9 21.5
11.8 22.8
11.8 23.9
11.3 25.0
10.6 26.0
9.8 26.8
8.7 27.1
7.4 27.1
6.2 26.9
4.9 26.7
3.6 26.8
2.5 27.1
2.0 28.1
1.7 29.3
1.7 30.7
1.8 32.0
1.9 33.3
2.1 34.6
2.7 35.7
3.7 36.2
4.9 36.4
4.9 37.6
4.2 38.5
3.2 39.3
2.4 40.3
1.9 41.4
2.6 42.5
3.7 42.9
4.9 43.3
6.1 43.7
