47.0 17.5
46.4 16.7
45.9 15.7
44.8 16.0
43.7 15.7
42.7 15.1
41.6 14.5
40.7 14.0
39.7 14.4
38.9 15.3
38.3 16.4
37.8 17.5
37.9 18.5
38.4 19.6
38.7 20.6
38.5 21.7
37.9 22.6
36.8 23.1
35.6 23.5
34.3 23.6
33.0 23.7
31.7 23.6
30.5 23.3
29.7 24.0
29.1 25.0
28.1 25.5
26.9 25.8
25.7 25.7
25.1 26.6
25.8 27.8
26.7 28.8
27.2 29.7
27.0 30.8
26.4 31.9
26.3 33.1
26.8 34.2
27.4 35.2
26.4 35.9
26.9 36.8
27.6 37.8
27.8 38.9
28.9 39.1
29.9 39.6
31.0 39.9
32.2 39.9
33.4 39.5
34.4 39.1
35.5 39.1
36.7 39.5
37.8 40.2
38.9 40.8
40.0 40.9
41.3 40.6
42.4 40.1
43.6 39.9
44.8 39.9
46.1 40.0
47.1 40.3
47.4 41.5
47.2 42.6
46.6 43.7
46.3 44.7
