17.5 25.0
17.8 26.2
18.5 27.2
19.5 28.0
20.6 28.6
21.6 28.4
22.6 27.7
23.4 26.7
24.1 25.7
24.8 24.6
25.3 23.5
26.1 22.8
27.2 22.5
28.5 22.5
29.8 22.6
31.0 22.7
32.3 22.8
33.4 23.4
33.9 24.5
34.9 24.7
36.0 24.2
36.9 23.3
37.7 22.4
38.8 21.7
38.5 20.6
37.5 20.1
36.4 19.8
36.1 18.8
36.5 17.8
37.3 16.8
38.1 15.8
38.8 14.7
39.5 13.6
38.6 12.8
37.7 12.1
37.2 11.0
37.1 9.8
37.5 8.7
38.6 8.4
38.8 7.4
38.1 6.6
37.0 6.0
35.8 5.4
34.7 4.9
33.5 4.5
32.3 4.3
31.1 4.3
30.1 4.8
29.3 5.6
28.7 6.5
27.6 6.2
26.9 5.3
26.4 4.2
