45.0 46.0
44.8 47.2
43.9 47.9
42.8 48.2
41.7 47.5
41.2 46.5
41.0 45.3
41.1 44.0
40.9 43.0
40.2 42.1
39.4 41.1
38.8 40.1
38.0 39.1
36.9 38.3
35.8 37.6
34.8 36.8
33.8 35.9
32.8 35.0
32.1 34.1
32.5 33.0
33.2 31.9
33.7 30.7
34.0 29.5
34.5 28.3
35.1 27.1
35.8 25.9
36.4 24.8
36.8 23.7
36.8 22.4
36.5 21.2
35.8 20.2
34.9 19.3
33.9 18.6
32.9 17.9
31.8 17.2
30.8 16.3
29.9 15.3
29.0 14.7
27.8 14.4
26.5 14.3
25.2 14.4
23.9 14.3
22.6 14.1
21.4 13.9
20.1 13.8
18.8 13.6
17.6 13.1
16.5 12.5
15.8 11.7
14.8 12.3
