45.0 46.0
44.5 47.1
43.8 48.1
42.8 48.5
41.6 48.6
41.1 47.5
40.2 46.8
39.4 45.9
38.8 44.9
38.3 43.7
38.2 42.6
38.4 41.5
37.7 40.7
36.7 40.5
35.6 40.3
34.6 39.7
33.8 38.7
33.2 37.6
32.1 37.0
30.9 37.3
29.9 37.9
28.8 38.4
27.8 38.2
26.8 37.5
25.9 36.9
24.7 36.7
23.4 36.9
22.2 37.0
21.0 36.9
19.9 36.4
18.9 35.6
17.8 35.0
17.0 34.4
16.5 33.3
16.2 32.1
16.2 30.8
16.3 29.7
15.6 28.7
14.6 28.2
13.4 28.0
12.9 26.8
12.7 25.5
12.3 24.3
11.8 23.2
11.3 22.1
11.3 21.0
12.3 20.2
13.5 19.9
14.7 19.6
15.8 18.9
16.8 18.1
17.7 17.3
17.8 16.3
17.4 15.2
16.6 14.3
