45.0 46.0
46.0 45.2
45.0 45.4
43.9 45.8
42.9 46.6
42.0 47.5
41.0 47.9
39.8 48.0
38.7 47.4
38.1 46.4
37.9 45.2
37.9 43.9
38.2 42.7
38.8 41.6
39.6 40.6
39.6 39.5
38.9 38.6
37.9 37.9
36.7 37.4
35.6 36.9
34.4 36.6
33.1 36.5
31.9 36.4
30.6 36.5
29.4 36.9
28.2 37.3
26.9 37.6
25.9 38.3
24.9 39.1
23.9 39.3
22.9 38.8
21.9 38.1
21.1 37.2
20.0 37.3
19.2 38.1
18.3 38.6
17.5 38.0
16.9 36.9
16.6 35.7
16.5 34.4
16.4 33.0
16.3 31.8
16.0 30.5
15.7 29.3
15.4 28.1
15.3 26.8
15.1 25.6
14.4 24.8
13.4 24.1
12.3 23.6
11.1 23.2
10.9 22.2
11.7 21.4
12.8 20.7
14.0 20.3
14.9 19.7
15.7 18.7
16.2 17.5
16.6 16.3
16.8 15.2
16.4 14.2
