25.0 47.5
26.2 47.6
27.3 47.8
28.5 48.2
29.7 48.6
31.0 48.7
32.3 48.6
33.5 48.3
34.8 48.0
36.0 47.6
37.1 47.0
38.2 46.4
39.3 45.7
40.3 45.0
41.1 44.0
42.0 43.0
42.7 42.2
42.2 41.3
41.3 40.6
40.1 40.1
38.8 39.8
37.6 39.7
36.3 39.9
35.1 40.2
33.9 40.1
32.6 39.9
31.4 39.9
30.1 40.2
28.8 40.6
27.6 41.0
26.8 40.0
26.8 38.8
27.0 37.6
27.8 36.5
28.9 35.9
30.1 35.5
31.4 35.4
32.7 35.4
33.8 35.1
34.4 34.2
34.7 33.1
34.7 31.9
35.2 31.0
36.1 30.1
37.1 29.3
37.8 28.4
37.5 27.4
36.6 26.5
35.6 26.0
34.3 25.7
33.0 25.7
32.1 25.2
32.0 24.2
32.3 23.1
32.3 22.0
31.3 21.7
30.2 21.2
29.6 20.3
29.4 19.1
29.3 17.9
28.7 17.0
28.0 15.9
27.5 14.7
27.0 13.5
26.7 12.5
25.7 12.0
