35.0 45.0
36.2 44.9
37.3 44.6
38.5 44.1
39.6 43.5
40.6 42.9
41.3 42.0
41.6 40.9
42.0 39.9
42.9 39.2
43.9 38.6
44.8 37.6
45.4 36.5
45.9 35.3
46.4 34.1
46.8 32.8
46.7 31.4
46.1 30.3
45.8 29.1
45.7 27.8
45.8 26.5
46.1 25.4
46.7 24.2
47.1 23.2
47.1 22.0
46.9 20.7
46.4 19.5
45.9 18.3
45.3 17.2
44.6 16.1
43.9 15.2
43.6 14.0
43.4 12.9
42.4 12.6
41.4 13.0
40.5 13.8
39.5 14.0
38.6 13.5
37.7 12.6
36.9 11.6
36.2 10.5
35.4 9.4
34.4 8.7
33.2 8.7
31.9 8.9
30.7 9.0
29.5 8.9
28.3 8.4
27.1 8.1
25.8 8.0
24.5 8.0
23.2 8.0
21.9 8.0
20.6 8.2
19.4 8.6
18.3 9.0
17.2 9.1
15.9 8.9
14.7 8.6
13.5 8.1
12.4 7.6
11.3 7.5
10.0 7.8
8.9 8.2
7.9 9.0
7.1 9.9
7.2 11.1
6.0 11.3
5.0 12.0
4.3 13.0
3.6 14.1
2.9 15.2
2.3 16.3
1.8 17.4
1.5 18.7
1.4 20.0
1.5 21.2
1.9 22.4
2.6 23.6
