12.5 25.0
11.4 25.4
10.1 25.0
9.0 25.5
8.0 26.3
7.0 27.1
6.1 27.8
5.6 29.1
4.9 30.2
4.1 31.0
2.9 31.5
1.9 32.2
1.7 33.4
1.7 34.6
1.6 35.8
1.6 36.9
2.0 37.9
2.3 39.0
2.1 40.2
1.9 41.4
1.9 42.8
2.1 44.1
2.3 45.3
3.2 45.8
4.3 45.6
5.4 45.1
6.5 45.8
6.7 47.0
7.7 47.6
8.8 47.3
9.8 46.6
10.2 45.5
10.0 44.3
9.6 43.1
9.7 42.1
10.2 41.0
10.8 40.0
11.6 39.0
12.5 38.1
13.5 37.2
14.4 36.3
15.3 35.4
16.2 34.5
17.2 34.0
18.4 33.8
19.7 33.8
20.9 33.9
22.2 33.8
23.5 33.8
24.6 33.9
25.6 34.5
26.8 34.9
27.9 34.6
29.1 34.0
30.3 33.5
31.5 32.9
32.5 32.2
33.4 31.3
34.1 30.2
34.9 29.1
35.6 28.0
36.3 26.9
37.2 26.0
38.3 25.2
39.4 24.6
40.5 23.9
41.4 22.9
42.2 21.9
42.9 20.9
43.6 19.8
44.4 18.9
44.3 17.6
44.0 16.3
44.0 15.1
44.2 14.0
45.2 13.1
46.3 12.6
47.3 11.9
48.0 10.9
48.2 9.9
47.7 9.0
46.7 8.3
45.9 7.7
45.4 6.5
45.2 5.3
45.0 4.0
44.6 2.9
43.5 2.4
42.3 2.6
41.3 3.1
40.4 4.0
39.6 5.0
38.9 6.1
38.4 7.0
38.8 8.1
39.4 9.1
39.6 10.3
39.5 11.6
38.4 11.8
