5.0 15.0
5.2 14.0
4.8 12.8
4.4 11.6
3.9 10.3
3.5 9.1
4.1 8.1
5.3 7.8
6.5 7.4
7.7 6.9
8.8 6.3
10.0 5.7
11.0 5.2
12.3 5.1
13.5 5.2
14.8 5.4
16.0 5.7
17.0 6.4
17.7 7.3
17.7 8.5
17.0 9.5
16.0 10.2
14.8 10.9
13.7 11.4
12.9 12.2
12.2 13.3
11.8 14.5
11.4 15.7
11.2 16.9
10.6 17.9
9.6 18.7
8.8 19.4
8.4 20.5
8.4 21.7
8.6 22.9
9.1 24.1
9.7 25.3
10.3 26.4
11.0 27.4
11.8 28.4
12.6 29.4
13.4 30.4
14.4 31.2
15.3 32.1
16.2 33.1
17.1 34.0
18.0 35.0
18.9 35.9
19.9 36.6
21.0 36.9
22.2 36.9
23.4 36.8
23.4 35.6
24.5 35.7
