35.0 21.0
35.9 21.7
36.0 22.8
35.8 24.0
35.3 25.1
34.7 26.3
34.3 27.5
34.0 28.7
33.6 29.9
33.0 31.0
32.3 32.0
31.4 32.5
30.2 33.0
29.1 33.6
27.9 34.2
26.6 34.6
25.5 34.9
24.3 34.8
23.0 34.6
21.7 34.4
20.4 34.3
19.1 34.2
18.1 34.1
18.0 33.0
17.8 31.9
17.1 30.9
16.1 30.1
15.4 29.1
14.8 28.0
15.0 26.8
15.5 25.6
16.0 24.4
16.0 23.2
15.4 22.3
14.4 21.6
13.3 20.8
12.2 20.1
11.3 19.5
10.3 19.8
9.5 20.5
8.4 21.0
7.2 21.2
6.2 20.9
5.3 20.2
4.4 19.2
3.7 18.2
3.1 17.1
2.5 16.0
2.8 14.9
3.7 14.0
3.4 12.9
2.8 11.7
2.3 10.6
1.7 9.4
1.8 8.3
2.7 7.7
3.9 7.5
5.1 7.6
5.0 6.5
