25.0 4.0
25.8 4.6
26.1 5.8
26.7 6.7
27.7 7.3
28.6 8.1
29.5 9.1
30.2 10.1
31.1 10.9
32.3 11.4
33.4 12.0
34.5 12.8
35.4 13.7
36.4 14.7
36.5 15.8
35.4 16.6
34.2 17.0
33.3 17.8
33.1 18.9
33.4 19.9
34.5 20.4
35.7 20.3
36.9 20.0
38.2 19.6
39.5 19.4
40.8 19.1
42.1 18.9
43.2 18.5
44.1 17.8
44.9 16.8
45.4 15.7
45.7 14.4
45.8 13.3
46.5 12.5
47.4 11.6
48.0 10.5
48.4 9.3
47.9 8.3
46.8 7.9
46.2 7.0
46.2 5.8
45.7 4.7
45.0 3.7
44.0 3.0
42.8 2.4
41.8 2.1
40.8 2.7
39.7 3.2
38.6 3.1
37.4 2.7
36.4 1.9
35.4 2.1
34.9 3.1
