25.0 25.0
23.9 25.3
22.7 25.5
21.7 25.3
21.0 26.3
20.3 27.3
19.7 28.4
19.2 29.7
19.1 30.8
18.1 30.9
18.2 32.3
18.7 33.5
19.3 34.7
19.8 35.8
20.1 37.0
20.9 37.8
22.1 38.1
23.3 38.0
24.5 37.7
25.7 37.2
26.9 36.6
28.0 36.0
29.1 35.3
30.1 34.6
31.3 34.2
32.6 34.1
33.9 34.1
35.0 33.9
35.6 33.0
35.8 31.8
36.1 30.6
36.5 29.4
37.2 28.5
38.3 28.1
39.6 28.1
40.7 28.4
41.7 29.1
42.6 30.0
43.4 31.0
44.3 32.0
45.2 32.9
45.5 34.1
45.4 35.3
44.9 36.5
44.4 37.6
44.3 38.6
44.6 39.8
45.1 40.9
45.7 42.0
45.8 43.0
45.5 44.1
