46.0 4.0
45.7 5.1
44.8 4.5
43.8 4.8
42.8 5.6
41.9 6.5
41.5 7.7
41.7 8.8
41.9 10.1
42.0 11.4
41.8 12.6
41.5 13.9
41.0 15.0
41.2 16.1
42.0 16.9
43.0 17.5
43.9 18.2
43.0 18.9
41.8 19.3
40.9 19.9
40.1 20.9
39.4 22.0
38.6 22.9
37.4 23.1
36.2 23.1
35.2 23.9
35.1 25.0
35.3 26.3
35.0 27.5
34.2 28.3
32.9 28.5
31.8 28.2
30.7 27.7
29.5 28.0
28.6 28.8
27.8 29.8
27.0 30.8
26.4 31.7
26.4 32.7
26.9 33.8
27.4 34.8
26.5 35.6
25.3 35.7
24.4 36.2
24.0 37.3
22.9 38.2
21.8 38.5
20.8 38.8
20.9 39.9
20.7 41.0
19.7 41.4
18.4 41.5
17.2 41.4
15.9 41.1
14.7 40.7
13.8 40.2
13.9 39.0
14.7 38.2
15.6 37.3
16.3 36.3
16.9 35.2
17.3 34.0
