37.5 12.5
37.3 13.0
37.0 13.6
36.5 14.2
36.3 13.6
36.3 12.9
36.6 12.2
37.0 11.5
36.9 10.7
36.4 10.2
35.8 9.8
35.0 9.4
34.2 9.2
33.5 9.3
32.7 9.5
31.9 9.9
31.2 10.3
30.4 10.7
29.7 11.1
29.0 11.7
28.4 12.3
27.8 12.9
27.1 13.5
26.5 14.1
25.9 14.6
25.3 15.2
24.7 15.9
24.2 16.5
23.7 17.2
23.1 17.7
22.7 18.0
22.1 18.5
21.6 19.1
21.3 19.8
20.8 20.5
20.2 21.0
19.5 21.5
18.8 22.0
18.0 22.4
17.2 22.7
16.3 23.0
15.6 23.3
14.8 23.7
14.0 24.1
13.3 24.6
12.6 25.1
12.0 25.5
11.4 25.6
10.6 25.5
9.9 25.4
9.3 25.6
8.6 26.0
8.2 26.3
7.6 26.8
6.9 27.3
6.2 27.8
5.7 28.4
5.4 29.1
5.1 29.9
4.9 30.7
4.6 31.4
4.1 32.1
3.6 32.7
3.0 33.3
2.5 33.8
2.2 34.5
2.1 35.2
2.1 36.0
2.3 36.8
2.3 37.5
2.2 38.3
2.1 38.8
2.0 39.6
2.0 40.5
1.9 41.4
2.0 42.1
2.2 42.8
2.6 43.4
3.2 44.1
3.6 44.8
4.0 45.4
4.5 45.7
5.3 46.0
6.0 46.4
6.5 47.0
7.0 47.7
7.6 48.2
8.2 48.3
8.9 48.1
9.7 47.8
10.4 47.4
10.9 47.0
11.3 46.4
11.4 45.6
11.5 44.8
11.4 44.0
11.3 43.5
11.1 42.7
11.0 41.8
11.0 41.0
11.2 40.3
11.6 39.5
12.0 38.9
12.4 38.5
12.5 37.5
