15.0 45.0
14.1 44.5
13.4 45.6
12.3 46.0
11.2 45.7
10.2 45.1
9.3 44.5
8.3 44.4
7.2 44.7
6.1 44.5
5.0 44.0
4.0 43.1
3.4 42.3
3.5 41.0
4.1 40.1
4.8 39.3
4.9 38.3
4.5 37.2
4.0 36.0
3.8 34.8
3.8 33.6
4.0 32.3
4.2 31.1
4.1 29.9
3.6 28.8
3.2 27.7
3.1 26.5
3.1 25.2
3.1 24.1
2.7 23.1
2.0 22.2
1.8 20.9
2.3 20.0
2.9 19.0
3.3 17.8
3.3 16.5
3.3 15.3
3.3 14.2
4.6 14.3
5.6 15.0
6.5 15.9
7.2 16.9
8.1 17.8
9.2 18.1
10.4 18.3
11.5 18.9
12.5 19.7
13.5 20.5
14.4 21.4
15.6 22.1
16.8 22.2
17.9 21.6
18.4 20.7
18.7 19.5
19.3 18.5
20.3 17.7
21.3 17.0
22.4 16.5
23.4 15.8
24.1 14.8
24.7 13.7
25.1 12.5
26.1 12.0
26.8 12.8
27.6 13.8
28.6 14.5
29.8 15.1
31.0 15.5
32.3 15.9
33.5 16.4
34.7 17.0
35.7 17.9
36.0 19.0
36.0 20.1
35.7 21.3
36.2 22.3
37.1 23.2
37.6 24.2
37.8 25.5
37.7 26.7
37.5 28.0
37.6 29.1
38.7 29.8
39.9 30.1
41.1 30.8
41.7 31.8
42.3 33.0
42.9 34.1
43.7 35.1
