5.0 45.0
4.0 44.5
4.1 45.5
4.7 46.4
5.8 46.4
7.0 46.0
8.1 45.3
9.1 44.5
10.1 43.6
11.0 42.7
12.0 42.4
12.8 43.4
13.2 44.5
13.4 45.6
14.2 46.4
15.3 46.9
16.5 47.0
17.8 47.0
18.9 47.0
20.1 46.5
21.2 46.2
22.5 46.2
23.8 46.4
24.9 46.3
26.1 45.9
27.2 45.2
28.3 45.2
29.4 45.5
30.4 45.3
31.5 44.6
32.6 44.2
33.8 43.7
34.9 43.2
36.0 42.6
37.1 41.9
37.9 41.2
38.5 40.1
38.7 38.9
39.0 37.6
39.5 36.4
40.0 35.2
40.5 34.0
41.0 32.8
41.5 31.8
42.5 31.0
43.6 30.3
44.8 29.7
45.7 29.2
45.5 28.1
44.7 27.3
43.8 26.6
43.6 25.4
43.8 24.2
44.4 23.1
44.7 22.0
44.8 20.7
44.6 19.5
44.3 18.2
44.0 16.9
43.6 15.7
43.0 14.6
42.6 13.5
42.6 12.4
42.6 11.2
42.2 10.1
41.7 9.1
40.6 8.7
39.4 9.0
38.2 9.0
37.0 8.7
35.9 8.2
34.9 7.4
34.0 6.4
33.1 5.8
31.9 5.4
30.6 5.3
29.4 5.4
28.1 5.7
26.9 5.8
25.6 5.6
24.3 5.4
23.0 5.1
22.0 4.5
20.9 4.2
19.9 4.1
18.8 3.7
17.8 3.5
16.9 3.0
15.6 2.7
14.7 3.2
15.2 4.1
