8.0 25.0
7.1 24.5
7.0 25.7
8.0 26.2
9.1 25.8
10.0 25.0
10.8 24.0
11.5 24.9
11.5 26.1
11.4 27.3
11.8 28.3
12.6 29.4
13.5 30.3
14.5 31.2
15.6 32.0
16.3 32.8
16.8 33.9
17.3 35.1
18.1 36.2
18.8 37.0
19.8 37.5
21.1 37.7
22.2 37.6
23.4 37.1
24.4 36.5
25.5 36.3
26.8 36.5
28.0 37.0
29.1 37.2
30.0 36.6
30.7 35.6
31.3 34.4
31.9 33.2
32.4 32.3
32.2 31.1
31.5 30.2
30.9 29.3
32.0 28.6
33.3 28.5
34.6 28.6
35.8 28.8
36.9 28.7
38.1 28.4
39.2 29.2
40.2 29.6
41.1 29.0
41.7 28.1
42.1 26.9
42.1 25.7
42.0 24.6
43.0 24.3
43.0 22.8
44.1 22.1
45.0 21.3
46.0 21.5
46.3 22.6
46.1 23.8
46.0 25.0
46.3 26.2
46.8 27.4
47.4 28.6
47.6 29.7
47.4 30.9
46.8 31.9
45.9 32.8
44.9 33.5
44.0 34.3
43.3 35.2
43.1 36.3
43.2 37.5
43.6 38.6
44.2 39.9
44.6 41.0
43.6 41.7
