17.5 17.5
16.8 16.6
16.0 16.0
14.9 15.9
13.7 16.0
12.5 16.3
11.3 16.8
10.4 17.8
10.0 18.9
9.8 20.2
9.7 21.5
9.7 22.7
9.3 23.8
8.4 24.5
7.2 24.8
5.9 24.9
4.7 25.0
3.9 25.6
3.7 26.7
3.8 27.9
4.3 29.1
4.7 30.3
4.9 31.6
4.9 32.9
4.8 34.2
4.7 35.4
5.0 36.7
5.4 37.8
6.2 38.8
7.1 39.7
8.0 40.6
9.1 41.3
10.2 41.8
11.4 42.2
12.4 42.0
13.6 41.5
14.6 40.7
15.6 39.9
16.6 39.0
17.5 38.4
18.6 38.2
19.9 38.4
21.2 38.6
22.5 38.9
23.8 39.2
25.1 39.5
26.3 39.9
27.5 40.3
28.7 40.9
29.6 41.6
30.4 42.6
31.1 43.7
32.2 44.1
33.1 43.1
33.6 41.9
34.4 40.9
35.5 40.4
36.7 40.5
37.7 41.3
38.7 41.7
39.9 41.2
40.7 40.4
41.7 39.9
42.8 39.7
43.9 40.2
44.7 41.1
45.2 42.2
45.9 43.4
46.6 44.6
