4.0 4.0
4.3 2.8
5.6 3.0
6.8 3.5
7.9 3.7
8.9 3.8
10.1 4.2
11.4 4.1
12.7 3.9
14.0 3.7
15.3 3.5
16.5 3.3
17.6 3.5
18.6 4.2
19.5 5.1
20.3 6.0
21.3 6.4
22.5 6.5
23.3 7.1
23.8 8.2
24.0 9.4
24.7 10.4
25.7 11.2
26.8 11.8
27.6 12.4
27.6 13.5
27.0 14.6
26.3 15.6
25.5 16.4
25.0 17.5
24.9 18.8
24.9 20.1
25.1 21.3
25.6 22.3
26.4 23.2
27.0 24.0
27.0 25.2
26.5 26.1
25.6 26.9
26.5 27.6
27.7 27.8
28.9 27.8
30.2 28.0
31.5 28.4
32.5 28.3
33.6 27.8
34.6 27.1
35.7 26.9
36.8 27.3
37.7 28.0
38.9 28.7
40.1 28.7
41.1 28.1
41.1 27.0
40.7 25.9
40.1 24.7
39.3 23.7
39.3 22.6
39.8 21.6
39.8 20.5
39.5 19.3
38.9 18.1
38.2 17.1
37.0 16.7
35.8 16.8
34.5 17.1
33.3 17.6
