12.0 28.0
11.0 27.4
12.1 27.0
13.1 26.3
14.2 25.5
15.2 24.7
16.0 23.9
16.2 22.9
16.0 21.8
16.1 20.6
16.8 19.7
17.9 19.1
18.7 18.3
19.3 17.3
19.7 16.3
20.6 15.7
21.9 15.5
23.1 15.3
24.2 14.9
25.3 14.3
26.4 13.6
27.4 12.9
28.5 12.7
29.7 12.9
31.0 13.2
32.1 13.6
33.1 13.2
33.7 12.3
34.2 11.1
34.7 10.1
35.6 9.4
36.8 9.0
38.0 8.8
39.2 8.3
39.9 7.4
40.3 6.2
40.5 5.0
40.8 3.8
41.3 2.7
41.9 1.9
43.1 2.1
44.1 2.7
45.0 3.6
45.8 4.6
46.5 5.6
47.3 6.6
48.1 7.6
48.4 8.7
48.4 9.9
47.9 11.1
47.3 12.3
46.7 13.3
