3.5 25.0
4.7 24.9
5.9 24.4
6.7 23.5
7.7 22.6
8.7 21.9
9.7 21.5
11.0 22.0
12.3 22.3
13.5 22.5
14.8 22.4
16.1 22.2
17.2 22.2
18.4 22.6
19.4 23.2
20.4 24.0
21.7 24.4
22.9 24.2
24.0 24.2
25.0 24.8
25.9 25.6
26.9 25.9
28.0 25.0
28.8 24.1
29.8 23.4
30.9 23.1
32.1 23.2
33.3 23.6
34.3 24.0
35.3 23.9
36.4 23.4
37.4 22.6
38.3 21.8
39.3 21.5
40.3 21.9
41.3 22.7
42.4 23.3
43.5 23.9
44.4 24.4
44.7 25.6
44.9 26.9
45.0 28.2
45.0 29.5
44.7 30.7
44.5 32.0
44.7 33.1
45.4 34.1
46.0 35.1
46.1 36.2
45.8 37.4
45.6 38.5
45.9 39.6
46.6 40.7
47.2 41.8
47.6 43.0
48.0 44.2
48.2 45.4
47.9 46.4
