5.0 45.0
4.1 44.3
3.3 43.4
2.7 42.4
2.3 41.2
2.1 39.9
2.1 38.8
2.6 37.7
3.3 36.6
4.1 35.6
4.9 34.7
5.1 33.6
5.1 32.3
5.0 31.1
5.4 29.9
6.0 28.9
6.9 28.1
8.0 27.3
8.8 26.4
10.1 26.1
11.3 26.2
12.4 26.0
13.1 25.2
13.7 24.2
14.0 23.0
14.3 21.7
14.5 20.4
14.8 19.2
15.1 17.9
15.4 16.7
15.7 15.7
16.6 15.2
17.8 15.2
19.0 15.5
20.1 15.9
21.3 15.9
22.3 15.6
23.0 14.7
23.4 13.6
23.6 12.5
24.7 12.3
25.8 12.5
26.2 11.5
26.0 10.4
25.9 9.3
26.3 8.2
27.2 7.4
28.4 7.3
29.6 7.4
30.6 7.1
31.4 6.4
32.1 5.4
32.9 4.7
34.0 4.1
35.3 3.8
36.6 4.0
37.5 4.8
38.3 5.7
39.0 6.8
39.5 8.0
40.1 9.2
40.5 10.3
41.4 11.2
42.5 11.8
43.2 12.9
43.4 14.1
44.0 15.2
