3.5 35.0
3.5 36.3
3.4 37.3
4.6 37.9
5.9 37.9
7.2 37.9
8.5 37.9
9.8 37.9
11.0 38.2
12.2 38.7
13.3 38.9
14.4 38.7
15.5 38.2
16.7 37.8
18.0 37.7
19.2 37.9
20.2 38.5
21.0 39.2
21.6 40.2
21.9 41.4
22.5 42.4
23.5 42.9
24.8 42.5
25.7 41.7
26.3 40.9
26.6 39.7
27.1 38.6
27.6 37.5
27.5 36.4
27.1 35.2
26.6 34.1
26.5 33.0
26.8 31.8
27.4 30.6
28.2 29.6
29.1 28.9
30.3 28.4
31.5 28.1
32.8 28.0
34.2 28.0
35.5 27.9
36.7 27.6
37.9 27.2
39.0 26.6
39.6 25.4
39.7 24.2
39.4 22.9
39.7 21.7
40.5 20.8
41.6 20.1
42.8 19.5
44.0 19.1
45.2 18.5
46.2 17.7
