3.5 35.0
4.1 33.9
4.8 32.9
5.3 31.8
5.4 30.5
6.1 29.4
7.1 28.6
8.2 28.2
9.3 27.7
9.8 26.8
9.7 25.6
9.7 24.5
10.4 23.7
11.5 23.3
12.8 23.0
14.0 23.1
15.3 23.4
16.6 23.7
17.8 23.9
18.8 24.0
19.7 23.4
20.4 22.5
20.9 21.4
21.7 20.7
22.7 20.8
23.6 21.4
24.6 22.3
25.7 23.1
26.6 23.6
27.7 23.6
28.9 23.2
30.0 22.7
31.1 23.4
31.9 24.3
32.9 25.0
33.9 25.8
34.8 26.8
35.7 27.6
36.8 28.2
38.1 28.5
39.4 28.6
40.7 28.5
41.9 28.1
42.6 27.1
42.4 26.0
41.7 24.9
41.0 24.0
40.8 23.0
41.0 21.9
41.5 20.8
41.4 19.8
41.0 18.8
41.7 17.6
42.7 17.0
43.9 16.6
45.1 16.6
46.3 16.9
