47.0 17.5
46.1 16.9
45.0 16.3
44.3 15.5
43.2 15.2
42.2 14.9
41.3 14.1
40.3 13.8
39.1 14.1
38.0 14.6
36.8 15.1
35.8 15.6
35.0 16.5
34.5 17.5
35.2 18.5
36.3 19.1
37.6 19.4
38.9 19.6
40.1 19.8
40.2 21.0
39.7 21.9
38.7 22.8
37.7 23.5
36.6 24.2
35.5 24.4
34.2 24.2
33.0 23.8
31.7 23.7
30.5 23.9
29.2 24.3
27.9 24.6
26.6 24.7
25.3 24.6
24.1 24.2
22.9 24.2
21.6 24.3
20.3 24.6
19.2 25.1
18.0 25.5
16.8 25.7
15.7 26.0
14.7 26.8
14.0 27.6
12.9 28.1
11.7 28.3
10.4 28.3
9.1 28.3
7.8 28.1
6.8 28.3
6.3 29.2
6.1 30.3
6.2 31.6
6.2 32.9
6.1 34.1
5.7 35.3
5.0 36.3
4.2 37.3
3.8 38.4
3.7 39.7
3.6 41.0
3.5 42.2
3.4 43.5
4.0 44.6
