3.5 3.5
4.8 3.5
5.9 3.8
6.8 4.7
7.4 5.7
8.0 6.8
8.7 7.9
9.2 9.0
9.4 10.3
9.4 11.5
9.2 12.8
8.7 14.0
8.3 15.0
8.4 16.2
8.9 17.3
9.3 18.7
9.5 19.9
9.7 21.0
8.7 21.8
7.5 22.0
6.3 21.9
5.4 22.4
4.7 23.3
4.1 24.4
3.9 25.4
4.3 26.4
5.1 27.4
5.7 28.4
5.9 29.4
5.6 30.6
5.1 31.7
4.6 32.8
4.3 34.1
4.4 35.4
4.6 36.7
5.1 37.7
6.0 38.5
7.1 39.3
8.2 39.9
9.3 40.2
10.4 40.1
11.6 39.6
12.8 39.2
13.8 39.5
14.7 40.3
15.9 40.1
16.5 39.1
16.9 37.9
17.8 37.4
18.7 37.9
19.5 38.9
20.5 39.6
21.6 39.3
22.6 38.4
23.0 37.2
23.0 35.9
22.9 34.6
22.7 33.3
22.8 32.0
23.0 30.8
23.1 29.7
22.6 28.7
22.3 27.7
22.5 26.5
23.1 25.4
