15.0 13.0
14.1 12.4
15.1 12.0
15.8 11.1
16.7 10.2
17.9 9.9
19.2 9.9
20.4 10.0
21.5 10.5
22.4 11.3
23.0 12.4
23.5 13.6
23.8 14.8
23.8 16.0
23.5 17.2
23.3 18.4
23.4 19.6
23.9 20.8
24.4 21.9
25.1 23.0
25.7 24.1
25.7 25.3
25.3 26.5
25.0 27.7
24.8 29.0
24.5 30.2
24.1 31.5
23.7 32.7
23.4 33.7
23.5 34.9
24.1 36.1
24.7 37.1
24.6 38.1
23.9 39.0
22.9 39.5
21.7 39.7
20.4 39.6
19.3 39.2
18.4 38.4
17.3 38.0
16.2 38.2
15.2 38.7
14.1 38.5
13.1 37.8
12.3 37.0
11.3 37.7
10.5 38.7
9.9 39.9
9.6 41.1
9.5 42.3
9.5 43.6
9.5 45.0
9.5 46.2
8.7 47.0
7.6 47.1
6.5 46.7
5.5 46.0
4.8 45.0
4.2 43.9
3.8 42.7
3.2 41.7
2.4 40.7
2.0 39.6
1.9 38.3
2.0 37.2
2.6 36.1
3.5 35.3
4.1 34.2
4.0 33.1
3.5 32.0
3.2 30.9
4.3 30.2
5.4 30.0
6.2 29.1
6.1 27.7
6.3 26.7
7.3 26.3
8.5 26.4
9.6 26.4
10.6 25.9
11.5 24.9
11.7 23.9
11.2 23.0
