45.0 15.0
43.9 14.7
42.7 15.1
41.7 15.8
40.8 16.8
39.9 17.7
39.0 18.2
38.0 17.8
37.4 18.6
36.3 19.1
35.1 19.5
34.1 19.9
33.2 20.8
32.4 21.8
31.9 22.9
31.5 24.1
30.4 24.8
29.3 24.7
28.1 24.3
26.9 23.8
25.7 23.6
24.5 23.8
23.3 24.3
22.2 24.9
21.1 25.6
19.9 26.2
18.9 26.8
18.0 27.8
17.2 28.8
16.5 29.9
15.9 31.0
15.2 32.1
14.4 33.0
13.4 33.8
12.2 34.5
11.2 34.9
9.9 35.0
8.7 34.8
7.4 34.5
6.2 34.1
5.2 33.5
5.4 32.2
6.0 31.2
6.8 30.2
7.1 29.2
7.0 27.9
6.8 26.7
6.3 25.5
5.6 24.4
4.7 23.5
3.7 22.7
3.0 21.7
3.1 20.6
3.5 19.4
4.2 18.4
4.9 17.4
5.2 16.1
