33.5 35.0
32.5 35.4
33.3 36.4
34.4 36.9
35.1 37.8
35.7 39.0
36.6 39.8
37.7 39.9
38.8 39.6
39.9 39.2
41.1 39.1
42.3 39.2
43.5 38.6
44.3 37.6
44.9 36.4
45.3 35.2
45.7 34.0
46.4 33.2
47.2 32.5
46.8 31.4
45.8 30.7
44.7 30.0
43.6 29.4
42.4 28.8
41.3 28.5
40.0 28.6
38.8 28.8
37.5 29.0
36.2 29.0
34.9 28.9
33.9 28.5
32.9 27.7
32.0 26.9
30.9 26.5
29.6 26.3
28.4 26.0
27.2 25.4
26.0 24.9
24.9 24.4
23.7 24.2
22.5 24.2
21.2 24.3
20.0 24.6
18.8 25.1
17.7 25.6
16.7 25.7
16.1 24.8
15.7 23.8
14.8 22.9
13.8 22.4
12.6 22.4
11.6 23.0
10.8 23.9
9.8 23.4
9.5 22.2
9.5 21.0
9.7 19.7
10.0 18.4
10.3 17.1
10.6 15.9
10.9 14.6
11.2 13.4
11.0 12.3
10.5 11.1
9.9 10.1
10.3 8.8
10.9 7.6
11.6 6.4
12.7 5.5
13.8 5.1
14.9 4.5
15.9 3.7
