5.0 5.0
6.1 4.6
6.1 5.7
5.5 6.6
4.7 7.4
5.5 8.4
6.6 8.6
7.9 8.8
9.2 8.8
10.4 8.8
11.7 8.8
12.8 8.9
13.8 9.4
14.6 10.1
14.8 11.1
14.6 12.3
14.3 13.4
14.6 14.4
15.3 15.4
16.2 16.1
17.3 16.2
18.5 16.0
19.5 15.9
20.7 16.6
21.4 17.5
22.2 18.5
23.4 18.6
24.6 18.2
25.9 18.1
27.2 18.3
28.5 18.6
29.6 19.2
30.6 20.0
31.5 20.9
32.4 21.4
33.7 21.6
34.9 21.6
36.0 21.9
36.4 22.9
36.4 24.1
36.1 25.3
36.0 26.6
36.5 27.7
37.5 28.3
38.7 28.8
39.5 29.7
40.0 30.9
40.5 32.1
41.0 33.3
41.6 34.3
42.6 35.0
43.7 35.6
44.7 36.1
44.9 37.5
45.0 38.8
45.3 40.0
45.7 41.3
46.2 42.5
46.3 43.6
