17.5 33.0
17.4 34.1
16.6 34.9
15.9 35.9
15.4 36.8
15.2 38.0
14.7 39.2
14.0 40.2
13.0 40.9
11.7 40.8
10.4 40.6
9.2 40.5
7.9 40.5
6.7 40.2
5.9 39.3
5.2 38.3
4.7 37.1
4.4 35.9
4.3 34.9
4.8 33.9
5.5 32.9
5.8 31.7
6.0 30.5
6.2 29.2
6.2 27.9
6.4 26.7
6.8 25.5
7.4 24.4
8.0 23.3
8.9 22.7
10.1 22.2
11.3 22.1
12.6 22.3
13.8 22.5
15.1 22.9
16.3 23.4
17.5 23.9
18.7 23.8
19.7 23.2
20.5 22.3
21.1 21.3
21.5 20.1
21.7 18.8
21.9 17.6
22.3 16.3
22.7 15.1
23.1 14.1
22.9 13.0
22.3 12.0
21.9 11.0
22.1 9.8
22.5 8.6
22.6 7.6
22.3 6.4
21.7 5.3
20.9 4.6
19.8 4.2
18.6 4.2
17.4 4.4
16.4 4.2
15.4 3.6
14.2 3.5
13.1 4.0
11.8 4.1
10.8 3.7
9.9 2.9
8.9 2.8
7.9 3.3
7.0 4.0
6.0 3.7
5.4 2.8
