17.5 33.0
17.8 34.2
17.5 35.4
16.9 36.4
17.3 37.5
18.2 38.2
19.3 38.8
20.5 39.3
21.8 39.6
23.0 39.4
23.8 38.7
23.9 37.5
23.3 36.3
22.8 35.2
22.4 34.0
22.3 32.9
22.6 31.8
23.1 30.7
23.1 29.5
23.0 28.2
22.6 27.2
21.7 26.4
21.0 25.3
21.0 24.1
21.2 22.9
21.6 21.6
22.0 20.5
21.9 19.3
21.7 18.0
21.8 16.9
22.3 15.8
22.8 14.8
22.8 13.7
22.5 12.5
22.0 11.3
21.6 10.0
21.3 8.8
21.1 7.6
21.2 6.4
20.4 5.5
19.3 5.4
18.1 5.6
16.9 5.6
15.7 5.1
14.7 4.5
14.0 3.2
13.1 2.5
12.0 2.6
11.0 3.2
10.1 3.7
8.9 3.1
8.0 2.3
6.9 1.9
5.9 1.8
5.1 2.8
5.0 3.9
