17.5 33.0
18.2 33.8
18.2 35.0
18.2 36.2
18.7 37.1
19.7 37.7
20.8 38.3
21.7 39.1
22.7 39.6
23.8 38.8
24.7 38.0
25.7 37.2
26.5 36.4
26.6 35.3
25.9 34.5
24.9 33.6
24.1 32.6
23.2 31.6
22.4 30.6
21.7 29.6
21.4 28.4
21.4 27.2
21.2 26.0
20.7 24.8
20.1 23.8
19.4 23.0
18.4 22.7
17.2 22.9
16.0 23.2
14.7 23.6
13.5 23.6
12.3 23.3
11.1 23.0
10.6 21.9
10.8 20.7
11.0 19.6
10.0 18.8
8.8 18.6
7.5 18.9
6.3 19.3
5.9 18.3
6.4 17.3
7.2 16.4
8.2 15.6
9.0 14.8
9.5 13.8
9.8 12.5
9.8 11.3
9.6 10.0
9.3 8.7
8.8 7.5
8.2 6.3
7.4 5.4
6.5 4.9
5.2 4.8
