35.0 5.0
35.6 4.1
36.6 4.0
37.6 4.5
38.4 5.3
39.5 5.2
40.2 4.4
41.0 3.6
42.0 3.8
43.0 4.5
43.7 5.5
44.5 6.5
45.4 7.3
46.2 8.3
46.6 9.4
46.8 10.6
47.3 11.7
47.6 12.8
47.1 13.7
46.2 14.3
45.0 14.7
43.7 14.8
42.5 14.7
41.3 14.3
40.1 13.9
39.1 14.0
38.0 14.5
37.0 15.4
36.0 16.2
35.1 17.2
34.5 18.1
34.4 19.3
34.6 20.5
35.0 21.7
35.5 22.9
35.9 24.1
36.4 25.2
37.4 26.0
37.7 27.2
37.1 28.1
36.1 28.9
35.3 29.7
35.8 30.9
36.5 31.8
36.6 32.8
36.1 33.7
35.2 34.5
34.4 35.2
34.3 36.2
34.6 37.4
35.2 38.5
35.9 39.7
36.6 40.7
37.1 41.8
37.3 43.0
37.3 44.3
37.8 45.3
38.8 45.9
39.9 46.2
41.2 46.3
42.5 46.5
43.7 46.6
44.9 46.3
45.9 45.9
