37.5 37.5
38.0 37.7
38.5 38.4
38.7 39.1
38.8 39.9
38.7 40.7
38.7 41.6
38.9 42.4
39.1 43.3
39.4 44.1
39.8 44.9
40.3 45.6
40.8 46.3
41.3 47.0
41.7 47.4
42.3 47.4
42.9 47.2
43.2 46.8
43.5 46.1
43.6 45.3
43.6 44.4
43.4 43.6
43.3 42.9
43.6 42.4
44.1 42.0
44.9 41.7
45.6 41.5
46.5 41.5
47.3 41.4
47.8 41.0
48.0 40.5
47.9 39.8
47.6 39.2
47.1 38.7
46.4 38.2
45.7 37.7
44.9 37.3
44.2 36.9
43.8 36.5
43.6 35.7
43.7 35.0
44.0 34.2
44.5 33.5
45.0 32.8
45.4 32.2
45.5 31.7
45.4 31.0
45.0 30.3
44.5 29.7
43.9 29.1
43.2 28.8
42.6 28.9
42.0 29.2
41.3 29.7
40.7 29.9
39.9 29.9
39.0 29.8
38.2 29.5
37.5 29.1
36.7 28.9
35.9 28.8
35.0 28.8
34.5 28.9
33.7 29.0
33.2 29.1
32.4 29.3
31.6 29.5
31.0 29.3
30.6 28.8
30.3 28.0
30.1 27.2
30.1 26.4
29.9 25.6
29.6 24.9
29.1 24.2
28.5 23.7
27.8 23.4
27.0 23.2
26.2 23.1
25.5 23.0
24.9 22.7
24.5 22.1
24.2 21.4
23.8 20.8
23.3 20.2
22.6 19.7
21.9 19.3
21.1 19.0
20.3 18.7
19.8 18.6
19.1 18.5
18.3 18.6
17.5 18.9
16.7 19.2
15.9 19.6
15.3 20.0
14.8 20.6
14.5 21.3
14.2 22.1
14.1 22.9
14.3 23.6
14.6 24.3
15.2 25.0
15.6 25.6
15.9 26.3
16.0 27.1
16.0 27.9
15.9 28.4
15.9 29.2
16.0 30.0
16.3 30.7
16.6 31.4
16.5 32.1
16.3 32.9
16.0 33.6
15.5 34.3
15.2 35.1
14.9 35.9
14.6 36.7
14.3 37.5
13.9 37.9
13.3 37.9
12.5 37.5
