17.5 46.0
17.2 44.9
17.5 43.6
17.8 42.3
18.2 41.1
17.9 40.0
17.1 39.2
16.0 38.6
14.8 38.2
13.6 38.0
12.5 38.1
11.6 39.2
10.6 39.8
9.3 39.8
8.1 39.5
6.9 38.9
5.8 38.3
4.9 37.5
4.4 36.6
4.4 35.5
4.8 34.4
4.9 33.2
4.8 31.9
4.5 30.7
4.2 29.5
4.7 28.4
5.7 28.0
7.0 27.6
8.3 27.5
9.5 27.6
10.8 27.9
12.0 28.3
13.3 28.0
14.2 27.4
15.0 26.4
16.1 25.6
17.2 25.0
18.3 24.3
19.4 23.7
20.5 23.1
21.6 22.5
22.6 21.7
23.5 20.8
24.2 19.7
24.8 18.5
25.3 17.3
25.7 16.1
26.2 14.9
26.4 13.7
27.5 13.8
27.3 12.6
27.1 11.3
27.0 10.1
27.9 9.5
28.3 8.2
28.2 7.1
28.8 6.3
29.9 6.1
31.1 6.1
32.1 5.6
32.8 4.8
