17.5 46.0
18.3 44.9
19.2 44.0
19.8 43.0
20.1 41.7
20.3 40.6
21.0 39.7
21.9 38.8
22.7 37.8
23.4 36.7
24.1 35.5
24.6 34.6
24.2 33.5
23.4 32.5
22.9 31.4
22.5 30.2
22.3 29.1
23.0 27.8
23.9 26.9
25.0 26.2
26.2 26.0
27.4 26.4
28.5 27.1
29.5 27.6
30.7 27.7
32.0 27.5
33.2 27.1
34.3 26.6
35.3 26.0
35.7 24.8
35.7 23.7
36.4 22.8
37.5 22.3
38.7 22.1
39.4 21.2
38.6 20.1
38.0 19.3
38.4 18.0
39.2 17.0
40.2 16.2
41.1 15.4
41.6 14.4
41.5 13.2
41.0 12.0
40.0 11.6
38.9 11.3
38.5 10.0
38.5 8.9
38.7 7.7
38.4 6.7
37.7 5.7
36.7 5.1
35.5 4.6
34.2 4.4
