5.0 35.0
4.3 36.1
5.3 36.2
6.3 36.5
7.1 37.4
7.7 38.5
8.4 39.4
9.4 40.1
9.9 41.0
8.8 41.8
8.5 42.9
9.6 43.7
10.8 44.2
11.8 44.9
12.6 45.8
13.4 46.8
14.2 47.6
15.2 47.9
16.1 46.9
16.3 45.8
17.2 45.3
18.2 45.8
19.0 46.7
19.7 47.8
20.7 48.3
21.9 48.2
23.1 47.8
24.3 47.3
25.5 46.6
26.6 46.2
27.8 46.1
29.1 46.2
30.4 46.4
31.7 46.5
32.7 46.3
33.2 45.4
33.9 44.4
34.8 43.5
35.9 42.9
37.1 42.6
38.4 42.4
39.5 42.0
40.5 41.4
41.2 40.4
41.8 39.3
42.3 38.0
42.6 37.0
43.6 36.5
44.8 36.5
46.0 36.9
47.0 36.3
46.8 35.3
45.8 35.1
