17.5 35.0
18.4 35.6
18.7 36.6
18.7 37.8
19.4 39.0
20.3 39.6
21.3 39.8
22.4 39.5
23.1 38.7
23.2 37.6
23.0 36.3
22.9 35.2
23.2 34.0
23.8 32.9
24.3 31.9
24.2 30.8
24.0 29.5
23.8 28.2
23.6 26.9
23.8 25.8
24.7 25.2
25.8 25.0
26.8 24.9
27.4 24.0
27.5 22.9
27.3 21.7
27.2 20.4
27.1 19.0
27.2 17.8
27.6 16.6
28.1 15.7
28.0 14.3
27.4 13.2
26.9 12.0
27.2 10.9
27.5 9.7
27.6 8.4
27.6 7.1
27.7 5.8
28.4 5.0
29.4 4.5
30.7 4.4
31.9 4.5
33.0 4.6
34.1 4.1
35.0 3.4
36.1 3.2
37.3 3.7
38.3 4.4
39.2 5.3
40.4 5.8
41.6 5.6
42.8 5.6
44.0 5.7
45.2 5.6
46.4 5.1
