17.5 35.0
17.2 36.1
16.6 37.0
16.0 37.9
16.2 39.0
16.8 40.2
17.4 41.1
18.3 41.6
19.5 41.7
20.7 41.5
22.0 41.1
23.1 40.7
23.9 39.7
24.2 38.5
24.2 37.2
24.1 35.9
23.9 34.6
24.0 33.6
24.5 32.5
25.2 31.4
26.1 30.5
27.1 29.6
27.9 28.7
27.7 27.5
27.1 26.6
26.1 26.0
25.3 25.1
24.8 24.0
24.4 22.9
24.4 21.6
24.6 20.3
24.9 19.1
25.4 17.8
25.8 16.6
26.2 15.4
26.9 14.4
27.5 13.3
28.0 12.1
28.3 10.9
28.2 9.8
27.9 8.7
27.9 7.4
28.1 6.2
28.7 5.2
30.0 5.2
31.1 5.7
32.2 5.6
33.1 4.9
33.9 3.9
34.5 2.8
35.7 2.7
36.6 3.5
37.4 4.5
38.0 5.3
39.0 5.7
40.3 5.8
41.5 5.7
42.6 5.2
43.7 4.5
44.7 3.7
45.7 2.8
