5.0 35.0
6.2 34.8
7.2 34.5
8.0 33.6
8.1 32.4
7.9 31.2
7.5 29.9
6.9 28.8
7.0 27.6
7.7 26.6
8.6 25.7
9.6 24.8
10.6 23.9
11.6 23.0
12.3 22.1
12.5 20.7
12.5 19.4
12.6 18.2
13.0 17.1
13.7 16.3
14.8 15.8
16.1 15.6
16.9 14.9
16.6 13.9
15.8 12.9
14.8 12.2
14.0 11.5
14.7 10.5
15.8 9.9
16.9 9.7
18.0 9.4
19.0 8.8
19.9 7.9
20.9 7.0
21.9 6.2
23.0 5.5
23.9 5.0
24.9 5.6
25.6 6.6
26.9 6.9
28.2 6.8
29.1 6.3
30.0 5.5
31.2 5.2
32.3 5.4
33.4 6.0
34.6 6.5
35.6 6.1
36.6 5.7
37.7 5.8
38.7 6.4
39.5 7.2
40.7 6.9
41.5 6.0
42.1 4.9
43.0 4.2
44.1 4.3
