35.0 33.5
33.9 34.2
32.8 34.4
31.5 34.5
30.5 34.2
29.9 35.4
29.0 36.3
28.0 37.0
26.9 37.3
25.6 37.3
24.5 37.2
23.9 38.2
23.9 39.3
24.4 40.5
25.1 41.4
26.1 41.3
27.4 40.9
28.7 40.6
29.9 40.6
31.2 40.7
32.4 40.9
33.7 40.8
34.9 40.5
36.1 40.1
37.2 39.4
38.1 38.6
39.1 38.4
40.1 38.9
40.9 39.8
41.8 40.4
42.8 39.6
43.4 38.5
43.9 37.3
44.5 36.1
45.1 34.9
45.6 33.9
45.7 32.7
45.6 31.5
45.6 30.2
45.8 28.9
46.1 27.7
46.5 26.4
47.1 25.3
47.5 24.2
47.4 23.0
47.1 21.8
46.5 20.7
45.8 19.6
45.1 18.6
44.7 17.4
44.4 16.1
