47.0 46.0
47.7 44.9
47.4 43.7
46.9 42.6
46.2 41.5
45.4 40.5
44.5 39.8
43.4 40.0
42.2 40.2
41.0 40.2
39.7 39.9
38.5 39.6
37.4 39.4
36.2 39.7
35.1 40.3
34.1 41.0
33.0 41.7
31.9 42.2
30.8 42.1
29.9 41.4
29.1 40.4
28.5 39.3
27.9 38.1
27.4 37.0
26.7 35.9
25.9 34.8
25.1 33.8
24.3 32.8
23.7 31.8
23.3 30.6
22.9 29.5
22.3 28.4
21.4 27.6
20.4 26.9
19.2 26.3
18.0 25.8
16.9 25.3
16.0 24.7
14.9 24.6
13.7 24.8
12.7 25.3
12.1 26.2
11.7 27.4
10.9 28.2
9.7 28.2
8.5 27.9
7.4 27.3
7.9 26.3
8.6 25.3
8.6 24.1
8.5 23.0
9.0 22.0
9.9 21.2
10.9 20.5
11.8 19.7
12.5 18.6
13.3 18.0
14.4 17.7
15.6 17.8
16.9 17.9
