47.0 46.0
47.9 45.4
48.1 44.3
47.6 43.2
46.9 42.2
45.9 41.3
45.4 40.2
45.4 39.0
45.8 37.8
46.4 36.6
46.6 35.5
46.3 34.3
45.8 33.2
45.1 32.1
44.5 31.0
44.1 29.8
43.8 28.5
43.6 27.2
43.3 25.9
42.3 25.0
41.2 25.0
40.1 25.4
39.0 26.2
38.1 26.9
36.9 27.4
35.7 27.5
34.4 27.4
33.1 27.1
31.9 26.8
30.7 26.5
29.4 26.4
28.2 26.5
27.0 26.2
25.8 25.8
24.7 25.2
23.5 24.8
22.3 24.3
21.1 23.7
20.1 23.3
19.0 23.4
17.8 23.6
16.6 23.4
15.4 23.0
14.2 22.5
13.2 22.3
12.0 22.4
10.9 22.0
9.9 21.4
9.4 20.5
9.1 19.3
9.1 18.1
9.2 16.8
9.6 15.5
10.4 14.4
11.5 13.9
12.1 15.0
13.1 15.5
14.1 15.6
14.6 16.5
15.5 17.0
16.8 17.1
