47.0 46.0
46.7 44.8
46.3 43.5
45.6 42.6
44.6 41.8
43.5 41.1
42.5 40.5
41.3 40.1
40.1 40.0
38.8 40.1
37.7 40.4
36.5 40.8
35.3 40.9
34.1 40.8
32.8 40.8
31.6 41.1
30.4 41.3
29.1 41.2
27.9 40.9
27.1 40.1
26.6 38.9
26.1 37.8
26.2 36.8
26.6 35.6
26.5 34.3
25.9 33.2
25.0 32.3
24.0 31.4
22.9 30.7
22.1 29.8
21.6 28.7
21.4 27.4
21.2 26.3
20.2 26.0
19.0 26.2
17.9 26.7
17.0 27.2
16.2 26.4
15.2 25.9
14.2 26.4
13.3 27.2
12.2 26.7
11.8 25.7
11.6 24.5
11.4 23.2
11.2 21.9
11.0 20.6
11.1 19.3
11.8 18.4
12.8 17.7
14.0 17.2
15.2 16.9
16.5 17.1
