47.0 46.0
48.0 45.4
47.9 44.4
47.3 43.3
46.4 42.4
45.4 41.6
44.3 40.8
43.2 40.2
42.2 40.0
41.3 40.6
40.5 41.7
40.0 42.6
38.7 42.6
37.7 42.0
36.8 41.2
35.9 40.7
35.0 41.7
34.2 42.4
33.1 42.8
31.9 42.8
30.9 42.5
30.2 41.7
29.6 40.7
28.7 39.9
27.6 39.3
26.4 38.9
25.3 38.4
24.4 37.5
23.6 36.5
23.0 35.3
22.7 34.1
22.7 32.9
22.7 31.6
22.8 30.5
22.2 29.4
21.3 28.5
20.2 27.8
19.0 27.1
17.9 26.6
16.6 26.2
15.4 25.8
14.3 25.5
13.5 24.7
12.9 23.6
12.0 22.7
11.2 21.8
10.4 20.8
11.1 19.9
12.3 19.5
13.6 19.4
14.9 19.5
16.3 19.3
17.3 18.6
