17.5 33.0
18.5 32.8
19.4 33.7
19.7 34.8
19.8 36.1
20.1 37.3
20.5 38.6
21.4 39.1
21.9 38.2
22.1 37.0
22.1 35.7
22.6 34.5
23.2 33.5
23.4 32.3
23.3 31.1
23.0 29.9
22.7 28.6
22.2 27.6
20.8 27.6
19.6 27.7
18.6 27.5
17.8 26.5
17.5 25.4
17.6 24.2
18.7 23.4
19.9 23.2
20.9 22.8
21.8 22.1
22.5 21.0
23.0 19.9
23.9 20.4
24.7 21.0
25.8 21.5
26.5 22.3
26.8 23.4
26.9 24.7
27.2 25.9
27.8 27.0
28.6 27.7
29.6 28.2
30.9 28.3
32.2 28.4
33.5 28.6
34.8 28.7
36.1 29.0
37.4 29.1
38.6 29.0
39.7 28.4
40.7 27.8
41.9 27.6
43.0 27.7
43.9 28.2
44.6 29.2
45.1 30.4
45.5 31.6
