38.0 22.0
37.3 21.1
36.5 20.4
35.4 20.1
34.1 19.9
33.1 19.7
32.1 19.0
31.4 18.0
30.6 17.1
29.6 16.5
28.4 16.0
27.2 16.1
26.2 16.9
25.6 17.9
24.9 18.9
24.0 19.7
23.1 20.4
22.6 21.3
22.5 22.5
22.7 23.8
22.7 25.0
22.7 26.3
22.4 27.3
21.1 27.7
19.8 27.7
18.6 27.4
17.3 27.6
16.3 28.3
15.6 29.1
15.8 30.2
16.6 30.9
17.4 31.7
16.5 32.6
15.5 33.2
15.3 34.4
16.0 35.6
16.7 36.5
17.2 37.6
17.5 38.8
18.1 39.8
19.1 40.4
20.3 40.7
21.6 40.8
22.9 40.9
23.9 41.3
24.9 42.1
25.7 42.7
26.8 42.7
27.7 42.0
28.3 40.9
28.7 39.7
29.5 38.9
30.4 39.4
31.3 40.2
32.5 40.5
33.6 40.2
34.5 39.5
35.2 38.4
