15.0 4.0
14.1 4.6
13.0 4.2
11.9 3.5
11.0 2.8
9.8 2.6
8.5 2.6
7.3 2.9
6.2 3.5
5.1 4.3
4.3 5.1
3.8 6.2
3.4 7.4
2.8 8.5
2.3 9.6
2.0 10.8
2.0 12.0
2.5 13.0
3.4 13.5
4.6 13.7
5.7 13.6
6.6 14.2
6.8 15.3
6.8 16.6
6.6 17.7
7.1 18.9
8.2 19.4
9.4 19.4
10.5 19.2
11.3 19.9
11.6 21.0
11.6 22.2
11.2 23.2
10.4 24.1
9.5 25.0
8.7 25.9
7.9 26.9
7.3 28.0
7.1 29.3
7.1 30.6
7.0 31.8
6.5 32.9
5.7 33.9
4.7 34.8
3.7 35.7
2.8 36.6
2.1 37.5
1.7 38.7
1.6 40.0
1.7 41.3
1.9 42.6
2.5 43.6
3.3 44.6
4.3 45.5
5.2 46.3
6.2 47.1
7.5 47.2
8.7 46.8
9.8 46.3
11.0 46.0
12.2 45.9
13.1 46.5
13.7 47.5
14.7 47.8
15.8 47.0
16.1 46.0
