35.0 45.0
33.8 45.6
32.9 46.5
32.1 47.5
31.6 48.5
30.8 47.9
29.6 47.5
28.4 47.4
27.2 47.3
26.2 46.8
25.3 46.0
24.5 45.0
23.9 44.0
23.0 43.1
22.0 42.4
20.9 42.0
19.6 41.7
18.6 41.6
17.7 40.6
17.1 39.8
16.1 39.5
14.9 39.3
13.7 38.9
12.6 38.2
11.6 37.4
10.6 36.5
9.7 35.6
8.9 34.6
8.3 33.4
7.7 32.3
7.2 31.1
6.7 29.8
6.4 28.5
6.2 27.3
6.0 26.0
5.6 24.9
4.8 24.0
3.9 23.2
3.1 22.3
2.4 21.2
2.0 20.0
1.9 19.0
3.2 19.0
4.2 18.7
4.5 17.6
4.6 16.3
4.8 15.0
5.0 13.7
5.1 12.4
5.2 11.1
5.3 9.8
5.5 8.5
5.7 7.2
6.0 6.0
6.9 5.2
6.4 4.3
