15.0 37.0
16.0 37.2
16.9 37.8
16.8 36.8
16.3 35.8
17.2 35.1
18.2 34.4
18.9 33.4
19.0 32.4
18.5 31.3
17.7 30.6
16.6 30.2
15.4 30.2
14.5 29.7
14.3 28.4
14.5 27.2
14.5 26.1
14.1 25.0
13.4 24.0
12.9 22.9
12.6 21.7
12.5 20.5
13.8 20.4
14.9 20.0
15.7 19.1
16.3 18.0
16.8 17.1
16.7 15.7
16.0 14.7
16.6 13.8
17.8 13.7
19.1 13.8
20.3 14.2
21.5 14.5
22.7 14.6
23.7 15.0
24.7 15.5
25.9 15.5
27.1 15.5
28.3 15.9
29.3 16.6
30.5 17.1
31.7 17.5
32.8 17.9
33.7 18.6
34.5 19.5
35.1 20.6
35.8 21.7
36.6 22.7
37.5 23.2
38.7 23.4
39.9 23.8
40.5 24.7
40.8 25.9
41.2 27.0
41.9 27.8
43.0 28.5
44.2 29.1
45.2 30.0
45.4 31.2
45.2 32.4
45.3 33.6
45.3 34.9
45.1 36.0
45.5 37.0
46.2 38.0
47.2 38.9
48.0 39.9
48.2 41.1
48.2 42.4
47.9 43.6
47.4 44.5
46.4 45.3
