5.0 5.0
6.0 4.6
6.6 3.7
7.1 2.7
8.2 2.3
9.2 2.6
10.0 3.4
10.6 4.5
11.0 5.8
10.9 7.2
10.5 8.5
10.1 9.7
9.7 10.9
9.8 12.2
10.6 13.0
10.4 14.4
10.3 15.4
11.4 16.0
12.5 16.0
13.8 15.9
15.0 15.8
16.3 15.9
17.4 16.2
18.2 16.8
18.8 17.8
19.9 18.3
20.9 18.8
21.8 19.6
22.8 19.7
23.7 19.2
24.6 18.6
25.7 18.6
26.8 19.0
28.0 19.4
29.2 19.9
30.2 20.6
31.2 20.8
32.1 20.3
32.9 19.4
33.5 18.3
34.0 17.1
34.5 15.9
35.6 15.6
36.6 16.1
37.9 16.4
39.0 16.1
39.9 15.5
40.4 14.5
40.8 13.3
40.9 12.0
40.6 10.8
39.6 10.2
38.5 9.8
37.2 9.5
36.2 9.4
35.0 9.6
33.8 9.5
32.5 9.3
31.4 9.3
32.6 9.7
33.8 9.7
33.1 10.6
