45.0 15.0
44.3 14.0
43.4 13.3
42.6 12.3
42.5 11.2
42.6 9.9
42.7 8.6
42.7 7.3
42.7 6.1
42.6 5.1
41.7 4.6
40.4 4.6
39.1 4.8
37.8 5.2
36.8 5.5
35.8 5.0
35.1 4.0
34.4 3.1
33.3 2.9
32.2 3.2
31.2 3.4
30.2 3.0
29.3 2.3
28.1 2.2
27.1 2.7
26.1 3.3
25.0 3.5
23.9 3.5
22.8 4.3
22.1 5.4
21.3 6.4
20.5 7.3
19.6 8.3
18.7 9.2
17.7 10.0
16.5 10.6
15.3 11.2
14.1 11.7
13.2 12.2
12.7 13.3
12.7 14.6
13.0 15.8
14.1 15.9
15.1 15.2
16.2 14.5
17.3 14.0
18.5 13.5
19.8 13.3
21.1 13.3
22.4 13.4
23.6 13.5
24.9 13.7
25.9 13.5
