4.0 46.0
5.0 45.3
5.3 44.2
5.2 42.9
5.7 42.0
6.8 41.7
7.9 41.9
9.1 42.1
10.3 41.9
11.6 41.6
12.9 41.4
14.1 41.3
15.4 41.4
16.7 41.6
17.7 41.7
18.7 40.9
19.4 40.0
20.4 39.4
21.6 39.1
22.8 39.1
24.0 39.5
25.0 40.1
26.0 39.5
26.7 38.5
26.9 37.3
26.3 36.4
25.4 35.5
24.3 34.9
23.2 34.4
22.4 33.4
22.1 32.1
22.2 30.8
22.6 29.7
23.5 29.1
24.6 28.8
25.8 29.0
26.9 29.4
28.2 29.1
29.4 28.9
30.7 28.9
31.8 28.7
32.8 28.1
33.4 27.1
33.7 25.9
33.7 24.7
34.3 23.7
35.4 23.6
36.6 23.7
37.6 24.0
38.1 25.0
38.0 26.1
37.5 27.2
38.4 27.9
39.6 27.6
40.7 27.0
41.7 26.2
42.7 26.0
43.4 27.1
43.8 28.3
44.0 29.6
44.1 30.9
44.3 32.2
44.4 33.5
44.8 34.5
45.5 35.4
46.3 36.1
46.5 37.1
46.2 38.3
46.1 39.5
46.1 40.8
46.3 42.1
46.6 43.4
47.1 44.7
47.7 45.7
