17.5 46.0
17.9 44.8
17.6 43.7
16.9 42.9
15.9 42.3
14.7 42.0
13.7 41.6
13.1 40.8
12.6 39.7
11.9 38.8
11.0 38.3
9.9 38.2
8.7 38.4
7.5 38.4
6.6 37.8
5.9 36.8
5.4 35.6
5.2 34.5
5.2 33.2
5.1 31.9
4.9 30.7
4.5 29.6
4.9 28.6
5.8 27.9
7.0 27.4
8.2 27.1
9.3 26.7
10.2 25.8
10.8 24.7
11.3 23.7
12.4 23.2
13.6 23.3
14.8 23.6
16.1 24.0
17.2 24.6
18.3 25.2
19.3 26.0
20.3 26.7
21.4 27.1
22.7 27.2
23.7 27.0
24.0 25.8
23.6 24.8
23.3 23.7
24.2 23.0
25.4 22.5
26.6 22.1
26.1 20.9
25.3 20.0
24.7 18.8
24.3 17.6
24.0 16.3
23.8 15.0
23.6 13.7
23.2 12.5
22.5 11.4
22.0 10.2
21.6 9.0
21.4 7.7
21.5 6.4
21.6 5.3
20.6 4.4
19.5 3.7
18.5 2.9
17.5 2.3
16.3 2.0
15.0 2.1
13.7 2.4
12.5 2.8
11.2 3.1
10.0 3.5
8.8 3.9
7.6 4.3
6.3 4.7
5.1 5.1
4.0 5.3
