17.5 46.0
17.3 44.9
16.6 43.9
15.6 43.1
14.5 42.3
13.5 41.6
12.4 40.8
11.4 40.0
10.4 39.3
9.2 38.9
8.0 38.7
6.9 38.4
6.0 37.7
5.3 36.7
5.2 35.7
5.3 34.6
4.9 33.5
4.2 32.4
4.1 31.3
4.5 30.2
5.3 29.2
6.2 28.3
7.2 27.6
8.0 26.8
8.3 25.7
8.3 24.5
8.5 23.5
9.4 22.9
10.5 22.8
11.5 23.1
12.1 24.2
12.3 25.4
12.9 26.5
13.7 27.4
14.5 28.2
15.7 28.5
16.9 28.7
18.2 28.7
19.5 28.6
20.8 28.6
21.8 28.7
22.6 29.7
22.9 30.9
22.8 32.1
22.8 33.4
23.1 34.6
23.9 35.3
25.0 35.3
26.1 34.9
27.1 34.3
27.7 33.2
27.7 32.0
27.4 30.8
27.3 29.7
28.1 28.8
29.2 28.6
30.5 28.7
31.6 28.9
32.8 28.6
33.9 28.0
34.3 26.7
34.1 25.6
34.8 24.7
35.8 24.2
36.6 23.3
37.4 22.3
38.4 21.5
39.6 20.9
40.7 20.2
41.7 19.4
42.6 18.5
43.5 17.5
44.3 16.4
45.3 15.9
46.3 16.4
