17.5 46.0
17.4 44.9
16.7 43.9
15.7 43.1
14.8 42.2
14.2 41.1
13.3 40.6
12.2 40.7
11.0 41.2
10.0 41.8
9.1 41.3
8.7 40.3
8.2 39.2
7.3 38.7
6.2 38.6
5.2 38.1
4.5 37.2
4.6 36.1
3.2 35.6
3.9 34.6
4.7 33.6
5.5 32.6
5.9 31.5
6.0 30.2
6.3 29.2
7.0 28.3
8.0 27.7
9.2 27.2
10.4 27.0
11.7 27.2
12.9 27.5
14.0 27.5
15.0 27.1
14.9 26.0
14.2 25.0
14.8 24.1
15.8 23.7
17.1 23.5
18.3 23.5
19.6 23.5
20.6 23.3
21.3 22.3
22.0 21.3
22.9 20.7
24.1 20.4
25.4 20.3
26.6 20.8
27.4 21.7
28.0 22.8
28.8 23.5
29.9 23.7
31.0 23.5
32.2 23.0
33.1 22.4
33.5 23.5
33.4 24.6
33.2 25.8
33.8 26.9
34.8 27.7
35.9 28.2
36.9 28.5
37.5 27.6
37.8 26.5
37.7 25.2
37.6 24.0
38.0 23.0
38.8 22.2
39.8 21.3
40.6 20.3
41.4 19.4
42.4 18.7
43.6 18.2
44.9 17.9
