5.0 15.0
6.2 14.9
7.2 14.6
8.3 13.9
9.1 13.0
9.9 12.4
10.9 12.3
11.9 12.6
12.7 11.2
13.2 10.3
13.3 9.2
14.5 9.0
15.5 8.1
16.5 7.2
17.7 6.8
19.0 7.1
20.3 7.1
21.1 6.5
21.8 5.5
22.8 5.3
23.1 6.6
23.0 7.8
22.7 9.1
22.3 10.3
22.0 11.3
22.4 12.3
23.4 13.0
24.6 13.4
25.7 13.7
26.4 14.5
27.4 15.4
28.3 16.2
29.3 16.7
30.5 16.8
31.7 16.7
32.9 16.4
34.2 16.5
34.8 17.4
35.2 18.6
35.4 19.9
35.4 21.1
35.6 22.2
36.0 23.2
35.0 23.9
33.8 24.0
32.5 24.0
31.3 24.1
30.1 24.4
28.9 25.0
27.7 25.5
26.5 26.1
26.0 27.0
25.7 28.3
25.5 29.5
25.4 30.7
25.6 32.0
25.6 33.2
25.3 34.4
24.8 35.3
23.8 35.9
22.6 36.2
21.3 36.1
20.0 36.3
18.8 36.6
17.6 37.1
16.6 37.7
16.2 36.5
15.2 37.2
14.8 38.4
14.6 39.7
14.5 40.9
14.4 42.2
14.1 43.3
