5.0 35.0
5.9 34.3
6.6 33.5
7.7 33.8
8.6 34.7
9.6 35.5
10.7 36.1
11.9 36.3
13.1 36.4
14.3 36.7
15.5 36.9
16.4 36.3
17.2 35.6
18.0 36.2
18.7 37.1
19.7 37.9
20.8 38.4
21.9 38.7
23.1 38.5
24.3 38.0
25.5 37.4
26.6 36.7
27.7 36.1
29.0 36.1
30.0 36.6
31.1 36.8
32.1 36.2
32.9 35.3
33.5 34.2
34.4 33.4
35.6 33.1
36.7 33.5
37.8 34.1
38.9 34.6
40.2 35.0
41.5 35.3
42.7 35.5
43.8 36.1
44.1 37.3
43.5 38.2
42.4 38.9
41.3 39.5
40.3 39.9
39.8 40.9
39.9 42.1
40.3 43.3
40.9 44.4
39.9 44.6
39.0 44.0
38.2 43.2
37.1 43.1
35.8 43.3
34.6 43.7
33.4 44.3
32.4 44.8
31.1 45.1
29.9 45.6
28.9 46.3
28.0 47.1
27.2 47.9
26.1 48.2
