8.0 42.0
8.7 41.2
8.6 40.1
8.1 39.0
7.2 38.1
6.4 37.2
5.7 36.1
5.2 34.9
5.1 33.8
4.9 32.5
4.6 31.3
4.3 30.0
4.0 28.7
3.7 27.5
3.4 26.2
3.4 25.1
4.4 24.3
5.7 24.4
6.7 25.0
7.5 25.9
8.2 27.0
8.7 28.2
9.0 29.5
9.3 30.8
9.7 31.9
10.5 33.0
11.4 33.9
12.1 34.9
12.8 36.0
13.2 37.1
13.5 38.3
14.0 39.3
15.0 40.1
16.3 40.3
17.5 40.1
18.5 39.7
19.6 40.3
20.1 41.3
20.5 42.3
21.4 42.9
22.6 43.3
23.9 43.5
25.1 43.5
25.7 42.6
25.8 41.3
25.6 40.1
25.7 38.9
25.8 37.9
25.0 36.8
24.0 36.1
23.0 35.5
22.4 34.5
22.3 33.4
22.3 32.3
21.4 31.2
20.3 30.6
19.1 30.3
18.4 29.5
18.3 28.4
18.6 27.1
18.9 26.0
18.7 24.8
18.3 23.6
18.0 22.4
17.9 21.2
18.1 19.9
18.6 19.0
19.5 18.2
20.6 17.9
21.5 17.3
21.2 16.3
20.6 15.2
19.8 14.3
18.8 13.4
17.8 12.7
16.8 12.4
15.6 12.4
14.3 12.7
13.1 13.1
11.9 13.6
10.9 14.1
10.1 15.0
9.4 16.0
8.2 16.5
7.1 16.3
5.8 15.9
4.6 15.5
3.4 15.1
3.6 14.1
4.4 13.4
5.5 12.8
6.6 12.5
7.1 11.5
7.2 10.4
6.9 9.2
