8.0 42.0
9.1 42.4
9.8 43.2
10.8 44.0
11.9 44.1
13.1 43.8
14.2 44.3
14.5 45.4
15.6 46.2
16.8 46.3
18.0 46.0
19.3 45.8
20.6 45.9
21.8 46.1
23.1 46.2
24.1 46.0
24.9 45.3
25.5 44.1
26.0 43.0
26.7 42.2
27.8 41.6
29.0 41.3
29.7 40.5
29.7 39.3
29.4 38.1
29.5 37.0
30.1 36.0
31.0 35.0
31.8 34.3
31.5 33.3
30.5 32.6
29.8 31.7
29.8 30.5
30.2 29.2
30.7 28.0
31.3 26.8
31.9 25.7
32.4 24.5
32.8 23.2
32.9 22.2
32.1 21.2
31.0 20.6
31.3 19.4
32.4 18.9
33.6 18.6
34.6 18.2
34.7 17.2
34.3 16.1
33.6 15.2
32.6 14.3
31.8 13.3
31.0 12.7
29.8 12.8
28.8 13.2
28.7 12.1
29.0 10.9
29.7 9.9
29.4 8.8
28.1 8.3
26.9 8.3
25.6 8.3
24.3 8.2
23.1 8.1
21.8 8.0
20.5 8.0
19.3 8.3
18.2 8.9
17.1 9.6
16.1 10.4
15.0 11.1
13.8 11.4
12.5 11.4
11.5 10.9
11.0 10.0
10.6 8.9
9.8 8.1
8.7 8.2
