8.0 42.0
7.4 43.2
8.1 44.1
9.3 43.9
10.5 43.4
11.6 42.7
12.9 42.8
13.7 43.7
14.7 44.4
15.9 44.8
17.2 45.0
18.5 45.1
19.7 45.1
20.8 45.6
21.9 45.8
23.1 45.3
24.1 44.5
24.8 43.7
24.1 42.6
23.2 41.8
22.2 41.0
21.1 40.4
19.9 40.0
18.7 39.5
17.4 39.1
16.2 38.7
15.0 38.2
13.9 37.7
12.9 37.0
11.8 36.3
10.8 35.5
9.7 34.8
8.7 34.1
8.1 33.2
7.8 32.0
7.7 30.7
7.8 29.4
8.1 28.1
8.2 27.0
8.0 25.7
7.6 24.6
7.5 23.6
8.0 22.6
8.6 21.6
8.8 20.4
8.7 19.2
8.5 18.0
8.3 16.8
8.3 15.6
8.1 14.3
7.6 13.1
7.0 11.9
6.6 10.8
7.2 9.9
8.3 9.3
