8.0 42.0
8.7 41.0
9.7 40.4
10.9 40.1
12.1 40.0
13.4 40.1
14.7 39.9
16.0 39.7
17.3 39.7
18.5 39.9
19.8 40.3
21.0 40.7
22.2 41.2
23.3 41.8
24.5 42.5
25.6 43.2
26.6 43.4
26.8 42.0
27.0 40.8
27.5 39.7
27.6 38.6
26.7 38.1
25.5 37.8
24.2 37.9
23.1 38.0
22.1 37.6
21.2 36.7
20.3 35.8
19.4 34.9
18.3 34.4
17.1 34.0
15.9 33.8
14.9 33.5
14.5 32.4
14.7 31.3
14.9 30.2
14.6 29.2
13.8 28.2
13.0 27.2
12.6 26.1
12.4 24.8
12.5 23.6
12.8 22.4
13.4 21.3
14.1 20.2
14.8 19.1
15.2 18.0
15.1 17.0
14.5 15.8
13.8 14.8
12.9 13.8
11.9 13.4
10.8 13.2
9.5 13.4
8.4 13.1
7.8 12.2
7.6 11.1
7.7 9.8
8.0 8.6
