47.0 46.0
47.8 45.2
47.6 44.2
47.0 43.1
46.5 41.9
46.1 40.7
45.5 39.7
45.0 38.8
45.5 37.9
46.4 37.3
47.5 36.8
47.6 35.5
47.0 34.6
46.2 33.6
45.6 32.6
45.2 31.3
45.0 30.1
44.5 29.1
43.6 28.1
42.6 27.3
41.4 26.9
40.1 26.8
38.8 26.8
37.8 26.6
36.8 26.0
36.1 25.0
35.3 24.2
34.3 24.1
33.2 24.0
32.2 23.4
31.2 22.7
30.0 22.3
28.8 22.0
27.8 21.4
27.0 20.5
26.9 19.4
27.6 18.3
28.0 17.1
28.5 15.9
28.4 14.6
27.8 13.6
27.4 12.6
27.4 11.4
27.7 10.1
28.2 9.0
28.7 7.8
29.3 6.7
29.9 5.6
30.4 4.4
31.0 3.5
31.8 2.9
33.0 2.7
34.2 2.9
35.4 3.4
36.4 4.1
37.3 5.0
38.0 6.1
38.5 7.0
38.2 8.0
37.4 8.6
36.4 9.1
35.9 10.1
36.2 11.3
37.1 12.1
38.2 12.6
39.0 13.4
38.7 14.5
37.9 15.4
37.0 16.2
36.1 16.9
36.0 17.9
36.7 18.7
37.8 19.3
39.0 19.7
40.3 19.9
41.4 19.7
42.4 19.1
43.4 18.2
44.2 17.3
45.2 16.7
46.5 16.3
