33.5 3.5
34.7 3.3
35.7 2.9
36.7 3.2
37.5 4.1
38.0 5.3
38.4 6.5
39.0 7.5
39.6 8.5
39.8 9.6
39.5 10.8
38.9 12.0
38.5 13.1
38.5 14.3
38.7 15.5
39.1 16.7
39.5 17.9
39.4 19.1
39.1 20.2
39.3 21.3
39.9 22.5
40.6 23.5
41.4 24.6
42.3 25.5
43.3 26.5
44.1 27.3
44.5 28.5
44.8 29.8
44.9 31.0
44.9 32.3
44.7 33.6
44.8 34.7
45.2 35.9
45.9 37.0
46.3 38.1
45.9 39.1
45.1 40.0
44.2 40.6
43.2 40.5
42.1 40.0
41.0 39.2
40.0 38.4
39.0 37.5
37.9 37.2
37.1 37.9
36.5 39.0
35.7 40.0
34.8 40.9
33.5 41.1
32.3 40.9
31.1 40.4
30.0 39.8
28.9 39.2
27.7 38.7
26.9 37.9
26.6 36.6
26.2 35.3
