35.0 5.0
36.0 4.4
37.2 4.1
38.2 4.2
39.2 5.0
39.9 5.8
40.9 6.1
42.1 6.1
43.0 6.8
43.5 7.9
43.7 9.1
43.8 10.4
44.1 11.7
44.4 12.9
44.9 14.1
45.4 15.3
45.7 16.4
45.2 17.3
44.2 18.0
43.0 18.3
41.8 18.7
40.7 19.4
39.8 20.3
38.8 21.1
37.8 21.9
36.9 22.5
36.4 23.5
36.4 24.7
36.2 25.8
35.6 27.0
34.9 28.2
34.6 29.3
35.1 30.4
36.0 31.3
35.4 32.1
34.2 32.2
33.0 32.1
31.8 31.8
30.7 32.0
30.6 33.2
31.0 34.3
30.4 35.5
29.3 35.9
28.3 36.2
27.9 37.4
27.8 38.7
27.8 39.9
27.7 41.1
27.2 42.3
26.6 43.5
26.0 44.6
25.3 45.6
24.4 46.3
23.2 46.6
21.9 46.8
20.6 47.0
19.3 47.1
18.0 47.2
17.0 46.9
16.0 47.0
15.0 46.3
