35.0 5.0
34.5 4.0
33.7 3.2
32.7 2.6
31.5 2.4
30.2 2.4
28.9 2.6
27.6 2.8
26.4 2.9
25.3 2.6
24.2 2.0
23.1 1.9
22.0 2.3
21.0 3.1
20.5 4.1
20.2 5.3
20.1 6.5
20.7 7.7
21.6 8.5
21.7 9.7
21.6 10.7
22.3 11.7
22.3 12.8
21.5 13.7
20.4 14.3
19.1 14.8
18.0 15.2
17.1 15.9
16.3 16.9
15.7 18.0
15.1 19.1
14.6 20.2
14.0 21.4
13.4 22.5
12.8 23.7
12.3 24.6
12.4 25.7
12.9 26.8
13.6 27.8
14.3 28.9
14.5 30.1
14.5 31.3
14.2 32.6
13.8 33.8
13.4 35.0
13.1 36.3
13.0 37.6
13.2 38.8
14.0 39.5
15.1 40.0
16.4 40.3
17.6 40.4
18.8 41.1
19.5 42.1
19.9 43.3
19.9 44.5
19.7 45.6
18.6 45.7
17.6 45.2
16.8 44.4
