35.0 37.0
34.3 36.1
33.4 35.4
32.7 34.5
32.2 33.3
32.0 32.2
32.8 31.2
33.9 30.6
34.2 29.4
33.5 28.6
32.5 27.9
31.4 27.6
30.9 26.4
30.7 25.1
30.3 24.0
31.0 22.9
32.1 22.4
33.0 21.9
33.5 21.0
33.7 19.8
33.6 18.5
33.9 17.5
34.6 16.5
35.2 15.7
35.3 14.6
35.0 13.4
34.3 12.3
33.3 11.5
32.1 11.4
30.9 11.7
29.7 12.1
28.5 12.7
27.5 13.1
26.4 13.1
25.2 12.7
24.1 12.0
23.1 11.3
22.1 11.1
20.9 10.9
19.7 10.4
18.6 10.0
17.3 9.8
16.0 9.7
14.6 9.7
13.6 9.9
12.6 10.5
11.5 9.8
11.4 8.6
11.6 7.5
12.1 6.3
12.8 5.2
13.9 4.5
