37.5 12.5
36.5 13.1
35.5 13.7
34.3 14.3
33.2 14.9
32.1 15.6
31.1 16.0
29.8 16.0
28.5 16.1
27.2 16.3
25.9 16.4
24.6 16.4
23.3 16.5
22.1 16.9
21.1 16.8
20.1 16.1
19.3 15.1
18.5 14.0
17.8 13.0
16.9 12.4
15.6 13.0
14.7 13.9
13.7 14.7
12.7 15.6
12.0 16.7
11.9 17.9
12.3 19.0
12.9 20.2
13.6 21.3
14.4 22.4
15.1 23.4
16.1 24.1
17.2 24.1
18.4 23.7
19.0 24.6
18.7 25.6
18.1 26.7
17.6 27.7
17.6 28.8
17.4 29.9
16.6 30.8
16.0 31.8
15.7 33.0
15.5 34.3
15.5 35.5
15.6 36.8
15.6 38.1
15.5 39.2
15.4 40.2
16.1 41.2
17.2 41.9
18.2 42.6
19.3 43.2
20.5 43.7
21.7 44.1
22.9 44.1
24.2 43.9
25.4 43.5
26.6 43.0
27.7 43.0
28.6 43.6
29.3 44.7
29.8 45.7
30.8 45.8
31.8 45.3
32.9 44.7
34.0 44.3
35.2 44.1
36.1 43.4
36.9 42.3
37.4 41.2
37.6 40.2
37.1 39.3
36.9 38.2
