41.5 8.5
42.6 9.2
42.8 10.3
42.7 11.5
42.4 12.7
41.9 13.9
41.2 14.8
40.8 15.9
40.6 17.1
40.6 18.3
41.0 19.5
41.6 20.5
42.5 21.5
43.2 22.4
43.1 23.5
42.5 24.6
42.2 25.7
42.1 27.0
42.0 28.3
41.8 29.5
41.1 30.4
40.2 31.3
39.5 32.3
38.9 33.5
38.2 34.6
37.8 35.7
37.6 36.9
37.3 38.1
36.7 39.2
36.0 40.2
34.9 40.8
33.7 41.3
32.4 41.6
31.1 41.7
29.8 41.7
28.5 41.8
27.1 41.8
25.8 41.9
24.5 42.1
23.2 42.4
22.0 42.4
20.8 42.4
19.8 42.9
18.8 43.7
17.8 44.6
16.8 45.5
16.0 46.2
14.9 45.5
14.3 44.5
13.9 43.3
13.1 42.3
12.2 41.6
11.2 41.3
10.1 41.3
