32.5 17.5
33.6 17.7
34.5 18.2
35.4 19.0
36.6 19.5
37.7 19.3
38.9 19.5
39.8 20.2
40.7 21.3
41.4 22.3
42.2 23.3
43.3 24.0
44.4 24.7
45.4 25.1
45.7 26.1
45.4 27.2
44.7 28.2
44.4 29.3
44.4 30.5
44.6 31.8
45.0 33.1
45.3 34.3
45.4 35.6
45.2 36.9
45.0 38.1
44.4 39.2
43.7 40.2
42.8 41.0
41.6 41.5
40.3 41.8
39.3 41.7
38.1 41.2
37.1 40.6
36.0 40.3
34.9 40.7
33.6 41.0
32.4 41.2
31.1 41.2
29.9 41.1
28.7 40.7
27.6 40.1
26.5 39.3
25.6 38.5
24.6 37.7
23.5 37.5
22.4 38.0
21.5 38.8
20.7 39.7
20.1 40.8
19.4 41.6
18.3 42.1
17.0 42.2
15.8 42.2
14.5 42.0
13.2 41.7
12.0 41.3
10.8 40.9
9.7 40.2
8.7 39.5
7.7 38.7
6.6 38.2
5.3 37.8
4.2 36.9
3.6 35.8
3.3 34.6
3.2 33.3
3.4 32.1
4.0 31.0
4.7 29.9
5.6 28.9
5.9 27.8
5.1 26.8
4.1 26.4
3.0 26.2
3.8 25.2
4.8 24.5
6.0 24.1
7.3 23.7
8.6 23.5
9.6 23.2
9.3 22.0
8.9 20.9
7.9 20.1
6.7 20.0
5.7 19.5
4.8 18.7
