45.0 15.0
45.9 15.6
45.7 16.8
45.8 18.0
46.6 18.9
47.3 19.9
47.4 21.1
47.2 22.3
47.4 23.4
48.0 24.6
48.4 25.8
48.6 27.0
48.6 28.2
48.6 29.5
48.4 30.7
48.2 32.0
48.4 33.3
48.7 34.4
48.5 35.6
48.1 36.8
47.7 37.9
47.7 39.2
47.7 40.5
47.9 41.8
48.0 43.0
47.7 44.0
47.0 45.0
46.0 45.8
44.9 46.6
43.6 47.0
42.5 46.9
41.5 46.4
40.7 45.5
39.7 45.0
38.6 45.1
37.5 45.6
36.4 45.7
35.9 44.4
36.0 43.2
36.2 41.9
36.3 40.9
35.8 39.9
35.0 39.1
35.5 38.2
36.5 37.7
37.6 37.4
38.3 36.4
38.4 35.3
38.4 34.1
38.8 33.0
39.4 31.9
40.3 31.0
41.2 30.1
42.2 29.2
43.1 28.4
43.2 27.1
42.5 26.1
41.9 25.3
41.8 24.2
42.1 23.1
42.1 21.8
42.0 20.6
41.8 19.3
41.5 18.0
41.0 16.8
40.6 15.6
39.9 14.7
38.9 14.2
37.6 13.9
36.7 13.4
36.2 12.2
36.2 11.0
36.5 9.8
36.9 8.7
36.4 7.8
35.5 7.2
34.3 7.0
33.1 7.1
31.8 7.4
30.6 7.7
29.4 8.1
28.1 8.4
26.9 8.6
26.0 9.2
25.2 10.1
24.6 11.2
24.2 12.4
23.5 13.3
22.5 14.1
21.4 14.8
20.2 15.4
19.0 15.9
18.0 16.6
17.1 17.4
16.1 17.6
