45.0 35.0
46.0 35.6
46.5 36.6
46.6 37.9
46.6 39.2
46.9 40.4
47.2 41.4
46.8 42.5
45.9 43.4
44.8 44.0
43.7 44.4
42.7 44.1
41.8 43.4
41.3 42.3
40.7 41.3
39.5 41.1
38.4 41.6
37.5 42.5
36.7 43.5
36.0 44.6
35.2 45.5
34.2 46.3
33.2 46.8
32.0 46.9
30.8 46.7
29.8 46.5
28.7 46.9
27.7 47.5
26.7 47.6
25.6 47.2
24.6 46.6
23.4 46.4
22.2 46.5
20.9 46.8
19.8 46.5
19.4 45.2
19.6 44.2
20.8 43.6
22.0 43.6
23.1 43.8
24.1 43.4
25.1 42.6
26.1 42.1
27.3 42.0
28.6 42.0
29.9 42.0
30.9 41.9
31.8 40.9
32.6 39.9
33.6 39.8
34.8 40.0
35.7 39.4
36.0 38.3
36.5 37.1
37.2 36.0
37.8 34.9
38.5 33.8
39.0 32.7
39.6 31.6
40.6 31.5
41.6 31.8
42.3 30.8
42.5 29.6
42.6 28.4
43.0 27.3
43.8 26.2
44.5 25.2
45.2 24.1
46.2 23.6
47.4 23.5
