5.0 45.0
6.0 44.4
7.2 44.0
8.2 43.6
8.8 42.7
8.8 41.5
9.2 40.3
9.9 39.2
10.7 38.2
11.7 37.3
13.0 37.0
14.0 37.5
14.8 38.3
15.4 39.4
16.3 40.1
17.5 39.9
18.6 39.4
19.7 38.8
20.8 38.5
22.0 38.5
23.2 38.2
24.4 37.7
25.6 37.1
26.7 36.4
27.6 35.8
28.9 35.9
30.0 36.5
31.2 36.1
32.0 35.2
32.5 34.1
33.1 32.9
33.6 31.7
34.2 30.7
35.1 30.1
36.3 29.7
37.3 29.5
37.7 28.2
36.6 28.4
36.5 27.2
36.2 26.0
35.2 25.5
34.1 25.6
33.0 26.1
32.0 26.8
31.2 27.7
30.6 28.7
29.7 29.4
28.6 29.8
27.5 29.9
26.9 28.8
26.8 27.5
26.5 26.4
25.8 25.3
