45.0 15.0
44.5 15.9
43.4 16.4
42.7 17.2
42.1 18.4
41.8 19.7
41.5 21.0
41.4 22.3
41.3 23.6
41.2 24.9
41.2 26.2
41.1 27.5
41.4 28.7
41.8 29.9
42.4 31.1
43.1 32.2
43.6 33.2
43.6 34.3
43.3 35.5
42.8 36.6
42.8 37.8
42.9 38.8
42.6 39.9
42.1 40.9
42.1 42.0
42.5 43.1
43.2 44.2
43.0 45.2
41.9 45.4
40.6 45.3
39.3 45.0
38.1 44.6
36.8 44.1
35.6 43.7
34.4 43.2
33.1 42.8
31.9 42.3
30.7 41.9
29.5 41.7
28.2 41.5
26.9 41.4
25.6 41.3
24.4 41.2
23.2 41.2
22.1 41.6
21.0 41.4
20.0 40.8
19.1 40.0
18.0 39.4
16.8 38.9
15.6 38.5
14.4 38.2
13.1 37.8
11.9 37.4
10.8 37.0
10.0 35.9
9.6 34.9
8.6 35.0
7.8 35.7
7.3 36.7
7.5 37.8
8.5 38.7
9.4 39.6
10.4 40.3
11.4 40.9
12.0 41.9
12.6 43.1
13.1 44.1
14.1 44.7
