59,98,21,43,11,26.2,30.1,24.1,22.1,23.4
38,87,69,41,20,32.6,37.1,35.9,72.8,72.9
38,76,29,28,40,75.4,58.1,54.0,53.2,78.0
14,1,35,66,69,35.4,32.6,34.6,27.0,27.6
10,59,36,37,97,15.6,16.0,17.3,23.0,18.0
4,30,39,87,35,41.2,55.2,39.0,43.8,69.7
22,21,4,25,11,46.8,48.0,63.3,50.0,41.1
14,88,38,90,7,27.4,28.0,23.2,26.1,28.4
18,88,76,35,15,37.7,27.9,54.7,25.3,26.2
56,50,93,57,74,43.6,39.7,42.2,36.1,38.7
72,98,31,83,71,46.6,41.4,61.0,47.0,44.6
77,1,36,58,94,36.5,32.0,33.0,33.9,31.5
85,70,26,8,6,52.7,49.1,49.6,48.6,55.7
71,31,22,46,63,52.3,64.6,35.0,38.5,42.0
30,26,55,86,64,62.6,47.8,50.9,55.6,54.6
18,16,4,29,62,27.3,21.4,25.1,25.8,25.3
31,40,21,60,33,57.6,63.2,33.0,36.5,59.0
49,26,62,24,23,97.8,40.6,51.5,44.0,40.4
17,96,20,70,59,13.0,15.6,18.0,16.0,20.0
72,61,46,83,74,5.6,4.6,4.4,7.8,4.5
25,19,15,18,41,30.9,39.4,23.4,35.4,21.7
26,19,42,29,91,58.6,42.8,39.1,60.4,46.7
78,61,82,76,4,19.9,15.4,17.6,18.8,21.1
68,14,64,35,80,35.8,27.8,31.7,36.0,29.8
88,40,12,63,56,19.2,18.9,19.4,21.4,19.7
22,47,39,37,18,41.8,24.9,43.7,26.5,39.2
38,1,76,86,88,25.4,23.7,22.8,22.0,22.6
54,86,7,85,48,16.2,38.4,18.6,43.7,17.9
88,96,77,91,33,29.9,21.1,36.2,26.4,24.7
37,29,22,55,97,48.9,61.6,40.8,38.5,36.6
35,25,4,22,26,71.6,52.8,76.5,44.0,43.2
23,33,3,55,0,46.0,53.8,22.1,40.0,31.5
6,97,74,85,70,13.4,12.8,12.9,12.8,15.8
29,43,36,67,19,60.6,40.8,72.8,36.8,44.6
13,34,17,90,84,23.0,29.6,32.4,38.5,27.1
30,97,71,92,0,4.9,4.5,5.5,4.2,3.0
26,39,21,12,31,57.8,68.9,23.5,22.8,34.6
20,21,82,84,55,41.2,40.2,43.8,43.0,36.7
11,93,5,88,4,21.2,23.1,20.4,19.0,20.8
54,13,97,43,45,6.3,7.8,6.3,8.3,7.7
50,44,42,13,77,13.1,11.9,14.1,15.7,13.4
24,73,28,67,80,38.6,50.3,55.2,56.8,52.9
2,12,31,96,58,23.5,22.8,19.8,23.4,38.2
75,25,60,43,72,51.6,13.6,12.9,17.2,15.3
8,47,66,62,70,21.4,21.3,19.6,21.2,21.5
35,48,75,27,36,59.8,56.0,57.0,51.0,65.0
31,53,63,79,66,63.2,44.7,36.5,29.4,30.7
77,42,0,98,54,20.4,25.4,20.1,16.2,24.2
98,36,79,57,95,42.6,37.9,39.2,44.3,40.4
20,21,33,57,95,35.8,39.2,65.6,71.3,33.6
62,89,83,92,50,26.0,17.0,15.8,14.5,18.8
99,35,96,76,59,8.7,11.1,9.6,8.1,16.9
32,76,79,14,37,63.4,39.0,39.4,41.0,37.7
26,44,58,9,35,59.2,63.2,38.7,43.2,75.0
25,0,12,39,89,44.0,17.1,26.4,16.1,15.3
19,44,3,49,22,44.8,29.2,78.5,31.6,22.7
39,86,47,11,72,49.9,46.8,54.4,61.1,45.5
4,97,89,13,60,36.1,38.2,34.0,38.2,37.9
34,63,31,76,91,29.3,21.2,22.7,23.5,25.2
60,42,79,20,99,36.3,34.3,36.1,36.4,35.3
44,46,65,10,59,24.2,20.6,21.8,22.6,22.9
72,33,9,46,96,14.5,14.2,15.6,15.2,14.3
84,27,58,18,55,47.2,57.6,59.5,34.8,35.6
48,98,31,16,54,42.3,38.1,40.2,39.2,38.4
59,71,6,7,90,10.4,11.4,10.4,9.2,8.0
72,60,5,14,80,30.0,34.8,44.2,29.4,32.5
66,79,60,28,63,51.9,40.3,37.0,62.4,39.5
68,72,95,51,6,11.1,17.2,15.1,13.7,16.6
78,16,44,17,18,12.4,23.4,34.0,30.4,29.8
8,33,95,9,59,27.8,29.5,28.6,28.0,43.2
28,84,37,21,50,53.2,37.0,56.2,50.6,37.6
55,96,34,11,91,26.6,24.8,27.2,24.6,25.9
34,38,4,40,67,44.1,23.4,16.7,43.7,13.1
50,65,18,66,62,31.2,43.1,34.0,40.9,41.9
59,44,70,23,33,47.1,46.8,46.2,50.8,45.9
10,44,61,57,1,23.0,26.6,19.4,24.0,22.1
48,19,12,15,14,28.2,32.0,29.2,29.4,29.2
65,89,16,74,47,31.8,30.6,31.8,25.2,27.5
34,33,83,5,93,65.8,64.0,68.4,41.0,40.1
51,10,6,17,5,9.4,9.4,11.4,13.1,8.8
90,85,72,3,10,21.9,27.9,24.7,27.6,20.0
97,26,25,42,16,61.4,54.4,55.0,31.5,31.2
76,44,10,30,28,14.0,8.6,8.7,8.7,13.2
19,86,85,68,74,37.4,39.1,11.8,13.7,13.3
43,56,16,94,42,24.8,40.9,34.2,21.4,34.6
11,36,64,38,48,28.0,41.0,31.6,29.7,30.2
59,55,91,69,94,16.4,19.0,22.1,23.5,16.0
10,23,31,21,58,24.0,40.4,64.2,41.0,14.3
40,57,32,25,35,61.5,27.5,39.5,49.8,64.6
32,65,81,19,20,64.2,70.9,38.4,35.2,36.2
55,41,88,4,27,43.3,44.7,37.6,39.0,58.2
92,84,18,16,74,39.6,28.9,43.6,27.4,31.3
49,13,52,97,19,31.4,30.0,29.1,31.9,39.2
37,26,44,46,77,24.7,57.2,26.4,24.7,19.5
52,33,87,31,59,45.9,63.8,31.3,60.8,28.7
61,59,88,38,19,24.1,23.0,21.9,21.2,35.8
1,74,5,85,21,15.3,12.4,8.0,8.0,11.2
8,22,49,50,24,34.7,43.0,31.9,60.6,32.4
54,60,24,77,36,22.3,23.2,48.8,22.6,73.0
58,60,44,12,91,8.7,4.6,5.5,16.9,4.1
86,75,68,79,66,12.7,10.8,9.6,11.0,9.1
32,66,40,22,50,40.3,56.1,80.2,40.8,58.5
45,80,13,8,6,19.4,19.2,33.2,19.2,20.6
40,97,92,2,73,5.3,6.6,5.7,8.8,8.2
67,43,91,50,24,17.7,23.9,18.2,23.9,19.0
79,63,78,98,96,44.5,74.1,52.1,65.7,41.1
85,42,26,22,80,40.5,50.4,34.3,46.6,35.3
46,10,86,8,13,22.4,13.6,23.5,15.2,23.6
51,69,15,14,95,24.4,25.3,23.0,21.6,27.6
83,25,96,17,87,37.3,51.4,52.6,39.2,38.4
52,27,33,50,46,61.6,57.4,60.9,35.2,37.8
16,7,4,6,22,9.8,12.6,8.0,9.4,18.0
26,3,54,47,32,47.4,39.8,36.4,36.3,38.8
92,25,43,85,61,56.4,52.6,27.6,32.6,31.9
45,87,60,20,92,8.0,8.7,7.8,7.5,9.8
3,86,66,74,55,4.2,8.6,5.9,6.1,4.3
45,30,79,46,27,49.7,49.6,58.3,46.2,46.0
89,38,92,84,71,26.0,25.0,25.5,25.9,27.8
38,52,69,84,8,12.8,13.6,13.7,12.4,13.4
56,47,67,37,18,19.2,13.5,15.2,14.2,13.8
58,44,32,56,99,31.6,31.3,15.0,13.9,11.1
63,50,35,46,81,18.2,11.9,12.6,14.8,15.0
5,55,93,0,15,26.7,26.2,27.3,26.1,25.8
19,53,70,58,23,45.4,47.9,40.9,44.2,46.4
34,7,18,9,63,36.7,19.4,32.0,23.2,14.9
44,52,79,64,72,10.8,9.0,9.7,9.2,9.7
8,27,39,37,16,50.1,54.4,31.2,41.5,29.0
97,78,39,6,26,37.7,35.6,36.9,35.0,55.2
83,4,6,5,75,10.5,9.2,8.8,9.8,13.0
53,64,35,55,23,27.4,30.3,27.8,35.9,33.6
5,54,66,39,19,50.6,39.4,36.7,35.9,36.4
32,63,38,42,34,9.6,11.0,9.8,12.6,11.0
30,18,33,25,83,61.2,45.0,72.2,47.8,73.3
45,20,59,27,68,30.2,41.0,36.0,58.2,60.6
39,88,29,24,32,81.6,76.0,51.4,47.8,53.0
15,54,24,95,63,32.2,31.1,35.6,29.0,16.8
40,60,16,74,27,33.0,32.7,30.8,29.7,33.1
0,84,47,64,19,31.6,26.7,25.4,37.4,36.2
25,83,29,36,88,46.4,62.1,58.0,51.5,50.7
68,17,43,94,16,28.1,27.8,27.1,26.3,24.8
6,37,61,5,4,14.0,14.1,15.4,11.6,11.4
2,86,95,27,91,28.2,30.8,51.8,51.2,28.5
32,55,50,47,97,43.8,29.1,59.5,33.5,35.9
26,50,20,78,3,9.6,9.4,8.0,9.5,9.0
86,3,49,70,15,26.2,41.4,25.9,32.9,23.2
54,52,29,45,66,31.2,27.3,57.4,60.4,41.9
85,74,13,11,57,21.1,19.5,21.6,16.4,21.6
7,10,42,8,43,16.0,17.4,14.1,11.2,14.8
30,81,11,78,22,54.4,55.8,20.8,43.9,32.0
8,92,32,40,38,36.3,36.0,63.6,101.5,70.3
29,31,92,37,7,57.6,63.8,66.7,34.1,57.9
43,76,55,44,57,44.9,26.9,30.4,31.4,21.0
36,43,88,37,51,9.5,9.1,12.3,13.0,8.6
14,31,65,49,98,24.8,18.6,16.0,17.0,30.2
86,89,57,75,36,28.7,28.5,28.4,36.4,27.5
25,67,24,88,98,46.4,49.9,50.6,27.5,24.9
39,95,28,0,36,2.9,4.0,4.1,5.6,4.2
77,62,19,59,74,7.5,7.3,7.9,11.1,7.4
33,22,68,3,52,40.6,42.6,45.2,36.7,38.1
25,55,66,49,41,51.0,29.4,28.9,24.9,34.7
42,77,3,35,41,7.2,7.8,8.0,8.3,7.3
19,20,79,96,72,36.4,36.0,55.9,41.8,41.5
6,79,34,38,84,17.0,17.0,18.3,21.4,16.4
14,13,36,44,40,29.6,28.6,29.7,42.6,13.4
94,52,1,80,9,16.1,15.8,18.3,18.9,18.8
22,21,97,6,72,44.0,43.0,38.4,45.0,46.5
28,35,90,27,50,62.2,37.1,64.9,60.4,43.4
2,59,75,61,8,15.1,16.5,20.3,16.0,13.6
62,14,79,60,16,26.8,29.6,30.2,31.4,33.2
30,75,37,94,49,59.6,35.2,40.0,55.1,63.2
52,46,35,31,89,28.9,31.6,32.5,41.3,62.2
43,83,75,87,98,12.6,11.3,11.1,11.9,10.8
43,40,68,86,80,91.6,4.1,3.6,6.4,7.4
64,20,34,76,29,46.1,39.8,50.7,39.9,61.2
29,19,22,36,25,57.3,36.8,35.2,75.6,46.4
34,99,30,4,12,7.9,9.4,9.6,10.6,10.7
38,31,52,94,19,45.0,38.7,45.0,38.9,45.4
35,8,7,5,9,24.6,25.0,24.6,25.0,25.0
56,65,51,5,82,14.6,11.1,12.6,11.0,14.6
21,17,95,63,83,47.0,44.8,52.1,11.1,9.8
72,80,3,51,91,28.0,36.6,28.1,36.4,29.3
90,75,76,88,70,29.6,41.7,24.2,27.8,21.0
78,32,99,52,91,46.6,65.6,44.0,44.1,56.9
75,25,41,39,93,60.3,51.2,59.0,57.4,71.5
12,63,19,6,11,25.6,26.3,25.0,27.8,25.2
75,66,32,62,20,20.8,20.4,19.5,19.8,18.6
61,95,57,43,45,43.5,37.2,40.3,90.2,30.7
19,56,63,89,32,44.6,45.8,45.2,44.0,57.2
81,89,64,69,42,11.6,8.8,9.2,12.8,8.5
27,4,11,94,81,52.4,21.2,23.8,17.1,17.8
29,38,78,4,39,48.4,63.2,71.7,69.0,43.5
82,97,51,18,3,43.9,46.0,47.4,43.6,44.6
33,69,13,22,57,62.6,28.5,28.2,26.7,31.3
53,24,21,29,3,38.9,42.0,35.3,53.6,37.3
85,31,51,52,98,53.8,54.8,62.8,55.3,56.8
98,49,36,44,94,30.7,25.6,31.2,23.8,24.1
83,42,43,93,58,17.3,18.2,21.5,11.8,14.0
12,66,8,33,83,23.2,20.7,20.3,24.5,31.4
87,17,16,22,29,41.7,32.8,29.4,43.0,58.8
28,43,83,34,16,71.8,26.3,40.9,51.4,41.2
61,34,77,50,3,22.0,15.0,10.8,18.6,11.1
93,71,87,79,67,20.1,18.5,21.0,20.6,22.8
36,76,9,78,51,29.1,24.1,25.0,24.1,27.8
68,8,41,24,47,20.6,22.0,15.7,18.0,15.3
19,55,59,25,57,38.0,44.3,38.1,41.6,28.1
85,5,36,76,2,16.1,17.0,16.2,20.1,16.4
23,75,53,92,87,24.4,33.9,29.4,24.0,24.1
30,35,24,55,57,52.4,83.0,52.8,55.6,30.3
78,29,28,15,68,26.5,49.3,56.4,35.0,59.9
15,97,30,33,61,35.8,33.6,45.6,56.4,57.6
26,87,34,88,80,39.0,48.7,45.7,46.3,42.2
59,41,55,52,95,52.6,27.0,32.2,28.4,49.4
82,67,8,71,61,11.4,6.6,6.4,9.2,11.4
18,91,57,88,95,33.0,23.1,21.1,25.4,27.1
16,82,54,59,66,35.4,42.3,39.9,37.7,50.7
71,7,31,58,83,19.6,17.0,18.6,25.4,18.8
73,40,10,89,51,16.9,26.8,24.4,8.3,12.4
62,94,8,80,46,17.1,16.1,18.2,15.0,15.3
38,84,55,75,14,26.6,27.2,41.8,29.4,32.6
27,73,31,49,87,50.8,54.7,62.0,29.2,26.4
42,90,97,93,68,7.8,3.3,6.4,5.4,3.6
31,69,95,71,65,15.2,18.3,15.3,16.8,15.4
95,35,36,61,39,45.0,67.6,68.8,79.5,73.6
52,88,61,78,79,16.0,13.9,14.0,13.6,15.5
64,15,11,92,34,25.3,21.8,20.4,21.5,23.4
31,81,85,7,76,61.6,74.2,47.3,51.2,69.0
47,48,88,31,80,46.3,42.9,70.9,65.6,34.0
48,0,70,58,98,27.6,25.5,25.5,24.4,28.1
73,62,91,6,4,33.0,19.3,19.3,25.0,21.8
37,80,5,91,19,71.6,44.2,46.1,57.9,44.4
73,46,15,97,55,37.0,38.5,36.4,36.8,41.7
62,75,5,87,65,23.1,31.0,59.4,29.0,18.4
60,96,98,93,51,17.1,14.3,14.0,15.4,14.1
25,26,72,33,94,50.6,47.0,60.8,58.8,47.0
63,19,0,32,21,58.9,40.6,40.1,62.4,44.4
0,21,81,60,23,17.7,20.7,24.5,19.4,19.5
34,41,3,90,78,11.1,9.9,9.9,12.8,9.2
53,39,46,79,41,56.5,78.6,54.8,54.4,56.8
36,45,44,53,27,66.2,82.6,83.4,56.9,48.2
81,21,68,12,77,22.8,23.5,26.2,22.4,19.1
