47.0 17.5
46.1 17.0
45.7 18.0
44.7 18.7
43.6 19.1
42.3 19.3
41.3 19.2
40.4 18.5
39.6 17.8
38.4 17.4
37.2 17.3
36.2 17.2
36.7 16.1
37.4 15.1
37.8 14.0
38.0 12.7
37.9 11.4
37.9 10.1
37.8 8.8
38.1 7.8
38.8 6.7
39.5 5.9
38.2 5.5
37.0 5.6
35.7 5.6
34.3 5.3
33.1 5.0
31.9 5.1
30.7 5.5
29.4 5.9
28.2 6.4
27.1 6.4
26.2 5.8
25.3 5.1
23.9 5.1
22.7 5.1
21.5 4.9
20.2 4.4
19.0 3.8
17.9 3.2
16.7 3.3
15.6 3.9
14.6 4.7
13.7 5.5
12.6 5.9
11.4 6.1
10.2 6.0
10.5 7.0
11.2 8.0
12.2 8.8
13.3 9.6
14.2 10.1
14.0 11.3
13.2 12.2
12.2 13.0
11.5 14.0
11.4 15.2
12.4 16.1
13.6 16.7
14.5 17.5
15.4 18.4
16.5 18.4
