4.0 37.0
5.2 36.9
5.1 35.7
4.6 34.6
4.4 33.3
4.4 32.0
4.6 30.7
4.7 29.4
4.8 28.2
5.2 27.2
6.3 26.6
7.5 26.2
8.7 25.9
9.9 25.8
11.2 25.9
12.4 26.1
13.5 25.6
14.2 24.6
14.7 23.5
14.9 22.3
14.8 21.0
14.9 20.0
15.5 19.0
16.2 18.1
16.6 17.1
16.5 15.9
17.3 14.8
18.5 14.3
19.5 13.7
20.5 12.9
21.3 12.1
22.3 11.9
23.5 12.0
24.6 12.4
25.8 12.7
27.0 13.0
28.2 13.1
29.5 13.0
30.6 12.8
31.5 13.6
31.9 14.8
32.3 15.9
32.9 17.0
33.7 18.0
34.4 18.9
35.0 20.0
35.5 21.2
36.0 22.4
36.5 23.4
37.4 24.3
38.4 25.1
39.4 25.9
40.4 26.8
41.1 27.8
41.7 29.0
42.7 30.1
43.8 30.6
44.9 31.2
45.3 32.5
45.0 33.5
44.8 34.6
45.1 35.7
45.8 36.8
46.6 37.8
47.3 38.7
47.7 39.9
47.3 40.9
46.5 41.8
45.6 42.7
44.9 43.7
44.5 44.9
