45.0 4.0
44.9 2.9
43.8 2.4
42.6 2.6
41.4 2.5
40.2 2.0
39.2 1.8
38.3 2.8
37.9 3.9
37.8 5.2
37.8 6.4
37.9 7.7
37.9 8.9
37.2 9.8
36.0 9.9
34.7 9.8
33.4 9.8
32.0 9.9
30.8 10.0
29.7 10.5
28.7 11.2
27.8 12.2
27.0 13.3
26.2 14.2
25.3 15.0
24.1 15.6
22.9 16.0
21.7 16.5
20.6 17.1
19.5 17.8
18.3 18.1
17.0 18.3
15.7 18.6
14.5 19.1
13.3 19.6
12.2 20.2
11.9 21.4
12.4 22.5
12.3 23.6
11.5 24.3
10.4 24.7
9.6 25.8
9.6 26.9
9.9 28.1
9.7 29.1
8.7 29.5
7.7 29.3
6.7 28.6
6.4 29.8
6.6 31.0
6.4 32.3
6.0 33.4
5.2 34.1
4.1 34.8
3.1 35.6
2.2 36.5
1.9 37.7
2.2 39.0
2.3 40.3
2.3 41.5
2.3 42.8
3.1 43.7
4.2 43.8
5.5 43.9
6.3 44.6
6.8 45.7
7.1 46.7
8.1 46.8
9.1 46.3
9.9 45.5
10.2 44.3
10.3 43.1
10.8 41.9
11.9 41.2
13.1 41.0
14.4 41.1
15.4 40.8
16.5 40.2
17.5 39.5
18.6 39.4
19.7 39.9
20.6 40.5
21.9 40.6
22.9 40.0
24.0 39.4
25.3 39.2
26.6 39.3
27.9 39.4
29.2 39.7
30.5 39.9
31.8 40.3
32.9 40.5
33.9 40.1
34.9 39.4
35.7 38.6
37.1 38.8
38.0 39.6
38.7 40.6
39.1 41.8
39.3 43.1
39.5 44.4
39.8 45.6
40.2 46.7
41.4 47.1
42.5 46.9
43.6 46.5
