5.0 45.0
5.8 44.4
6.6 45.1
5.7 45.7
6.1 46.8
7.2 47.1
8.4 47.1
9.4 46.6
10.3 45.8
11.0 44.7
11.3 43.6
11.3 42.4
11.5 41.3
12.6 40.5
13.9 40.0
15.1 39.5
16.3 39.1
17.5 38.5
18.7 37.9
19.7 37.2
20.2 36.3
20.5 35.1
20.5 33.9
20.0 33.0
19.1 32.2
18.1 31.5
17.0 31.0
15.8 30.5
15.0 29.6
14.6 28.4
14.4 27.2
14.4 25.9
14.2 24.5
14.3 23.4
14.8 22.4
15.6 21.4
16.1 20.5
16.0 19.3
16.0 18.1
17.0 17.2
18.1 16.9
19.3 16.7
20.4 16.2
21.4 15.9
22.5 16.1
23.7 16.4
24.7 16.5
24.9 17.5
24.6 18.6
23.9 19.6
23.9 20.7
24.6 21.5
25.7 22.1
26.9 22.6
28.0 23.2
29.0 24.0
29.9 24.9
30.8 25.5
32.1 25.6
33.3 25.1
34.3 24.4
35.2 23.5
36.0 22.5
36.8 21.4
37.6 20.7
38.7 20.3
39.9 20.2
41.2 20.1
42.4 19.9
43.5 20.0
