35.0 13.0
34.9 14.1
34.2 15.1
33.5 16.2
32.8 17.4
32.3 18.5
32.3 19.9
32.8 21.0
33.5 22.1
34.0 23.3
34.6 24.6
35.0 25.7
35.1 26.9
34.8 28.1
34.3 29.3
33.6 30.4
32.6 31.2
31.5 31.9
30.4 32.6
29.5 33.6
28.7 34.6
28.0 35.7
27.2 36.7
26.2 37.6
25.2 38.3
24.5 39.2
23.9 40.4
23.3 41.3
22.3 41.5
21.2 41.1
20.1 40.6
19.0 40.5
17.7 40.6
16.5 40.9
15.4 40.8
14.2 40.3
13.2 39.5
12.2 40.2
12.1 41.4
11.7 42.4
10.9 43.3
10.2 44.3
9.6 45.4
9.1 46.5
8.2 47.5
7.1 47.8
6.0 47.5
4.9 46.9
3.7 46.3
2.9 45.5
3.7 44.7
4.7 44.2
4.5 43.2
3.7 42.3
2.8 41.7
2.4 40.7
2.2 39.5
2.2 38.2
2.4 37.0
2.6 35.8
3.2 34.8
4.1 34.0
5.2 33.3
5.9 32.5
6.4 31.4
7.2 30.4
8.3 29.8
9.6 29.5
10.8 29.3
11.4 28.2
11.1 27.2
10.6 26.1
10.4 24.9
10.4 23.7
10.7 22.5
11.4 21.4
12.3 20.4
13.1 19.6
14.3 19.5
15.4 19.9
16.4 20.2
17.0 19.1
17.1 17.8
16.8 16.6
16.7 15.4
16.8 14.1
16.7 13.1
