7.0 21.0
8.0 21.4
8.6 22.2
8.9 23.4
10.1 23.5
11.1 22.9
11.9 21.9
12.9 21.7
13.7 22.5
14.2 23.6
14.5 24.8
14.8 26.0
15.3 27.2
15.8 28.4
16.4 29.6
16.9 30.7
17.5 31.9
17.3 33.1
16.7 34.0
15.7 34.7
15.1 35.7
14.9 36.7
15.9 37.6
17.1 38.1
18.2 38.7
19.3 39.1
20.4 39.0
21.6 38.5
22.6 37.7
23.6 36.9
24.3 36.0
24.7 34.8
24.9 33.5
25.4 32.5
26.3 31.7
27.4 31.0
28.5 30.4
29.6 29.8
30.8 29.3
32.1 29.0
33.1 28.4
33.5 27.4
33.6 26.2
34.0 25.1
34.5 23.9
35.2 22.9
35.6 21.7
35.1 20.8
34.1 20.4
33.2 19.8
32.4 18.8
31.8 17.6
31.4 16.6
30.2 16.4
28.9 16.4
27.6 16.3
26.7 15.7
26.2 14.6
25.7 13.5
24.9 12.8
23.8 12.5
22.6 12.5
21.3 12.8
20.3 13.1
19.1 12.7
18.4 11.8
17.9 10.7
16.7 10.0
15.6 9.9
14.4 9.4
13.2 9.0
11.9 8.8
10.7 8.5
10.0 7.7
10.1 6.5
9.9 5.4
9.4 4.2
8.9 3.1
8.4 2.1
7.6 2.9
7.1 4.0
6.9 5.2
6.1 5.8
