38.0 22.0
39.0 22.3
38.9 23.5
38.4 24.6
37.5 25.6
36.6 26.4
35.6 27.2
34.6 28.0
33.6 28.9
32.7 29.7
32.1 30.7
31.8 31.9
31.7 33.1
30.9 33.7
29.7 33.5
28.7 33.6
27.7 34.2
26.5 34.5
25.2 34.6
23.9 34.5
22.9 34.8
22.5 36.1
22.7 37.3
22.9 38.3
21.8 38.8
20.6 38.8
19.3 38.6
18.1 38.2
17.1 37.5
16.2 36.6
15.7 35.7
15.7 34.6
16.1 33.5
16.7 32.4
17.3 31.5
17.2 30.5
16.5 29.6
15.5 28.9
14.3 28.6
13.0 28.4
11.7 28.5
10.4 28.3
9.4 27.6
8.6 27.0
7.4 27.1
6.7 28.0
6.4 29.2
6.3 30.5
6.2 31.8
6.0 33.1
5.6 34.3
5.0 35.4
4.2 36.5
3.4 37.6
2.7 38.7
2.1 39.9
1.5 41.0
1.9 42.1
2.9 42.7
3.6 43.6
2.7 44.5
2.3 43.5
3.3 43.9
3.6 45.1
