33.5 35.0
34.5 35.8
34.6 36.9
34.5 37.9
35.2 38.9
36.3 39.3
37.5 39.3
38.6 38.9
39.8 38.4
41.0 38.0
42.2 38.0
43.5 38.4
44.7 38.4
45.6 37.8
46.4 36.9
47.1 35.8
47.5 34.8
47.4 33.6
46.9 32.5
46.2 31.4
45.4 30.3
44.6 29.4
43.5 28.7
42.5 28.2
41.5 28.4
40.5 28.3
39.6 27.6
38.6 27.1
37.6 27.3
36.5 28.0
35.5 28.5
34.3 28.6
33.1 28.4
31.9 28.0
30.7 27.8
29.6 28.3
28.6 29.1
27.8 30.1
27.0 31.2
26.2 32.2
25.3 33.0
24.2 33.7
23.1 34.2
22.5 35.2
22.3 36.4
22.4 37.6
22.7 38.9
22.8 40.2
22.9 41.4
23.3 42.5
24.1 43.5
24.6 44.7
