35.0 29.0
34.8 30.2
34.2 31.2
33.9 32.4
33.8 33.7
33.8 34.9
33.4 35.9
32.6 36.6
31.5 37.1
30.3 37.3
29.3 37.0
28.2 36.3
27.3 35.6
26.2 35.6
25.1 36.2
24.2 37.0
23.4 38.1
22.5 39.1
21.6 39.9
20.6 40.2
19.3 40.2
18.2 40.0
17.3 39.4
16.6 38.3
16.1 37.1
15.6 35.9
15.2 34.7
15.6 33.5
16.4 32.6
16.9 31.7
16.5 30.7
15.7 29.7
15.3 28.5
15.5 27.4
15.6 26.3
15.2 25.2
14.5 24.2
13.8 23.2
13.4 22.1
13.4 20.8
12.9 19.9
11.9 19.4
10.7 19.2
9.5 19.3
8.2 19.3
6.9 19.0
5.8 18.6
5.7 17.5
6.3 16.5
6.5 15.5
6.3 14.2
5.9 13.0
5.4 11.9
4.4 11.4
3.2 11.1
2.2 10.8
2.0 9.7
2.3 8.6
3.0 7.6
3.8 6.5
4.5 5.4
5.4 4.3
6.3 3.3
7.2 2.7
8.4 3.1
9.3 3.9
10.1 4.9
11.0 5.9
11.7 6.9
11.9 7.9
12.0 9.1
12.8 9.8
13.9 10.2
15.2 10.4
16.5 10.4
