15.0 45.0
14.4 44.0
13.6 43.2
12.4 42.6
11.3 42.0
10.1 41.3
9.3 40.6
9.0 39.4
8.0 38.3
6.9 37.8
5.9 37.5
5.1 36.5
4.8 35.4
4.8 34.1
5.0 32.8
5.0 31.7
4.8 30.4
4.4 29.2
3.9 28.0
3.5 26.8
3.1 25.7
3.0 24.4
3.2 23.1
3.5 21.9
3.3 20.8
3.0 19.7
3.4 18.7
4.3 18.0
5.5 17.5
6.4 16.9
6.4 15.8
6.0 14.6
5.8 13.6
6.1 12.5
6.3 11.3
6.1 10.2
5.8 9.2
6.2 8.2
6.9 7.2
8.0 6.5
9.1 6.0
10.4 5.6
11.7 5.4
12.9 5.3
13.9 6.0
14.2 7.2
14.2 8.5
14.0 9.8
13.7 11.0
13.7 12.3
13.7 13.6
13.7 14.9
13.7 16.2
13.6 17.5
13.6 18.7
13.5 19.9
13.1 21.1
12.7 22.3
12.5 23.5
12.4 24.8
12.5 26.0
12.9 27.2
13.6 28.3
14.4 29.3
15.2 30.2
15.5 31.3
15.4 32.5
