5.0 15.0
5.5 16.2
5.1 17.3
4.4 18.4
3.5 19.4
2.7 20.2
2.9 21.5
2.8 22.6
2.5 23.7
3.0 25.0
3.8 25.8
4.9 26.6
5.8 27.4
6.7 28.3
7.4 29.3
7.8 30.5
8.2 31.8
8.7 33.0
9.2 34.3
9.9 35.4
10.8 36.3
11.8 36.9
13.0 37.4
14.2 37.9
15.4 38.5
16.5 39.0
17.6 39.0
18.8 38.6
20.0 38.0
21.1 37.4
22.3 36.9
23.5 36.5
24.7 36.3
25.9 36.5
27.0 37.0
27.7 38.0
27.5 39.1
27.6 40.1
28.5 40.6
29.7 40.7
31.0 40.6
32.3 40.4
33.5 40.2
34.8 40.4
36.0 40.7
37.2 40.3
38.0 39.4
38.5 38.3
38.9 37.0
39.2 35.9
40.3 35.2
41.5 34.9
42.6 34.7
43.4 33.9
44.1 32.8
44.6 31.6
45.0 30.4
45.7 29.3
46.4 28.3
47.3 27.4
47.1 26.3
