5.0 15.0
5.3 16.3
4.9 17.4
4.1 18.4
3.3 19.2
3.0 20.2
3.1 21.4
3.5 22.6
4.0 23.7
4.9 24.5
6.1 25.1
7.3 25.5
8.5 25.8
9.8 25.9
11.1 25.9
12.4 25.8
13.4 26.0
13.9 26.9
14.4 28.1
14.7 29.4
15.0 30.7
15.4 31.7
16.2 32.5
17.3 33.1
18.3 33.7
19.1 34.6
19.7 35.8
20.3 36.8
21.2 37.8
22.2 38.6
23.0 39.5
22.8 40.6
22.1 41.6
21.3 42.5
20.5 43.5
20.0 44.4
20.5 45.3
21.5 45.6
22.8 45.6
24.1 45.8
25.3 45.9
26.6 46.1
27.9 46.2
29.2 46.1
30.5 45.8
31.7 45.4
33.0 45.0
34.0 44.3
34.9 43.6
36.1 43.8
37.2 43.6
38.0 42.8
38.5 41.6
38.9 40.5
39.7 39.6
40.7 38.9
41.7 38.1
42.8 37.4
43.5 36.6
43.9 35.5
44.3 34.4
45.1 33.5
46.1 32.8
46.6 31.5
46.5 30.2
46.2 29.0
46.9 28.0
47.9 27.6
48.2 26.6
