5.0 15.0
3.9 14.5
3.2 13.6
4.4 13.5
5.7 13.2
6.9 12.9
7.8 12.3
8.6 11.4
9.5 10.6
10.4 9.8
11.4 8.9
12.3 8.0
13.2 7.0
14.0 6.0
14.8 5.1
15.8 4.4
17.0 4.1
18.3 3.8
19.3 3.7
20.3 4.3
20.9 5.3
21.4 6.5
21.9 7.7
22.3 8.8
22.8 9.9
23.7 10.6
24.8 11.0
26.1 11.3
27.2 11.4
28.0 12.2
28.8 12.9
30.0 13.4
31.1 13.9
32.2 14.6
33.0 15.5
33.7 16.6
34.2 17.7
34.8 18.8
35.7 19.6
36.8 20.3
37.7 20.8
38.4 21.9
38.5 23.1
38.3 24.3
38.1 25.4
39.2 26.3
40.4 26.6
41.6 27.0
42.6 27.7
42.9 28.7
42.5 30.0
42.2 31.3
42.1 32.3
42.8 33.2
43.9 33.8
45.2 33.6
45.7 32.7
45.9 31.5
45.9 30.2
46.0 28.9
45.9 27.6
45.8 26.5
