5.0 15.0
6.0 14.5
6.4 13.4
6.4 12.2
6.6 11.1
7.3 10.0
8.2 9.1
9.3 8.4
10.4 7.7
11.6 7.2
12.8 6.6
14.0 6.1
15.1 5.5
16.2 5.0
17.3 4.9
18.4 5.2
19.4 5.9
20.3 6.9
21.3 7.4
22.5 7.2
23.6 6.7
24.7 6.3
26.0 6.2
27.1 6.4
28.1 7.0
29.1 7.8
30.1 8.5
31.2 8.2
32.0 7.4
33.0 6.7
34.2 6.5
35.5 6.3
36.8 6.1
38.0 6.3
39.2 6.6
40.3 7.1
41.3 6.9
42.5 6.4
43.6 6.7
44.9 7.2
46.2 7.6
47.4 7.9
47.2 8.9
46.6 10.0
45.7 10.9
44.6 11.6
43.5 12.2
43.2 13.3
43.7 14.4
44.4 15.4
45.3 16.3
45.6 17.4
45.4 18.6
45.4 19.7
45.7 20.8
46.3 22.0
46.8 23.1
47.2 24.4
