25.0 3.0
26.2 3.1
27.3 3.4
28.6 3.7
29.9 4.0
31.2 4.1
32.5 4.3
33.5 3.4
34.2 2.5
35.3 2.2
36.5 2.2
37.7 2.4
38.9 2.1
40.1 1.8
41.3 1.6
42.6 1.5
43.8 2.1
44.2 3.1
44.3 4.3
44.1 5.6
44.2 6.7
44.6 7.8
44.6 8.9
44.2 10.0
43.5 11.0
43.2 12.1
43.3 13.3
43.5 14.4
44.2 15.2
45.2 15.8
46.0 16.6
46.1 17.6
45.9 18.8
45.8 20.0
46.0 21.2
46.4 22.4
47.0 23.6
47.6 24.7
47.8 25.7
47.2 26.8
46.5 27.8
46.0 29.0
45.5 30.2
45.2 31.4
45.0 32.7
44.9 33.9
45.2 35.1
45.8 36.2
46.5 37.3
47.0 38.5
47.3 39.7
47.6 41.0
47.6 42.1
47.2 43.3
46.6 44.5
46.0 45.7
