5.0 45.0
6.0 44.8
5.7 43.5
5.0 42.7
3.9 42.0
2.8 41.5
2.0 40.8
1.5 39.8
1.4 38.6
1.5 37.3
1.9 36.0
2.3 34.8
3.2 34.0
4.2 34.2
5.1 34.8
6.0 34.3
6.4 33.2
6.6 32.0
6.5 30.7
6.6 29.7
7.2 28.8
8.1 28.0
9.1 27.8
10.0 28.8
10.4 29.8
11.4 30.2
12.5 30.1
13.6 29.7
14.7 29.0
16.0 28.8
17.1 29.1
17.9 30.1
18.6 31.2
19.3 32.3
20.0 33.4
20.2 34.4
19.6 35.3
18.8 36.1
18.4 37.1
18.9 38.2
20.0 38.4
21.3 38.3
22.5 38.0
23.7 37.5
24.8 37.0
26.0 37.4
26.9 38.2
28.0 39.0
29.1 39.8
30.1 39.9
29.0 39.5
28.0 39.7
28.7 38.9
29.6 38.1
30.6 37.5
31.4 38.2
