18.0 11.0
17.1 11.7
16.0 11.4
14.8 11.9
14.0 12.8
13.4 14.0
13.1 15.0
13.8 15.9
14.8 16.6
16.0 17.1
17.1 17.5
16.5 18.5
15.4 19.0
14.2 19.2
13.8 20.4
14.2 21.5
14.8 22.7
15.6 23.7
16.5 24.7
16.9 26.0
16.7 27.2
16.4 28.3
16.5 29.4
17.0 30.4
17.9 31.2
18.8 32.1
19.6 33.0
20.6 33.4
21.9 33.7
23.2 33.9
24.5 34.1
25.8 34.3
27.0 34.6
28.2 35.1
29.4 35.6
30.5 36.1
31.7 36.5
33.0 36.7
34.2 37.0
35.4 37.6
36.4 38.3
37.2 39.3
37.7 40.4
38.2 41.6
38.6 42.9
39.1 44.1
39.4 45.4
39.7 46.6
40.7 47.5
41.7 47.6
42.7 47.1
43.6 46.2
