3.5 46.0
4.5 46.4
4.9 45.2
5.2 44.0
5.7 42.8
5.9 41.7
6.7 41.0
7.7 40.4
8.6 39.5
9.4 38.8
10.7 39.1
11.7 39.8
12.7 40.6
13.7 41.1
15.0 41.0
16.0 40.3
16.9 39.4
17.9 38.8
19.1 38.8
20.2 39.2
21.4 39.4
22.7 39.3
23.8 38.9
24.8 38.3
25.6 37.5
26.0 36.4
26.0 35.1
25.8 33.9
26.0 32.5
26.7 31.5
27.5 30.5
28.2 29.5
29.1 28.5
30.1 27.7
31.1 26.9
32.1 26.0
33.1 25.1
34.1 24.3
35.0 23.6
36.2 23.5
37.4 23.6
38.7 24.0
39.7 24.4
40.7 23.8
40.6 22.6
39.8 21.7
39.0 20.8
38.6 19.7
38.4 18.6
37.8 17.8
36.8 17.1
35.7 17.1
34.7 17.7
