15.0 4.0
14.1 4.6
12.8 5.1
11.6 4.9
10.7 4.3
10.0 3.4
9.4 2.3
8.5 1.7
7.4 1.7
6.3 2.1
5.2 2.8
4.2 3.6
3.3 4.6
2.8 5.5
2.6 6.7
2.6 8.0
2.5 9.2
2.1 10.4
1.7 11.5
1.8 12.6
2.3 13.7
3.0 14.7
3.5 15.9
3.8 17.2
4.2 18.5
4.7 19.7
5.4 20.7
6.3 21.5
7.4 22.1
8.3 23.0
9.0 24.1
9.6 25.2
10.1 26.3
10.7 27.3
11.6 28.2
12.6 29.0
13.7 29.6
14.8 30.3
15.9 30.7
17.1 30.9
18.2 31.5
19.4 32.1
20.6 32.7
21.8 33.3
23.0 33.8
24.1 34.5
25.2 35.2
26.3 35.5
27.6 35.5
28.6 35.2
29.5 34.4
30.4 33.5
31.5 32.7
32.5 32.0
33.4 31.3
34.0 30.2
34.3 29.0
34.3 27.7
35.2 27.1
36.4 27.3
37.4 26.7
38.1 25.7
38.5 24.5
39.0 23.5
39.9 23.0
41.0 22.8
42.3 22.9
43.3 23.0
44.0 22.2
44.6 21.1
45.1 19.9
45.3 18.8
45.1 17.6
44.7 16.3
44.4 15.0
44.4 13.8
