25.0 37.0
25.9 36.1
26.4 34.9
26.9 34.0
27.8 33.3
29.0 32.7
30.3 32.2
31.5 31.8
32.8 31.5
33.7 30.7
34.2 29.6
35.0 28.6
36.0 27.7
37.0 26.9
37.7 26.0
38.3 24.9
38.9 23.7
39.5 22.7
40.4 22.0
41.2 21.3
41.8 20.1
42.4 19.3
43.5 18.6
44.6 17.9
45.7 17.2
46.8 16.5
47.6 15.7
48.1 14.7
48.3 13.5
48.3 12.3
48.3 10.9
48.5 9.6
48.7 8.3
48.8 7.0
48.8 5.8
48.7 4.6
47.8 4.0
46.7 4.1
45.5 4.2
44.3 4.0
43.2 3.4
42.1 2.7
40.9 2.5
39.8 2.9
38.8 3.5
38.8 4.6
39.3 5.7
40.0 6.6
40.2 7.8
40.1 9.0
39.8 10.2
39.2 11.3
38.4 12.2
37.4 12.9
36.2 12.9
35.4 12.2
34.8 11.1
33.8 10.5
32.6 10.4
31.3 10.6
30.0 10.9
28.8 11.2
27.5 11.2
26.3 11.0
25.2 10.8
24.0 11.1
22.8 11.7
22.0 12.4
21.6 13.7
21.6 14.8
20.5 15.1
19.2 15.0
18.0 14.6
16.9 14.0
15.8 13.4
15.3 14.6
15.5 15.8
16.1 16.9
16.6 18.0
16.6 19.2
16.3 20.4
15.9 21.6
15.5 22.8
14.8 23.8
13.8 24.6
12.9 25.2
12.5 26.3
12.7 27.3
