45.0 45.0
46.1 45.0
45.3 45.8
44.1 45.0
42.9 44.9
41.7 45.0
40.5 45.4
39.4 46.0
38.4 46.7
37.2 46.9
36.0 46.8
34.8 46.5
33.4 46.6
32.3 47.2
31.3 47.9
30.2 48.2
29.0 48.1
27.8 47.7
26.6 47.6
25.3 47.6
24.1 47.8
22.8 48.1
21.6 48.4
20.3 48.4
19.2 48.2
18.3 47.6
17.6 46.6
17.1 45.5
16.8 44.2
16.7 42.9
16.8 41.7
16.4 40.7
15.3 40.6
14.2 40.3
13.4 39.3
13.3 38.1
14.4 37.2
15.5 36.8
16.6 36.6
17.2 35.8
16.5 34.7
15.5 34.1
14.4 33.4
13.6 32.5
13.2 31.5
13.1 30.3
12.9 29.0
12.8 27.7
12.7 26.3
12.9 25.0
13.3 23.8
13.8 22.7
14.4 21.5
15.0 20.4
16.4 20.1
17.6 20.3
18.9 20.6
20.2 20.9
21.1 20.4
21.6 19.3
22.5 18.4
23.5 17.6
24.6 18.1
25.2 19.2
26.5 19.5
27.7 19.1
28.8 18.5
30.0 18.0
31.1 17.4
32.2 16.7
33.3 16.2
34.4 16.4
35.4 17.1
36.6 17.4
37.6 17.1
38.5 16.5
39.5 16.4
40.6 16.8
41.6 17.5
42.6 18.2
43.8 18.6
45.0 18.8
45.9 18.1
45.9 17.0
45.5 15.7
