25.0 25.0
25.6 26.0
25.1 27.3
24.8 28.3
25.0 29.4
25.6 30.5
26.5 31.4
27.8 31.3
28.6 30.5
29.2 29.5
30.0 28.8
31.2 28.5
32.3 28.4
32.9 27.3
32.8 26.2
32.4 25.0
32.2 23.7
32.1 22.4
32.0 21.1
31.8 19.8
31.4 18.6
31.2 17.6
32.3 17.2
33.3 17.6
34.2 18.4
34.9 19.5
35.5 20.5
36.3 21.5
37.2 22.4
37.7 23.5
38.1 24.7
38.2 25.9
37.8 27.0
37.1 28.0
36.1 28.8
35.5 29.7
35.7 30.8
35.7 31.9
35.4 33.1
35.3 34.4
35.2 35.7
35.2 37.0
34.6 38.0
33.6 38.6
32.5 39.2
31.4 39.9
30.3 40.7
29.3 41.5
28.3 42.3
27.2 42.7
26.1 42.3
25.3 41.6
24.6 40.6
24.1 39.4
23.8 38.2
23.5 36.9
22.7 36.1
21.6 35.7
20.3 35.6
19.1 35.2
17.9 35.1
16.8 34.9
15.8 34.3
15.0 33.4
14.3 32.3
13.9 31.2
13.5 29.9
13.3 28.6
12.9 27.4
12.6 26.1
12.2 24.9
11.8 23.7
11.9 22.3
12.5 21.1
13.1 20.0
13.6 18.9
14.1 17.7
14.6 16.5
15.0 15.4
15.0 14.2
14.6 13.0
14.1 11.8
13.4 11.0
12.2 10.6
11.0 10.2
10.0 9.5
9.0 8.6
