37.5 37.5
37.9 37.1
38.1 36.5
37.4 36.9
36.8 37.3
36.3 37.9
35.9 38.6
35.4 39.3
34.8 39.8
34.1 40.3
33.4 40.6
32.7 40.6
32.0 40.5
31.2 40.2
30.5 39.8
29.8 39.4
29.0 39.0
28.3 38.7
27.5 38.5
26.6 38.5
25.8 38.5
24.9 38.7
24.1 38.8
23.3 39.1
22.8 39.2
22.0 39.5
21.2 39.9
20.5 40.3
19.8 40.5
19.0 40.6
18.3 40.5
17.5 40.2
16.7 39.9
16.0 39.5
15.4 39.0
14.9 38.3
14.9 37.5
14.9 36.7
15.1 35.9
15.4 35.1
15.7 34.3
16.1 33.5
16.5 32.8
16.5 32.1
16.1 31.6
15.4 31.3
14.6 31.1
13.8 30.8
13.0 30.4
12.3 30.1
11.5 29.7
11.6 29.0
12.0 28.4
12.6 27.8
13.3 27.4
14.0 26.9
14.6 26.4
15.2 25.8
15.6 25.1
15.8 24.3
16.1 23.5
16.6 22.8
16.9 22.2
17.1 21.4
17.1 20.6
17.1 19.7
17.0 18.9
16.8 18.1
16.6 17.3
16.2 16.7
15.6 16.2
14.8 15.7
14.4 15.3
14.3 14.8
14.2 14.0
14.2 13.2
14.1 12.6
13.5 12.6
12.5 12.5
