37.5 37.5
36.8 37.8
36.2 38.1
35.7 38.6
35.4 39.2
35.3 39.8
34.6 39.7
33.9 39.8
33.1 40.1
32.6 40.2
31.9 39.8
31.4 39.2
31.1 38.7
31.0 37.9
31.0 37.0
30.9 36.2
30.8 35.3
30.9 34.6
31.2 33.8
31.6 33.1
32.0 32.3
32.4 31.6
32.5 31.1
32.8 30.3
33.1 29.5
33.3 28.9
34.0 28.9
34.6 29.1
35.3 29.6
35.9 29.9
36.6 30.1
37.4 30.0
38.2 29.9
39.0 29.7
39.9 29.6
40.6 29.6
41.1 29.2
41.4 28.6
41.4 27.8
41.3 27.0
41.0 26.2
40.6 25.4
40.1 24.7
39.5 24.0
38.9 23.4
38.2 22.9
37.6 22.4
36.8 21.9
36.4 21.5
36.1 20.8
35.8 20.1
35.1 19.8
34.4 19.8
33.7 20.1
33.0 20.6
32.4 21.0
31.9 21.2
31.2 21.1
30.4 20.8
29.7 20.3
29.0 19.8
28.4 19.2
27.9 18.7
27.8 18.1
27.9 17.5
28.3 16.9
27.5 16.8
26.7 16.6
26.2 16.3
26.3 15.8
25.5 15.8
24.8 15.4
24.2 14.9
23.8 14.2
23.5 13.6
23.5 12.9
23.6 12.1
23.7 11.4
23.6 10.7
23.2 9.9
22.7 9.3
22.1 9.0
21.5 9.0
20.7 9.3
20.1 9.8
19.5 10.3
18.8 10.6
18.1 10.8
17.2 10.9
16.4 10.8
15.6 10.7
15.0 10.8
14.5 11.3
14.2 11.9
14.0 12.6
14.0 13.5
13.9 14.0
14.3 13.7
13.7 13.5
12.5 12.5
