37.5 37.5
37.0 37.7
36.4 37.7
35.8 37.7
35.4 37.3
35.3 37.8
34.9 38.3
34.3 38.7
33.5 38.9
32.6 39.1
31.8 39.3
31.3 39.4
30.5 39.5
29.8 39.5
29.0 39.3
28.5 39.2
27.9 39.0
27.3 38.4
27.1 37.7
27.1 36.9
27.2 36.1
27.4 35.4
27.3 34.8
26.8 34.4
26.1 34.1
25.3 34.0
24.4 34.0
23.6 34.2
22.8 34.2
22.1 34.1
21.4 33.7
20.7 33.3
20.0 32.7
19.5 32.1
18.9 31.6
18.2 31.2
17.4 30.8
16.6 30.5
15.8 30.3
15.0 30.1
14.2 30.0
13.4 30.0
12.5 30.1
11.7 30.3
10.9 30.5
10.1 30.7
9.6 30.6
9.2 30.2
8.8 29.6
8.6 28.8
8.4 28.0
8.4 27.1
8.5 26.3
8.7 25.4
8.9 24.6
9.2 23.8
9.6 23.1
10.1 22.6
10.7 22.2
11.5 22.0
12.3 21.9
13.2 21.9
14.0 22.0
14.6 21.9
15.1 21.5
15.6 21.0
16.0 20.2
16.4 19.5
16.6 18.6
16.7 17.8
16.7 17.0
16.6 16.1
16.5 15.2
16.3 14.5
15.9 13.9
15.2 13.4
14.5 13.1
13.7 12.8
13.2 12.7
12.5 12.5
