5.0 35.0
5.2 36.1
5.7 35.2
5.9 34.1
6.4 33.2
7.4 32.5
8.5 32.1
9.8 31.8
11.0 31.6
12.3 31.5
12.8 30.5
12.5 29.3
12.8 28.0
13.5 27.1
14.1 26.1
14.5 24.9
14.6 23.7
15.2 22.7
16.5 23.0
17.5 23.4
17.2 22.2
16.6 21.3
17.3 22.2
18.3 22.7
19.4 23.1
20.6 23.7
21.4 24.4
21.5 25.4
21.2 26.6
21.0 27.8
21.1 29.1
21.3 30.3
21.8 31.5
22.6 32.5
23.7 33.0
24.7 32.6
25.8 31.9
27.0 31.3
28.2 30.9
29.3 30.6
30.3 31.5
31.1 32.5
32.0 33.3
32.6 34.2
32.8 35.3
32.8 36.5
33.3 37.5
34.2 38.4
35.2 39.1
36.4 39.4
37.6 39.5
38.8 39.8
39.4 40.6
39.8 41.8
40.0 43.2
40.1 44.5
40.2 45.8
41.3 45.9
42.5 45.3
43.6 44.7
