4.0 13.0
4.6 13.8
4.5 15.1
5.2 16.1
5.9 16.9
6.2 18.1
6.6 19.3
6.9 20.5
7.6 21.3
8.7 21.9
9.9 22.2
11.1 22.1
12.4 21.9
13.6 21.5
14.8 21.0
15.8 20.2
16.2 19.2
16.3 18.0
16.4 16.7
16.5 15.4
16.6 14.2
17.8 13.9
18.9 14.4
19.9 14.9
21.1 14.8
22.2 14.4
23.4 13.8
24.6 13.4
25.9 13.1
27.1 13.5
27.7 14.5
27.6 15.6
27.2 16.6
28.2 17.6
29.4 18.0
30.6 18.4
31.6 18.5
32.7 18.0
33.6 17.1
34.5 16.4
35.7 16.0
37.0 15.8
38.0 15.1
38.6 14.1
39.1 12.9
39.7 11.8
40.3 10.9
40.1 9.6
39.5 8.6
38.8 7.8
38.9 6.7
39.6 5.7
40.4 4.7
41.2 3.7
42.0 2.8
42.8 2.1
43.8 2.7
