4.0 13.0
2.9 12.8
2.2 11.7
1.7 10.6
1.8 9.5
2.3 8.3
2.9 7.1
3.3 5.9
3.6 4.7
3.7 3.4
3.9 2.3
4.7 1.6
5.9 1.5
7.2 1.4
8.4 1.5
9.7 1.5
10.9 1.6
11.5 2.6
11.2 3.7
10.6 4.8
9.8 5.8
9.7 6.8
10.2 7.9
11.1 8.8
12.1 9.5
13.2 10.2
14.4 10.8
15.6 11.2
16.8 11.7
17.8 11.6
18.7 10.5
19.4 9.6
20.4 9.0
21.4 8.4
22.3 7.5
23.0 6.4
23.5 5.5
24.5 5.1
25.7 5.0
26.8 5.2
27.5 6.0
27.7 7.2
28.1 8.3
28.7 9.3
29.7 10.1
30.8 10.6
32.0 10.8
33.2 10.5
34.3 10.2
35.5 10.2
36.7 10.5
37.5 9.6
37.7 8.5
37.5 7.3
37.2 6.2
37.7 5.0
38.5 4.1
39.6 3.5
40.9 3.0
42.0 2.8
43.2 3.1
44.1 3.7
