4.0 13.0
4.7 13.8
4.8 14.9
4.5 16.1
3.8 17.1
3.8 18.3
4.3 19.5
4.9 20.7
5.5 21.8
6.1 22.8
7.1 23.3
8.3 23.5
9.6 23.4
10.6 22.7
11.1 21.7
11.6 20.8
12.6 20.1
13.8 19.5
15.0 19.2
16.3 19.0
17.5 18.7
18.6 18.5
19.6 18.9
20.8 19.2
21.8 18.8
22.6 18.0
23.2 16.9
23.7 15.7
24.0 14.5
24.3 13.2
25.4 13.0
26.2 13.9
26.7 14.9
27.7 15.3
28.9 15.3
30.0 14.9
31.1 14.2
32.2 13.5
33.2 12.7
34.4 12.1
35.5 11.5
36.7 10.9
37.8 10.3
38.3 9.1
37.9 7.9
37.3 6.7
36.8 5.8
37.4 4.7
38.4 4.1
39.6 3.7
40.9 3.4
42.1 3.0
43.2 2.4
44.3 2.1
44.6 3.2
