10.0 10.0
10.1 11.4
10.2 12.6
9.9 13.8
9.4 15.0
9.6 16.1
10.3 17.1
11.2 17.8
11.7 18.9
12.0 20.1
11.9 21.4
11.9 22.7
11.8 24.0
11.1 25.2
10.1 25.8
8.8 26.3
7.8 26.7
7.6 27.9
8.0 29.0
8.7 30.1
9.6 31.0
10.6 31.8
11.6 32.7
12.4 33.4
11.3 33.9
10.1 34.0
9.8 35.2
10.3 36.3
11.1 37.3
11.9 38.1
11.5 39.2
10.6 40.0
11.1 40.9
12.1 41.6
13.3 41.9
14.6 41.9
15.8 41.6
17.0 41.1
18.2 40.5
19.3 40.0
20.6 39.4
21.8 39.0
22.9 38.5
24.0 38.4
24.9 39.0
25.6 40.0
26.7 40.1
27.4 39.2
27.7 38.1
28.4 37.2
29.5 36.8
30.7 36.8
32.0 37.4
33.2 37.5
34.4 37.1
35.6 36.7
36.9 36.2
37.9 35.6
38.8 34.7
39.5 33.6
40.1 32.5
40.6 31.3
