25.0 15.0
23.8 15.2
22.8 15.3
21.5 15.3
20.2 15.3
19.1 15.0
18.0 14.4
17.1 13.6
16.3 12.6
15.3 11.7
14.3 11.0
13.2 10.6
11.9 10.5
10.6 10.5
9.4 10.6
8.5 11.3
8.0 12.4
7.5 13.3
6.5 14.1
5.3 14.6
4.6 15.4
4.3 16.6
4.3 17.9
4.4 19.2
4.7 20.5
5.0 21.7
5.3 23.0
5.5 24.2
5.3 25.2
4.6 26.2
3.7 27.0
3.3 28.1
3.2 29.2
3.5 30.5
4.0 31.6
4.6 32.8
5.2 33.9
5.7 35.1
6.2 36.3
6.6 37.5
6.7 38.6
6.5 39.9
6.2 41.1
6.4 42.3
7.2 42.9
8.2 43.1
9.4 42.5
10.5 41.9
11.8 41.3
13.0 40.9
14.0 40.5
13.6 39.3
13.1 38.3
13.2 37.2
13.6 36.1
