32.0 11.0
31.0 10.6
30.2 11.4
29.4 12.3
29.0 13.4
28.8 14.6
28.5 15.6
27.5 15.9
26.3 15.8
25.1 15.5
23.9 15.4
22.6 15.7
21.5 16.2
20.6 17.1
19.7 18.0
18.7 18.8
17.8 19.4
16.6 19.6
15.3 19.5
14.0 19.4
12.7 19.4
11.4 19.4
10.1 19.3
8.8 19.3
7.5 19.3
6.3 18.9
5.6 18.0
5.1 16.9
4.8 15.6
4.6 14.4
4.7 13.1
4.6 12.1
3.4 11.3
2.6 10.7
2.2 9.5
2.4 8.4
3.0 7.3
3.9 6.3
4.9 5.5
5.9 4.6
6.8 3.8
7.8 2.9
8.7 2.2
9.9 1.9
11.1 2.6
11.9 3.5
12.4 4.6
12.5 5.9
12.4 7.2
12.1 8.4
11.9 9.5
13.0 9.8
14.1 9.4
15.3 9.6
16.2 10.3
16.9 11.4
