42.5 25.0
42.0 24.8
41.5 24.5
41.1 24.9
40.4 24.7
39.7 24.4
39.2 23.9
38.7 23.2
38.3 22.6
37.8 22.2
37.0 21.9
36.2 21.7
35.4 21.7
34.5 21.7
33.9 21.8
33.2 22.3
32.6 22.8
32.0 23.3
31.4 23.7
30.6 23.9
29.8 24.0
28.9 24.0
28.1 23.9
27.4 23.7
26.7 23.3
26.1 22.7
25.6 22.1
25.2 21.4
24.9 20.6
24.7 19.8
24.6 19.3
24.5 18.5
24.4 17.6
24.2 16.7
24.0 15.9
23.7 15.2
23.2 14.5
22.5 14.0
21.7 13.9
20.9 13.9
20.1 14.0
19.3 14.3
18.5 14.7
17.7 15.1
16.9 15.5
16.2 15.9
15.4 16.3
14.6 16.7
13.9 17.0
13.1 17.4
12.5 17.7
12.1 18.3
11.9 19.0
11.7 19.8
11.7 20.7
11.7 21.5
11.6 22.2
11.1 22.7
10.4 22.8
9.6 22.8
8.7 22.5
8.1 22.4
7.5 23.0
7.3 23.8
7.5 25.0
