42.5 25.0
43.0 25.2
43.2 25.7
43.4 26.4
43.6 27.2
43.9 28.0
44.3 28.7
44.8 29.4
45.0 30.1
45.1 30.6
45.2 31.4
45.3 32.3
45.2 32.8
44.7 33.3
44.0 33.7
43.2 33.8
42.4 33.8
41.6 33.7
41.0 33.8
40.5 34.1
40.0 34.7
39.6 35.2
38.8 35.5
38.1 35.5
37.3 35.3
36.6 34.9
35.9 34.5
35.2 33.9
34.6 33.3
34.0 32.7
33.5 32.2
32.8 31.9
32.0 31.7
31.3 31.8
30.6 32.1
29.9 32.4
29.2 32.6
28.4 32.6
27.6 32.5
27.1 32.3
26.4 32.0
25.6 31.5
24.8 31.1
24.1 30.6
23.7 30.0
23.7 29.3
23.9 28.5
24.2 27.8
24.5 27.0
24.6 26.2
24.5 25.4
24.5 24.5
24.3 23.7
24.1 22.9
23.6 22.3
23.0 22.2
22.4 22.5
21.7 22.9
21.1 23.5
20.5 23.8
19.7 24.1
19.0 24.5
18.3 25.0
17.5 25.2
16.6 25.3
16.1 25.2
15.6 24.5
15.5 23.8
15.6 23.1
15.7 22.6
15.6 22.1
15.0 21.6
14.3 21.5
13.5 21.5
12.7 21.8
12.1 21.9
11.4 21.8
10.7 21.4
10.2 21.2
9.6 21.3
9.1 21.8
8.7 22.4
8.4 23.1
8.3 23.9
8.2 24.4
7.5 25.0
