42.5 25.0
42.6 25.6
42.5 26.2
42.1 26.8
41.5 27.4
40.8 28.1
40.2 28.7
39.6 29.3
38.9 29.9
38.3 30.4
37.5 30.8
36.8 31.1
36.3 31.2
35.5 31.4
34.7 31.6
33.8 31.7
33.0 31.7
32.5 31.8
31.8 31.7
31.0 31.5
30.1 31.3
29.3 31.2
28.4 31.2
27.8 31.2
27.4 30.6
27.1 29.8
26.7 29.0
26.4 28.2
26.0 27.4
25.6 26.7
25.0 26.0
24.4 25.3
23.8 24.8
23.2 24.2
22.7 23.6
22.4 23.2
21.9 22.6
21.2 22.2
20.4 21.8
19.7 21.7
19.2 21.9
18.7 22.4
18.4 23.1
18.1 23.7
17.3 23.5
16.9 23.2
16.3 23.0
15.6 23.0
14.8 23.1
14.0 23.2
13.2 23.3
12.4 23.2
11.7 23.0
11.0 22.6
10.2 22.5
9.4 22.5
8.5 22.6
7.7 22.8
7.2 23.1
7.0 23.6
7.1 24.3
7.5 25.0
