42.5 25.0
42.3 24.4
42.0 23.7
41.5 23.2
40.8 22.6
40.1 22.2
39.3 21.8
38.7 21.3
38.2 20.6
37.8 19.9
37.4 19.5
36.5 19.5
35.8 19.9
35.2 20.4
34.6 21.0
34.3 21.4
33.9 21.9
33.6 21.3
33.1 20.6
32.6 19.9
32.1 19.1
31.6 18.4
31.1 17.7
30.6 17.0
30.2 16.3
29.9 15.5
29.6 14.7
29.5 14.2
29.3 13.4
28.7 13.0
28.1 13.1
27.3 13.3
26.6 13.7
26.0 14.1
25.6 14.7
25.4 15.4
25.3 16.2
25.3 17.0
25.2 17.5
24.7 17.9
24.0 18.1
23.2 18.2
22.4 18.2
21.7 18.4
21.0 18.8
20.3 19.3
19.7 19.8
19.2 20.0
18.6 20.0
18.0 19.8
17.3 19.4
16.7 18.8
16.0 18.3
15.3 17.8
14.6 17.3
13.9 16.9
13.2 16.7
12.5 16.7
11.9 17.0
11.5 17.7
11.2 18.4
10.6 19.0
10.2 19.6
10.0 20.3
9.9 20.8
10.0 21.6
10.1 22.4
10.0 23.0
9.7 23.7
9.2 24.2
8.6 24.6
7.5 25.0
