42.5 25.0
42.4 24.4
41.8 24.7
41.1 25.0
40.3 25.2
39.5 25.2
38.7 25.1
37.9 24.9
37.1 24.7
36.6 24.6
35.8 24.6
35.3 24.5
34.4 24.6
33.6 24.7
33.0 24.7
32.6 24.2
32.4 23.4
31.9 23.2
31.3 23.5
30.8 24.0
30.3 24.7
30.0 25.5
29.7 26.3
29.2 26.7
28.5 26.9
28.0 26.8
27.5 26.4
27.0 25.8
26.8 25.1
26.6 24.3
25.9 24.2
25.3 24.4
24.7 24.9
24.1 25.5
23.7 26.2
23.4 26.6
22.7 26.6
22.0 26.5
21.3 26.1
20.6 25.7
19.9 25.1
19.3 24.5
18.8 23.9
18.2 23.5
17.4 23.2
16.6 22.9
15.8 22.7
14.9 22.5
14.1 22.4
13.3 22.3
12.8 22.2
12.1 22.2
11.3 22.4
10.5 22.8
9.8 23.2
9.1 23.6
8.4 24.1
7.5 25.0
