45.0 13.0
44.9 14.1
44.3 15.0
44.0 16.1
44.4 17.1
44.5 18.1
43.7 19.1
42.7 19.3
41.4 19.5
40.2 19.8
38.9 20.1
37.8 20.5
36.5 20.5
35.2 20.4
34.2 20.2
33.6 19.3
33.8 17.9
33.7 16.7
32.9 16.1
31.8 15.9
30.6 16.4
29.3 16.6
28.2 16.1
27.2 15.4
26.4 14.4
25.4 13.6
24.3 13.5
23.3 13.4
22.5 12.8
21.6 12.1
20.4 11.6
19.2 11.3
17.9 11.2
16.6 11.3
15.3 11.4
14.0 11.6
12.7 11.7
11.7 11.5
11.2 10.6
11.0 9.4
11.0 8.2
10.8 7.0
10.4 5.7
9.9 4.5
9.5 3.3
8.7 2.3
7.7 1.9
6.5 2.1
5.5 2.8
4.8 3.7
4.2 4.7
3.5 5.7
2.8 6.5
2.0 7.2
1.9 8.2
1.7 9.5
1.4 10.6
1.7 11.8
2.3 12.9
3.1 14.0
2.4 14.9
3.4 14.3
