4.0 46.0
5.1 45.6
4.3 44.6
3.2 44.2
3.4 43.1
4.1 42.3
5.2 41.7
6.3 41.1
7.3 40.2
8.1 39.3
9.3 38.8
10.5 38.9
11.8 39.3
13.0 39.8
14.0 40.2
15.1 40.1
16.1 39.5
17.1 38.6
18.1 38.1
19.1 38.4
20.1 39.2
20.7 40.2
21.9 40.7
23.0 40.6
24.1 41.0
25.2 41.6
26.2 41.8
27.0 40.8
27.3 39.7
28.2 39.1
29.2 38.7
30.0 37.9
30.9 37.4
32.0 37.7
33.2 38.3
34.2 39.0
35.3 39.7
36.4 39.8
37.3 39.1
38.2 38.3
39.3 37.7
40.4 37.4
41.5 37.9
42.6 38.5
43.7 38.9
44.8 38.5
45.5 37.6
46.0 36.4
46.3 35.2
46.6 34.0
47.0 32.7
46.8 31.7
46.0 30.9
45.0 30.1
43.9 29.4
42.9 28.7
41.8 28.4
40.9 27.9
39.8 27.4
38.8 27.7
37.8 28.3
36.6 28.6
35.4 28.8
34.1 28.8
32.8 28.7
31.6 28.5
30.4 27.9
29.4 27.4
28.2 27.2
26.9 27.3
25.6 27.4
24.3 27.6
23.0 27.8
21.8 27.9
20.7 27.5
19.7 27.3
18.6 27.7
17.5 28.0
16.3 27.3
15.7 26.3
14.9 25.5
13.8 25.0
12.6 24.6
11.5 24.4
10.5 23.7
9.9 22.8
10.3 21.7
11.1 20.6
11.8 19.5
12.5 18.3
13.2 17.4
14.2 16.7
15.3 16.3
16.3 16.4
