30.0 20.0
31.1 20.2
32.2 20.5
33.3 20.1
34.3 19.3
35.2 18.4
35.9 17.6
37.0 17.6
38.1 18.1
39.0 19.0
39.8 20.0
40.4 21.2
40.9 22.4
41.4 23.5
42.0 24.6
42.0 25.8
41.4 26.9
40.5 27.8
39.5 28.7
38.5 29.4
37.4 29.6
36.1 29.5
34.9 29.7
33.8 30.2
32.7 30.8
31.6 31.6
30.6 31.9
30.0 30.7
29.5 29.7
28.6 28.9
27.4 28.4
26.2 28.2
25.0 28.2
23.8 28.5
22.6 28.5
21.5 28.1
20.4 27.5
19.5 26.6
18.7 25.8
18.3 24.7
18.1 23.4
18.2 22.1
18.3 20.9
17.4 20.2
16.1 19.9
14.9 19.6
13.7 19.1
12.5 18.6
11.6 18.0
11.2 16.9
11.4 15.6
11.6 14.4
11.6 13.2
11.4 11.9
11.1 10.6
