4.0 13.0
4.9 13.8
5.2 14.9
5.9 15.8
6.4 16.9
6.5 18.1
6.7 19.2
7.6 19.9
8.7 20.0
9.8 19.6
10.8 19.3
11.8 19.6
12.8 20.3
13.8 20.9
15.0 20.3
15.7 19.3
16.2 18.2
16.5 17.1
17.5 16.4
18.7 16.2
20.0 16.3
21.0 16.5
22.0 16.1
22.9 15.3
23.6 14.4
24.5 13.9
25.6 13.8
26.7 14.2
27.7 14.9
28.6 15.8
29.4 16.7
30.5 17.4
31.6 18.0
32.4 18.7
33.1 19.8
33.6 20.8
34.0 22.1
34.3 23.3
34.7 24.4
34.7 25.6
34.6 26.9
34.8 28.2
34.7 29.4
34.0 30.3
33.0 31.1
32.0 31.8
31.0 32.6
30.0 33.4
28.9 34.1
27.8 34.3
26.6 34.1
25.3 34.0
24.0 33.9
22.8 33.8
21.7 33.8
20.7 34.6
20.1 35.7
19.0 36.1
17.8 35.9
16.7 35.9
