45.0 5.0
44.7 6.0
43.7 6.6
42.5 6.8
41.2 7.1
40.0 7.4
38.8 7.9
37.9 8.8
37.6 10.0
37.6 11.3
37.8 12.6
37.9 13.9
37.8 14.9
37.2 16.0
36.3 16.9
35.3 17.8
34.3 18.6
33.4 19.3
33.3 20.4
33.9 21.3
34.9 22.0
35.7 22.7
35.1 23.9
34.2 24.6
33.1 25.2
31.9 25.6
30.6 25.9
29.4 26.3
28.2 26.7
27.0 27.2
25.7 27.0
24.9 26.1
24.4 25.1
23.9 24.1
22.8 24.3
21.9 25.1
21.0 25.9
19.9 26.6
18.7 27.2
17.5 27.5
16.3 27.8
15.5 28.5
15.1 29.6
15.0 30.8
14.5 32.0
14.0 33.0
12.9 33.4
11.8 33.3
10.7 32.9
9.5 32.9
8.3 33.2
7.2 33.8
6.1 34.4
