45.0 5.0
43.9 4.3
43.0 3.5
41.8 3.4
40.7 3.6
39.7 4.0
38.7 4.6
37.5 4.8
36.2 4.9
34.9 4.8
33.7 4.6
32.4 4.3
31.2 4.0
30.1 4.3
29.1 5.2
28.3 6.2
27.6 7.1
26.6 7.6
25.5 7.8
25.0 8.9
25.0 10.1
25.3 11.3
25.8 12.5
26.2 13.5
25.9 14.7
25.1 15.5
24.0 16.0
23.3 17.0
23.4 18.2
23.9 19.3
24.3 20.4
24.2 21.6
23.8 22.8
23.3 24.0
22.7 25.1
22.3 26.2
22.4 27.4
22.4 28.5
22.0 29.6
21.3 30.6
20.6 31.7
20.1 32.8
19.3 33.8
18.4 34.5
17.2 35.2
16.1 36.0
15.1 36.7
14.0 36.8
12.8 36.4
11.6 36.0
10.3 35.8
9.1 35.5
8.0 35.1
6.7 35.4
5.8 36.1
