35.0 4.0
34.7 3.0
36.0 3.2
36.9 4.0
37.6 5.0
38.1 6.2
38.3 7.4
38.5 8.7
38.2 9.7
37.3 10.2
36.2 10.4
35.4 11.1
35.5 12.2
35.3 13.2
34.6 14.1
33.6 15.0
32.9 16.0
32.5 17.2
32.3 18.5
32.4 19.6
33.0 20.6
33.9 21.4
34.9 22.0
35.8 22.9
36.5 24.0
36.9 25.1
37.1 26.4
37.1 27.7
36.9 28.9
36.1 29.6
35.1 29.4
34.0 29.0
32.8 29.1
31.8 28.9
30.7 28.2
29.9 27.2
29.1 26.3
28.1 25.6
26.9 25.2
25.6 25.0
24.3 25.1
23.0 25.3
21.7 25.4
20.5 25.6
19.4 25.9
18.8 24.7
18.9 23.5
19.3 22.3
19.8 21.1
18.7 20.4
17.6 20.8
16.5 21.4
15.2 21.7
13.9 21.8
13.0 22.5
12.6 23.6
12.6 24.7
13.3 26.0
14.1 26.8
15.0 27.4
16.1 28.3
17.0 29.1
17.6 30.1
17.9 31.4
17.5 32.4
16.7 33.1
15.6 33.5
14.7 34.0
14.6 35.0
15.3 36.1
15.8 37.2
15.8 38.3
15.0 39.1
13.8 39.6
12.6 39.9
11.9 41.0
11.8 42.1
11.8 43.2
11.3 44.1
10.3 44.9
9.5 45.8
8.8 46.9
7.9 47.4
6.9 47.1
6.0 46.3
5.2 45.3
