35.0 4.0
36.2 4.1
37.2 4.5
38.1 5.2
38.8 6.2
39.3 7.4
39.7 8.6
40.0 9.8
39.9 11.0
39.5 12.2
38.5 12.8
37.8 14.0
37.0 15.0
36.1 16.0
35.2 16.7
34.2 17.2
32.9 17.1
31.7 17.2
30.5 17.3
29.4 16.7
28.3 16.0
27.2 15.3
26.0 14.7
25.0 14.2
23.8 14.6
22.9 15.3
22.0 16.2
20.9 16.8
19.7 17.4
18.5 17.8
17.7 18.6
17.3 19.8
16.6 20.8
15.8 21.8
14.9 22.8
14.0 23.7
13.0 24.5
12.0 25.3
11.5 26.3
11.2 27.5
11.3 28.8
11.4 29.8
10.5 30.5
9.4 30.5
8.4 30.0
7.4 29.9
6.5 30.9
6.1 32.1
6.1 33.3
5.6 34.5
4.7 35.3
3.6 36.1
2.6 37.0
2.0 38.2
2.0 39.4
2.4 40.7
2.5 41.8
1.9 42.9
2.0 43.9
2.7 44.7
