4.0 4.0
4.8 4.9
4.7 6.0
4.2 7.0
3.2 7.8
2.2 8.5
2.1 9.6
2.7 10.6
3.3 11.6
3.6 12.7
3.8 14.0
4.0 15.2
4.1 16.5
4.0 17.8
4.5 18.7
5.5 19.2
6.6 19.3
7.8 19.3
9.0 19.8
10.0 20.5
11.0 21.4
11.8 22.1
12.9 22.1
14.0 21.6
14.9 20.8
15.6 19.8
16.0 18.6
16.4 17.4
16.8 16.2
17.1 14.9
17.4 13.7
17.6 12.5
17.3 11.4
17.6 10.4
18.5 9.7
19.6 9.3
20.8 9.3
21.9 9.8
22.3 10.8
23.0 11.7
24.1 12.1
25.2 13.0
25.7 14.1
26.3 15.0
27.3 15.5
28.6 15.7
29.9 15.7
30.8 16.5
31.3 17.6
32.1 18.6
33.1 19.5
34.0 20.4
34.9 21.3
35.9 22.1
36.8 23.0
37.4 24.0
37.8 25.0
37.6 26.2
