25.0 37.5
26.0 37.3
27.0 37.8
27.7 38.9
28.5 39.8
29.8 39.8
31.0 39.3
32.2 39.1
33.1 38.5
33.8 37.5
34.3 36.3
34.7 35.1
34.6 33.9
33.8 33.1
32.8 32.4
32.5 31.1
33.0 30.0
33.8 29.0
34.8 28.2
35.9 27.4
37.0 26.7
37.4 25.7
37.4 24.6
38.2 23.6
39.3 23.1
40.3 22.6
41.1 21.7
41.6 20.5
42.2 19.6
43.2 18.9
44.4 18.4
45.4 17.6
46.0 16.5
46.6 15.3
47.2 14.2
47.8 13.0
48.3 11.9
48.2 10.5
47.7 9.4
47.1 8.2
46.7 7.0
46.4 5.7
46.0 4.5
45.4 3.5
44.4 2.8
43.3 2.1
42.2 1.6
41.2 2.2
40.8 3.3
40.4 4.4
39.7 5.2
39.0 6.0
38.8 7.1
38.6 8.2
37.9 9.1
37.3 10.1
37.7 11.4
37.8 12.6
37.2 13.6
36.6 14.7
35.8 15.6
34.8 16.3
33.7 16.9
32.5 17.5
31.5 17.6
30.3 17.4
29.1 16.8
28.0 16.1
27.0 15.3
26.1 14.4
25.2 13.4
