17.5 46.0
17.6 45.0
16.7 43.9
16.0 43.0
16.0 41.9
16.2 40.6
16.2 39.3
16.1 38.0
16.5 37.0
17.5 36.7
18.6 36.9
19.5 37.8
20.3 38.5
21.3 38.6
22.2 38.0
23.1 37.0
23.8 35.9
24.2 34.8
24.0 33.8
23.4 32.7
22.9 31.5
22.4 30.4
22.2 29.1
22.2 27.9
22.4 26.7
23.0 25.8
23.9 24.9
25.2 24.4
26.5 24.5
27.6 24.7
28.5 24.2
29.1 23.1
30.2 22.5
31.2 22.7
32.4 23.2
33.7 23.1
34.8 22.8
36.0 22.9
37.3 23.1
38.4 23.5
39.2 24.4
39.8 25.5
40.2 26.7
40.6 27.8
41.6 27.1
42.5 28.0
43.5 28.8
44.6 29.2
45.3 30.0
45.4 31.1
45.0 32.3
44.8 33.5
44.7 34.8
44.7 36.1
44.8 37.5
44.7 38.5
44.0 39.5
43.0 40.3
41.9 40.9
40.7 41.5
39.5 42.1
38.2 42.2
37.2 41.6
36.2 40.7
35.4 39.6
34.7 38.6
33.6 37.8
32.9 36.9
32.8 35.8
33.0 34.6
