4.0 46.0
4.7 45.1
4.5 44.1
3.9 43.0
3.5 41.8
3.2 40.5
3.1 39.3
3.2 38.2
3.7 37.1
4.1 36.1
4.2 34.9
4.0 33.6
3.8 32.3
3.8 31.0
3.9 29.7
4.1 28.5
4.6 27.3
5.3 26.2
6.2 25.2
7.0 24.2
8.0 23.5
9.2 23.1
10.5 22.9
11.8 22.9
13.1 23.0
14.4 23.2
15.6 23.5
16.9 23.6
18.2 23.5
19.5 23.3
20.8 23.1
21.8 22.5
22.8 21.8
23.4 20.6
23.3 19.4
23.0 18.2
22.5 17.1
22.4 16.0
22.7 14.8
22.8 13.6
22.5 12.3
22.0 11.1
21.7 9.9
21.7 8.7
22.1 7.6
22.8 6.5
23.6 5.5
24.5 4.9
25.7 4.6
27.0 4.6
28.3 4.7
29.4 4.6
30.6 4.1
31.7 3.4
32.6 2.7
33.8 2.3
35.1 2.2
36.4 2.3
37.7 2.5
39.0 2.5
40.2 2.3
40.9 3.2
40.6 4.3
40.0 5.5
39.2 6.5
38.3 7.5
37.7 8.5
37.2 9.8
36.9 10.9
37.2 12.0
37.8 13.0
38.5 13.8
38.8 15.0
38.1 15.9
37.0 16.5
35.8 16.7
34.5 16.9
33.2 16.9
