12.0 28.0
10.9 28.4
10.7 27.3
9.6 26.7
8.4 26.6
7.2 26.3
6.2 27.0
6.0 28.1
6.2 29.3
6.1 30.5
5.3 31.4
4.2 32.0
3.1 32.6
2.8 33.6
2.7 34.9
2.7 36.1
2.5 37.4
2.2 38.7
1.8 39.9
1.8 41.2
2.3 42.2
3.2 43.1
4.2 43.9
5.0 44.7
5.6 45.7
6.5 46.5
7.4 47.1
8.5 46.7
9.2 45.8
9.9 44.7
10.6 43.7
11.5 42.8
12.1 41.6
12.1 40.4
12.6 39.5
13.6 39.2
14.8 39.2
16.1 39.5
17.1 39.2
17.8 38.3
18.2 37.1
19.1 36.6
20.2 36.6
21.5 37.0
22.5 37.6
23.7 38.0
24.9 38.2
26.0 38.7
27.1 39.5
28.1 40.1
29.3 40.4
30.7 40.6
31.9 40.7
33.1 40.5
34.3 40.0
35.4 39.8
36.6 40.0
37.6 40.7
37.8 41.8
38.0 42.8
38.6 43.6
39.5 44.3
40.1 45.4
40.5 46.6
41.1 47.7
42.1 48.2
43.4 48.5
44.6 48.2
45.4 47.4
46.0 46.3
46.5 45.1
47.1 44.0
47.7 42.8
48.0 41.6
48.1 40.3
47.9 39.0
47.7 37.7
47.4 36.5
46.9 35.3
46.7 34.1
46.9 32.9
47.2 31.7
46.2 32.1
45.2 32.7
44.1 32.0
43.5 31.1
42.9 29.9
42.2 28.9
41.3 28.0
40.7 27.0
40.3 25.8
39.9 24.6
39.3 23.5
38.6 22.4
37.6 21.5
36.6 20.8
35.4 20.2
34.5 19.5
34.0 18.5
33.3 17.7
32.2 17.1
31.0 16.9
29.8 16.6
28.8 16.0
27.8 15.3
26.6 15.1
25.5 15.0
24.7 14.3
