5.0 15.0
5.6 16.1
6.0 17.1
7.2 17.0
8.1 16.4
8.9 15.6
9.9 15.3
11.0 15.4
12.3 15.5
13.5 15.5
14.7 16.2
15.4 17.1
16.0 18.3
16.3 19.3
16.1 20.4
15.5 21.5
15.0 22.8
15.1 24.0
15.3 25.3
15.5 26.5
15.6 27.8
15.8 29.1
16.0 30.4
16.3 31.7
16.6 32.8
17.3 33.8
18.2 34.7
19.2 35.5
20.3 36.1
21.5 36.5
22.8 36.7
24.1 36.7
25.3 36.6
26.3 37.2
27.2 38.1
28.1 38.9
29.2 39.4
30.4 39.6
31.6 39.6
32.7 39.9
33.8 40.6
34.8 41.4
35.9 42.1
37.0 42.9
38.0 43.2
39.2 43.1
40.5 43.3
41.7 43.6
42.7 44.0
42.6 45.4
43.2 46.3
44.3 46.0
