5.0 15.0
5.9 15.9
6.8 16.9
8.0 17.4
9.3 17.5
10.4 17.5
10.3 18.7
9.7 19.8
9.0 20.9
9.0 22.1
10.0 22.7
11.2 23.0
12.5 23.2
13.7 23.5
14.9 23.8
16.1 24.2
17.3 24.5
18.6 24.5
19.8 24.1
20.9 23.7
22.0 23.7
23.2 24.1
24.3 24.7
25.3 25.6
26.1 26.6
27.0 27.4
28.2 28.0
29.4 28.4
30.7 28.7
31.8 29.3
32.8 30.1
33.6 31.1
34.2 32.2
34.9 33.1
35.8 33.7
37.0 33.9
38.1 34.1
39.1 34.8
39.9 35.7
40.6 36.8
41.2 37.8
42.2 38.4
43.4 38.9
44.6 39.2
45.4 40.1
45.3 41.1
44.7 42.1
43.8 42.9
43.0 43.7
43.3 45.0
44.1 45.8
