45.0 5.0
44.1 5.5
43.1 6.5
42.6 7.6
42.2 8.8
42.0 10.0
41.0 10.2
40.1 9.6
39.4 8.7
38.3 8.6
37.4 9.3
36.6 10.3
36.0 11.4
35.5 12.6
35.1 13.8
34.3 14.7
33.2 14.9
32.2 14.4
31.4 13.5
30.7 12.7
29.7 12.3
28.5 12.3
27.2 12.4
26.0 12.7
24.8 12.8
23.5 12.6
22.3 12.2
21.2 11.8
20.1 12.0
18.9 12.4
17.7 12.9
16.6 13.6
15.7 14.5
14.8 15.5
14.1 16.4
13.8 17.4
13.9 18.6
13.6 19.6
12.7 20.2
11.6 20.6
10.3 20.7
9.1 20.7
8.3 21.4
8.2 22.5
8.4 23.7
8.7 25.0
9.0 26.3
9.2 27.5
9.1 28.8
8.9 30.1
8.7 31.4
8.5 32.7
8.3 33.9
8.4 35.1
8.7 36.2
8.6 37.4
8.2 38.6
7.7 39.7
7.2 40.9
6.9 42.1
6.9 43.3
7.9 44.2
9.0 44.6
10.3 44.4
11.4 43.8
12.3 43.1
13.4 43.6
14.1 44.5
14.5 45.7
14.7 46.9
15.5 48.0
16.7 48.3
17.8 48.0
18.9 47.5
20.2 47.2
21.4 47.0
22.7 46.7
23.8 46.4
