45.0 5.0
43.9 5.4
43.0 5.9
42.5 6.8
41.3 6.4
40.1 6.6
38.8 6.9
37.5 7.1
36.2 7.3
34.9 7.3
33.8 7.1
32.9 6.5
32.2 5.6
31.1 5.5
30.0 6.3
29.0 7.0
27.8 7.0
26.5 7.1
25.2 7.2
24.0 7.4
22.8 7.8
21.7 8.0
20.6 7.7
19.6 7.3
18.5 7.3
17.4 7.8
16.5 8.6
15.5 9.3
14.4 9.7
13.2 10.1
12.3 10.8
11.7 11.8
11.0 12.7
10.0 13.6
9.0 14.4
8.3 15.3
7.3 15.8
6.3 16.5
5.4 17.4
4.4 18.2
3.3 18.9
2.6 19.7
2.2 20.8
2.1 22.1
2.2 23.3
1.9 24.4
1.6 25.6
2.0 26.6
2.9 27.4
3.6 28.2
3.6 29.4
3.3 30.5
3.5 31.6
4.2 32.6
5.0 33.6
5.6 34.6
6.1 35.8
6.8 36.8
7.5 37.8
7.6 38.9
7.5 40.1
7.0 41.3
6.8 42.4
7.3 43.5
8.0 44.6
9.0 45.1
10.1 44.7
11.1 44.3
12.2 44.6
13.0 45.4
13.6 46.4
14.3 47.2
15.5 47.0
16.4 46.4
17.6 45.8
18.8 45.9
20.0 46.3
21.1 46.8
22.2 47.5
23.3 47.5
24.3 46.9
