45.0 5.0
43.9 5.4
42.9 5.9
42.2 6.8
40.9 6.9
39.7 6.9
38.6 7.3
37.5 7.4
36.2 6.8
35.3 5.9
34.6 4.9
34.0 3.8
33.0 3.1
31.9 3.0
30.6 3.2
29.4 3.6
28.2 3.6
27.0 3.1
25.9 2.5
24.6 2.6
23.4 3.0
22.2 3.6
21.1 4.2
19.9 4.5
18.6 4.7
17.4 4.7
16.3 5.5
15.3 6.2
14.2 7.0
13.2 7.9
12.2 8.8
11.3 9.6
10.2 10.3
9.1 10.9
8.0 11.7
7.0 12.4
6.1 13.3
5.4 14.4
4.8 15.6
4.2 16.7
3.9 17.8
3.8 19.1
3.9 20.4
4.2 21.5
4.8 22.5
5.7 23.5
6.5 24.4
7.2 25.5
7.8 26.6
8.1 27.9
8.2 29.1
8.2 30.4
7.9 31.6
8.0 32.6
8.5 33.6
9.5 34.5
10.4 35.3
11.3 36.4
12.0 37.4
12.7 38.5
13.5 39.4
14.5 40.2
15.5 40.9
16.4 41.5
16.9 42.4
17.0 43.6
16.8 44.8
16.7 45.8
17.3 46.9
18.3 47.6
19.4 47.8
20.6 48.0
21.8 48.3
22.8 48.1
23.8 47.6
