45.0 13.0
45.9 13.5
46.1 14.7
45.6 15.8
44.8 16.7
43.9 17.6
43.0 18.5
42.2 19.5
41.3 20.5
40.5 21.5
40.0 22.4
40.0 23.6
40.4 24.7
40.8 25.7
39.8 26.7
38.7 27.0
37.4 27.1
36.3 27.3
35.7 28.2
35.4 29.4
34.8 30.3
33.9 31.0
32.7 31.6
31.4 31.9
30.3 32.2
29.4 32.9
28.6 33.9
27.8 34.6
26.6 35.0
25.4 35.3
24.1 35.6
22.9 35.9
21.7 35.4
21.1 34.4
20.3 33.4
19.5 32.4
18.5 31.5
17.4 31.0
16.2 30.6
14.9 30.4
14.3 29.5
15.0 28.6
15.5 27.6
15.7 26.4
15.8 25.1
16.0 23.8
16.3 22.6
16.7 21.5
17.4 20.5
17.6 19.4
17.5 18.1
17.2 16.8
16.7 15.7
15.9 14.7
15.9 13.4
16.5 12.5
17.4 11.8
18.5 11.7
19.7 11.7
20.9 11.9
22.1 12.4
23.2 13.1
24.2 13.9
25.1 14.9
26.0 15.9
25.8 16.9
24.8 17.5
24.0 18.4
23.5 19.5
23.3 20.7
23.4 22.0
23.7 23.2
