15.0 45.0
15.3 43.8
15.8 42.8
16.1 41.5
16.5 40.4
17.6 40.0
18.7 40.4
19.8 41.0
20.9 41.7
21.8 42.4
22.8 42.5
23.9 42.1
24.9 41.5
26.1 40.9
27.0 40.4
27.5 39.2
27.5 38.0
27.6 36.9
28.7 36.3
29.9 35.9
31.0 35.3
32.0 34.5
33.0 33.8
34.0 33.0
35.2 32.4
36.2 31.7
37.2 30.8
38.1 29.9
39.0 28.9
39.9 28.0
40.9 27.1
41.8 26.2
42.7 25.2
43.3 24.3
43.5 23.3
43.2 22.1
42.7 20.9
42.3 19.8
42.8 18.9
43.8 18.5
44.1 17.2
43.9 15.9
43.8 14.7
43.9 13.4
43.4 12.4
42.4 11.8
41.3 11.5
40.2 11.6
39.1 12.1
38.5 12.9
38.3 14.0
38.5 15.2
38.5 16.3
37.2 16.7
36.1 16.6
