38.0 22.0
37.0 22.3
37.8 23.1
38.2 24.2
38.1 25.4
38.2 26.6
39.1 27.2
40.3 27.3
41.5 27.1
42.6 26.7
43.5 27.3
43.9 28.3
44.1 29.5
44.1 30.7
44.4 31.9
45.0 33.0
45.8 34.0
46.8 34.7
47.7 35.7
47.8 36.8
47.6 38.0
47.7 39.2
47.9 40.4
47.8 41.4
47.4 42.5
46.6 43.6
45.8 44.6
44.9 45.5
44.1 46.5
43.4 47.4
42.4 47.8
41.4 47.7
40.7 46.9
40.3 45.7
40.1 44.4
40.1 43.1
40.2 41.9
39.9 40.9
39.0 40.2
37.8 40.1
36.6 40.2
35.7 39.3
35.4 38.2
35.2 37.1
34.3 36.4
33.2 36.2
31.9 36.2
30.7 36.4
29.4 36.3
28.1 36.1
26.8 35.7
25.6 35.3
24.3 34.9
23.0 34.7
21.7 34.8
20.7 34.2
20.0 33.2
19.0 32.4
17.8 31.9
16.6 31.6
15.5 31.1
14.6 30.2
13.9 29.2
13.5 28.0
13.2 26.8
13.2 25.5
13.3 24.2
13.5 23.0
13.7 21.7
14.4 20.6
15.7 20.1
16.7 19.6
17.6 18.7
18.4 17.7
19.1 16.7
19.8 15.6
20.7 14.8
21.8 14.3
22.9 13.9
23.8 12.9
24.2 11.7
24.1 10.6
23.4 9.7
23.3 8.7
23.7 7.7
24.1 6.5
24.4 5.2
