47.0 17.5
46.0 17.3
45.6 16.2
44.8 15.6
43.6 15.2
42.2 15.1
40.9 15.1
39.6 15.2
38.4 15.6
37.3 16.3
36.3 17.0
36.6 18.0
37.5 18.8
38.6 19.4
39.6 19.8
39.2 21.0
38.3 21.7
37.1 22.1
36.2 22.7
35.3 23.6
34.6 24.6
34.0 25.7
32.9 26.4
31.6 26.4
30.4 26.7
29.2 27.0
28.0 27.4
26.8 27.7
25.5 27.6
24.2 27.5
23.2 27.4
22.4 28.3
22.1 29.5
22.2 30.7
22.4 32.0
22.5 33.4
22.6 34.7
22.9 35.7
23.8 36.5
24.9 37.1
26.0 37.4
27.0 38.1
28.0 38.9
28.9 39.8
29.8 40.8
30.6 41.8
31.2 42.9
31.3 43.9
31.5 45.0
32.8 45.0
