4.0 4.0
4.6 4.9
5.6 4.7
6.4 4.0
7.1 3.0
8.1 2.6
9.2 3.0
10.3 3.7
11.2 4.5
11.5 5.5
11.6 6.7
11.5 7.8
11.7 8.9
12.3 10.0
13.1 10.8
14.2 11.3
15.4 11.4
16.3 12.1
16.4 13.2
16.1 14.4
15.6 15.5
15.8 16.8
16.7 17.7
17.3 18.9
17.1 20.0
16.2 20.9
15.1 21.6
13.9 22.1
12.8 22.5
12.4 23.7
12.8 24.9
13.6 25.9
14.4 26.9
15.2 28.0
15.7 29.1
16.0 30.3
16.1 31.5
16.7 32.4
17.8 32.7
18.9 32.8
19.9 33.3
20.6 34.3
21.1 35.3
21.9 36.0
23.1 36.3
24.3 36.5
25.4 36.4
26.4 36.9
27.2 37.7
27.9 38.7
29.1 39.3
30.4 39.5
31.7 39.7
33.0 39.8
34.2 39.8
35.3 39.4
36.7 39.5
37.7 40.0
38.6 40.7
38.8 41.7
38.3 42.7
37.5 43.6
36.5 44.4
35.5 45.2
