4.0 4.0
5.1 3.6
6.2 3.2
7.4 3.0
8.6 3.5
9.5 4.4
10.2 5.5
10.9 6.6
11.7 7.7
12.5 8.8
13.1 9.8
13.2 11.0
13.4 12.1
14.0 13.2
14.9 14.1
15.8 14.6
17.0 14.9
18.2 15.3
19.4 15.8
20.6 16.1
21.9 16.1
23.1 15.9
24.3 15.5
25.5 15.2
26.7 15.3
27.9 15.7
29.1 16.0
30.4 16.0
31.5 15.9
32.6 16.5
33.2 17.6
33.7 18.8
34.0 20.1
34.2 21.3
35.0 22.1
36.2 22.5
37.5 22.6
38.7 22.4
39.7 23.0
40.1 24.1
40.3 25.4
40.8 26.5
41.5 27.6
42.3 28.5
43.4 29.3
44.5 30.1
45.3 30.9
46.0 32.0
46.4 33.2
46.8 34.4
47.2 35.7
47.5 36.9
47.9 38.2
48.2 39.4
48.6 40.6
48.5 41.8
48.2 42.9
47.5 44.0
46.8 45.1
46.0 46.1
45.3 46.9
43.9 47.1
42.7 47.1
41.6 47.5
40.4 47.9
39.2 48.2
37.9 48.2
36.8 47.9
35.8 47.2
