4.0 4.0
4.6 5.0
4.5 6.2
4.0 7.3
3.1 8.3
2.2 9.1
1.7 10.3
1.7 11.4
2.2 12.6
2.8 13.7
3.6 14.7
4.5 15.6
5.1 16.7
5.5 18.0
5.8 19.0
6.6 19.7
7.6 20.2
8.8 20.3
10.0 20.2
11.3 19.8
12.5 19.7
13.8 19.7
15.0 19.4
16.2 18.9
17.4 18.8
18.5 19.3
19.4 19.9
20.6 20.1
21.9 20.0
22.9 19.8
23.9 20.3
24.8 21.1
25.5 22.2
26.3 22.9
27.3 23.3
28.4 23.0
29.2 22.3
30.0 21.5
31.3 21.2
32.6 21.0
33.9 20.9
34.8 21.4
35.5 22.4
36.0 23.6
36.7 24.7
37.5 25.7
38.3 26.8
39.1 27.8
39.9 28.8
40.6 29.9
41.6 30.7
42.7 31.3
43.6 32.3
43.8 33.5
43.9 34.7
44.6 35.7
45.6 36.2
46.8 36.4
47.9 36.8
48.4 37.7
48.7 38.9
48.4 40.0
47.8 41.1
47.0 42.0
46.0 42.8
44.9 43.5
44.1 44.4
44.6 45.6
45.5 46.4
44.9 47.4
43.8 47.8
42.6 47.8
41.3 47.7
40.0 47.6
38.7 47.6
37.5 47.4
36.4 46.9
