15.0 45.0
16.1 44.5
16.6 43.5
16.5 42.1
15.9 41.0
15.0 40.1
14.3 39.1
13.7 38.0
12.7 37.1
11.5 36.8
10.3 36.3
9.3 35.5
8.5 34.6
8.1 33.5
8.1 32.3
7.8 31.3
7.1 30.3
6.1 29.4
5.3 28.7
5.4 27.7
6.1 26.9
7.2 26.5
8.1 26.0
8.7 25.0
9.1 23.8
9.1 22.7
8.6 21.5
7.9 20.5
7.1 19.6
6.2 18.8
5.4 18.2
5.2 17.2
5.3 16.1
5.8 14.9
6.1 13.7
6.3 12.5
6.1 11.4
5.5 10.3
4.8 9.5
4.9 8.5
5.5 7.6
6.5 6.9
7.7 6.7
9.0 6.7
10.3 6.7
11.6 6.8
12.8 7.1
14.1 7.6
15.0 8.3
15.2 9.3
15.0 10.5
15.2 11.8
15.9 12.8
16.8 13.6
17.9 14.4
18.7 15.3
19.6 15.8
20.8 16.0
22.0 16.0
23.2 16.3
24.3 16.8
25.1 17.7
25.6 18.8
26.3 19.9
26.9 20.9
27.0 22.0
26.7 23.2
26.8 24.2
27.6 25.0
28.7 25.5
29.8 25.7
30.5 26.8
30.6 27.9
31.9 28.2
32.9 27.6
33.7 27.0
34.6 27.6
35.2 28.6
35.5 29.8
35.6 31.0
36.1 32.1
36.8 33.1
37.6 34.0
37.8 35.0
37.6 36.2
37.9 37.4
38.9 38.1
40.1 38.2
41.3 38.3
42.1 39.1
42.7 40.2
43.2 41.1
44.2 41.7
45.3 42.1
45.8 43.1
45.8 44.3
