15.0 45.0
15.3 46.0
14.5 47.1
13.5 47.8
12.4 48.3
11.2 48.6
10.0 48.5
8.8 48.1
7.7 47.5
6.7 46.7
5.8 45.8
5.4 44.5
5.5 43.3
5.4 41.9
5.2 40.6
5.0 39.3
4.7 38.0
4.6 36.7
4.4 35.4
4.5 34.2
4.7 32.9
5.0 31.6
5.5 30.4
5.6 29.4
5.2 28.3
4.5 27.4
4.4 26.3
4.6 25.1
5.1 23.9
5.8 22.8
6.3 21.8
6.4 20.6
6.2 19.4
5.8 18.2
5.2 17.1
5.1 16.1
5.9 15.1
7.0 14.5
8.2 14.2
9.3 14.4
10.4 15.0
11.4 15.8
12.2 16.5
13.4 16.8
14.6 16.7
15.8 16.4
16.9 15.7
18.0 15.0
19.1 14.4
20.2 13.9
21.4 14.0
22.3 14.7
23.0 15.7
23.6 16.5
24.7 16.1
25.5 15.2
26.3 14.2
27.3 13.2
28.2 12.4
29.5 12.6
30.2 13.5
30.7 14.7
31.0 15.9
31.4 17.0
32.1 18.0
33.1 18.8
34.1 19.5
34.7 20.3
34.0 21.1
33.4 22.1
34.0 23.2
35.1 23.7
36.3 24.0
37.5 24.0
38.8 23.7
40.0 23.6
41.2 23.4
42.4 23.0
43.6 22.8
44.6 23.1
45.0 24.1
44.8 25.3
44.3 26.3
43.8 27.2
43.8 28.3
44.3 29.3
44.9 30.4
45.1 31.4
44.8 32.6
44.2 33.7
43.4 34.7
42.8 35.6
42.6 36.8
42.9 37.9
43.5 38.8
44.5 39.6
45.6 40.1
46.7 40.4
47.2 41.3
47.2 42.4
46.7 43.3
45.7 44.0
