15.0 45.0
14.1 45.6
13.3 46.3
12.8 45.4
13.2 44.3
14.0 43.3
14.8 42.4
15.3 41.4
15.6 40.1
15.7 38.9
15.7 37.6
16.0 36.5
16.6 35.4
17.3 34.3
17.8 33.2
18.2 32.0
18.6 30.8
19.2 29.7
19.9 28.6
20.8 27.7
21.9 27.0
23.0 26.5
24.3 26.1
25.5 25.8
26.8 25.6
28.1 25.2
29.2 24.7
30.3 24.1
31.4 23.7
32.6 23.7
33.9 23.8
35.1 24.1
35.9 24.8
35.8 25.8
35.1 26.7
34.4 27.7
33.9 28.8
34.0 29.9
34.5 31.0
35.7 31.8
36.9 32.1
38.2 32.3
39.5 32.5
40.5 33.3
41.1 34.2
42.2 34.5
43.4 34.2
44.5 34.6
45.3 35.5
46.0 36.5
46.5 37.7
46.8 38.9
46.4 40.2
45.6 41.1
44.6 41.8
43.6 42.5
43.1 43.4
43.3 44.4
