5.0 45.0
5.1 44.0
4.1 42.9
3.1 42.2
2.3 41.5
2.0 40.3
2.2 39.0
2.7 37.9
3.4 37.1
4.4 36.8
5.5 36.5
6.4 35.5
6.6 34.4
6.4 33.3
6.1 32.1
5.9 30.8
6.1 29.8
6.8 28.7
7.5 27.7
8.4 26.7
9.2 25.8
9.2 24.6
8.9 23.5
9.1 22.3
9.6 21.2
10.4 20.1
11.6 19.4
12.8 19.2
14.1 19.3
15.3 19.4
16.5 19.1
17.7 18.6
18.6 18.0
19.2 17.0
19.8 15.8
20.2 14.7
20.3 13.4
20.2 12.2
20.4 11.0
20.9 9.8
21.3 8.6
21.5 7.4
21.6 6.2
22.0 5.0
22.6 3.8
23.6 3.1
24.7 3.2
25.9 3.7
26.9 4.3
27.6 5.1
28.2 6.3
28.7 7.5
29.3 8.4
30.2 9.2
31.4 9.7
32.7 10.1
