4.0 13.0
3.0 13.4
2.5 12.2
1.9 11.2
2.1 10.2
2.7 9.1
3.5 8.2
4.5 7.4
5.1 6.4
5.0 5.3
4.8 4.2
5.4 3.0
6.3 2.2
7.3 1.9
8.5 2.0
9.6 2.7
10.1 3.7
10.6 4.9
11.2 6.0
11.8 7.0
12.0 8.2
11.8 9.4
11.4 10.6
12.2 11.6
13.4 11.9
14.6 12.0
15.9 12.0
17.1 11.8
18.4 11.5
19.6 11.0
20.8 10.6
22.2 10.7
23.2 11.4
24.2 12.2
25.3 12.9
26.4 13.5
27.6 14.1
28.7 14.7
29.8 15.5
30.9 16.2
31.9 17.0
32.9 17.8
33.8 18.7
34.3 20.0
34.4 21.3
34.7 22.4
35.5 23.1
36.7 23.5
37.6 24.1
38.4 25.1
39.0 26.2
39.4 27.3
39.1 28.5
38.2 29.4
37.2 30.1
36.1 30.6
34.8 30.9
33.5 31.0
32.6 31.6
32.0 32.7
31.8 33.7
32.5 34.7
33.4 35.5
