4.0 13.0
4.8 13.9
5.9 14.5
6.2 15.5
6.3 16.8
6.1 18.0
6.2 19.1
6.7 20.3
7.4 21.4
8.4 21.0
9.3 21.7
9.6 22.8
9.6 24.1
9.5 25.3
9.8 26.6
10.2 27.7
9.1 27.4
8.6 28.5
8.0 29.6
7.2 30.5
6.2 31.4
5.3 32.3
4.6 33.1
4.3 34.1
4.4 35.3
4.8 36.5
4.9 37.5
3.8 38.3
2.7 38.6
1.8 39.5
1.5 40.5
2.0 41.7
2.9 42.5
4.0 43.1
5.0 43.9
5.3 45.0
5.5 46.0
6.2 46.8
7.2 47.3
8.3 47.4
9.4 47.1
10.5 46.4
11.4 45.5
12.0 44.6
11.6 43.4
10.9 42.6
11.1 41.6
11.8 40.8
12.9 40.1
14.1 39.5
15.3 39.2
16.6 39.0
17.7 39.1
18.9 39.7
20.2 39.9
21.4 39.6
22.6 39.1
23.7 38.6
24.9 38.3
26.2 38.3
27.1 39.0
27.2 40.1
27.8 41.0
29.1 40.9
30.1 40.3
31.3 39.9
32.5 39.8
33.8 40.0
34.8 39.7
34.9 38.7
