39
7
23.4812 29.97301 23.49998 29.97871 23.97595 30.09793 24.07314 29.70992 23.6067 29.59308 23.15396 29.43109 23.0192 29.80771 

13
24.5001 19.82432 24.48057 19.82624 23.9952 19.89824 23.97595 19.90207 23.49998 20.02129 23.4812 20.02699 23.0192 20.19229 23.15396 20.56891 23.6067 20.40692 24.06361 20.29247 24.52954 20.22335 25.00981 20.19976 24.99019 19.80024 

10
22.11933 20.67111 22.10301 20.68201 21.70889 20.97431 21.69372 20.98676 21.33015 21.31628 21.59878 21.61266 21.95507 21.28974 22.3334 21.00915 22.74584 20.76194 22.5402 20.41885 

16
20.41885 22.5402 20.4096 22.55751 20.1998 23.00107 20.19229 23.0192 20.02699 23.4812 20.02129 23.49998 19.90207 23.97595 19.89824 23.9952 19.82624 24.48057 20.22191 24.53926 20.29247 24.06361 20.40692 23.6067 20.5656 23.16321 20.76699 22.73741 21.0142 22.32497 20.67111 22.11933 

19
26.9808 29.80771 26.99893 29.8002 27.44249 29.5904 27.4598 29.58115 27.88067 29.32889 27.89699 29.31799 28.29111 29.02569 28.30628 29.01324 28.66985 28.68372 28.68372 28.66985 29.01324 28.30628 28.71686 28.03765 28.39394 28.39394 28.04493 28.71026 27.6666 28.99085 27.26259 29.23301 26.83679 29.4344 26.38405 29.59639 26.5188 29.97301 

46
30.19976 25.00981 30.19976 24.99019 30.17568 24.5001 30.17376 24.48057 30.10176 23.9952 30.09793 23.97595 29.97871 23.49998 29.97301 23.4812 29.80771 23.0192 29.8002 23.00107 29.5904 22.55751 29.58115 22.5402 29.32889 22.11933 29.31799 22.10301 29.02569 21.70889 29.01324 21.69372 28.68372 21.33015 28.66985 21.31628 28.30628 20.98676 28.29111 20.97431 27.89699 20.68201 27.88067 20.67111 27.4598 20.41885 27.44249 20.4096 26.99893 20.1998 26.9808 20.19229 26.5188 20.02699 26.50002 20.02129 26.02405 19.90207 25.92686 20.29008 26.3933 20.40692 26.83679 20.5656 27.26259 20.76699 27.6666 21.00915 28.04493 21.28974 28.39394 21.60606 28.71026 21.95507 28.99085 22.3334 29.23301 22.73741 29.4344 23.16321 29.59308 23.6067 29.70753 24.06361 29.77665 24.52954 29.79976 25.0 29.77616 25.48027 30.17568 25.4999 

16
19.89824 26.0048 19.90207 26.02405 20.02129 26.50002 20.02699 26.5188 20.19229 26.9808 20.1998 26.99893 20.4096 27.44249 20.41885 27.4598 20.67111 27.88067 21.0142 27.67503 20.76699 27.26259 20.5656 26.83679 20.40692 26.3933 20.29247 25.93639 20.22191 25.46074 19.82624 25.51943 

7
35.19976 25.00981 35.19976 24.99019 35.15161 24.01002 34.75209 24.02964 34.79976 25.0 34.75209 25.97036 35.15161 25.98998 

7
34.4271 21.10579 34.41959 21.08765 34.00001 20.20052 33.63841 20.37154 34.0538 21.24979 34.38109 22.16453 34.75771 22.02978 

16
14.84839 25.98998 14.85032 26.00952 14.99431 26.98025 14.99814 26.9995 15.23659 27.95144 15.24229 27.97022 15.5729 28.89421 15.58041 28.91235 15.99999 29.79948 16.36159 29.62846 15.9462 28.75021 15.62222 27.84472 15.38854 26.91184 15.24743 25.96054 15.19976 24.99019 14.80024 25.00981 

37
30.67484 16.52466 30.65852 16.51376 29.81679 16.00924 29.79948 15.99999 28.91235 15.58041 28.89421 15.5729 27.97022 15.24229 27.95144 15.23659 26.9995 14.99814 26.98025 14.99431 26.00952 14.85032 25.98998 14.84839 25.00981 14.80024 24.99019 14.80024 24.01002 14.84839 23.99048 14.85032 23.01975 14.99431 23.0005 14.99814 22.04856 15.23659 22.02978 15.24229 21.10579 15.5729 21.08765 15.58041 20.20052 15.99999 20.37154 16.36159 21.24979 15.9462 22.15528 15.62222 23.08816 15.38854 24.03946 15.24743 25.0 15.20024 25.96054 15.24743 26.91184 15.38854 27.84472 15.62222 28.75021 15.9462 29.61957 16.35738 30.44445 16.8518 31.22479 17.43054 31.46307 17.10925 

13
17.79462 17.78074 17.78074 17.79462 17.12171 18.52176 17.10925 18.53693 16.52466 19.32516 16.51376 19.34148 16.00924 20.18321 16.35233 20.38885 16.8518 19.55555 17.42468 18.7831 18.07052 18.07052 18.79038 17.41809 18.52176 17.12171 

13
18.52176 32.87829 18.53693 32.89075 19.32516 33.47534 19.34148 33.48624 20.18321 33.99076 20.20052 34.00001 21.08765 34.41959 21.25868 34.058 20.38043 33.64262 19.55555 33.1482 18.7831 32.57532 18.06324 31.92288 17.79462 32.21926 

34
23.99048 35.14968 24.01002 35.15161 24.99019 35.19976 25.00981 35.19976 25.98998 35.15161 26.00952 35.14968 26.98025 35.00569 26.9995 35.00186 27.95144 34.76341 27.97022 34.75771 28.89421 34.4271 28.91235 34.41959 29.79948 34.00001 29.81679 33.99076 30.65852 33.48624 30.67484 33.47534 31.46307 32.89075 31.47824 32.87829 32.20538 32.21926 32.21926 32.20538 32.87829 31.47824 32.58191 31.20962 31.92948 31.92948 31.2169 32.57532 30.44445 33.1482 29.61957 33.64262 28.75021 34.0538 27.84472 34.37778 26.91184 34.61146 25.96054 34.75257 25.0 34.79976 24.03946 34.75257 23.07844 34.61002 23.01975 35.00569 

13
10.09039 27.9557 10.09421 27.97495 10.45189 29.40287 10.45759 29.42165 10.9535 30.80763 10.96101 30.82576 11.59038 32.15646 11.95198 31.98544 11.32681 30.66362 10.83751 29.29614 10.48461 27.88729 10.27006 26.44091 9.87439 26.4996 

13
14.24521 35.74091 14.25909 35.75479 15.34979 36.74335 15.36496 36.7558 16.54731 37.63269 16.56363 37.64359 17.82623 38.40036 18.03187 38.05727 16.77769 37.30555 15.61113 36.44037 14.53499 35.46501 13.55303 34.38159 13.25665 34.65021 

4
22.02505 39.90579 22.12224 39.51777 20.69433 39.1601 20.59713 39.54811 

4
37.64359 16.56363 37.3005 16.76927 38.05727 18.03187 38.40036 17.82623 

16
29.40287 39.54811 29.42165 39.54241 30.80763 39.0465 30.82576 39.03899 32.15646 38.40962 32.17377 38.40036 33.43637 37.64359 33.45269 37.63269 34.63504 36.7558 34.39676 36.43452 33.22231 37.30555 31.97656 38.05222 30.66362 38.67319 29.29614 39.16249 27.87776 39.51777 27.97495 39.90579 

31
37.63269 33.45269 37.64359 33.43637 38.40036 32.17377 38.40962 32.15646 39.03899 30.82576 39.0465 30.80763 39.54241 29.42165 39.54811 29.40287 39.90579 27.97495 39.90961 27.9557 40.12561 26.4996 40.12753 26.48007 40.19976 25.00981 40.19976 24.99019 40.12753 23.51993 40.12561 23.5004 39.90961 22.0443 39.90579 22.02505 39.54811 20.59713 39.1601 20.69433 39.51539 22.11271 39.72849 23.54937 39.79976 25.0 39.72849 26.45063 39.51539 27.88729 39.16249 29.29614 38.67319 30.66362 38.05222 31.97656 37.30555 33.22231 36.43452 34.39676 36.7558 34.63504 

55
34.65021 13.25665 34.63504 13.2442 33.45269 12.36731 33.43637 12.35641 32.17377 11.59964 32.15646 11.59038 30.82576 10.96101 30.80763 10.9535 29.42165 10.45759 29.40287 10.45189 27.97495 10.09421 27.9557 10.09039 26.4996 9.87439 26.48007 9.87247 25.00981 9.80024 24.99019 9.80024 23.51993 9.87247 23.5004 9.87439 22.0443 10.09039 22.02505 10.09421 20.59713 10.45189 20.57835 10.45759 19.19237 10.9535 19.17424 10.96101 17.84354 11.59038 17.82623 11.59964 16.56363 12.35641 16.54731 12.36731 15.36496 13.2442 15.34979 13.25665 14.25909 14.24521 14.24521 14.25909 13.25665 15.34979 13.2442 15.36496 12.36731 16.54731 12.6886 16.78559 13.55963 15.61113 14.53499 14.53499 15.61113 13.55963 16.77769 12.69445 18.02344 11.94778 19.33638 11.32681 20.70386 10.83751 22.11271 10.48461 23.54937 10.27151 25.0 10.20024 26.45063 10.27151 27.88729 10.48461 29.29614 10.83751 30.66362 11.32681 31.97656 11.94778 33.22231 12.69445 34.38887 13.55963 35.47229 14.54159 35.74091 14.24521 

4
44.32712 30.87307 43.9505 30.73832 43.28928 32.58629 43.6659 32.72105 

16
45.19976 25.00981 45.19976 24.99019 45.10345 23.02984 45.10153 23.01031 44.81354 21.06885 44.80971 21.0496 44.33281 19.14571 44.32712 19.12693 43.6659 17.27895 43.28928 17.41371 43.94719 19.25243 44.41931 21.13726 44.70442 23.05928 44.79976 25.0 44.70394 26.95053 45.10345 26.97016 

10
40.62085 12.19299 40.6084 12.17782 39.29033 10.72355 39.27645 10.70967 37.82218 9.3916 37.55355 9.68798 39.00054 10.99946 40.30542 12.43917 41.46875 14.00774 41.79003 13.76946 

4
42.80997 34.53076 42.46688 34.32511 41.45785 36.00858 41.80094 36.21423 

16
26.98969 4.89847 26.97016 4.89655 25.00981 4.80024 24.99019 4.80024 23.02984 4.89655 23.01031 4.89847 21.06885 5.18646 21.0496 5.19029 19.14571 5.66719 19.2429 6.0552 21.13726 5.58069 23.05928 5.29558 25.0 5.20024 26.94072 5.29558 28.87246 5.58213 28.93115 5.18646 

52
10.72355 10.70967 10.70967 10.72355 9.3916 12.17782 9.37915 12.19299 8.20997 13.76946 8.19906 13.78577 7.19003 15.46924 7.18078 15.48655 6.34161 17.26082 6.3341 17.27895 5.67288 19.12693 5.66719 19.14571 5.19029 21.0496 5.18646 21.06885 4.89847 23.01031 4.89655 23.02984 4.80024 24.99019 4.80024 25.00981 4.89655 26.97016 4.89847 26.98969 5.18646 28.93115 5.19029 28.9504 5.66719 30.85429 5.67288 30.87307 6.3341 32.72105 6.34161 32.73918 7.18078 34.51345 7.19003 34.53076 8.19906 36.21423 8.20997 36.23054 9.37915 37.80701 9.3916 37.82218 10.70967 39.27645 11.00605 39.00782 9.69458 37.56083 8.5371 36.00016 7.53817 34.33354 6.70741 32.57704 6.05281 30.74757 5.58069 28.86274 5.29558 26.94072 5.20024 25.0 5.29558 23.05928 5.58069 21.13726 6.05281 19.25243 6.70741 17.42296 7.53817 15.66646 8.5371 13.99984 9.69458 12.43917 10.99946 10.99946 12.44645 9.68798 12.17782 9.3916 

13
24.99019 45.19976 25.00981 45.19976 26.97016 45.10345 26.98969 45.10153 28.93115 44.81354 28.9504 44.80971 30.85429 44.33281 30.7571 43.9448 28.86274 44.41931 26.94072 44.70442 25.0 44.79976 23.04947 44.70394 23.02984 45.10345 

4
13.3101 25.743 14.47671 23.1717 11.90541 22.00508 10.73879 24.57638 

3
49.68746 38.94654 47.8635 35.11598 45.91778 37.60881 

3
37.18351 27.53332 32.96826 28.01457 34.69417 30.66433 

3
26.30165 25.6096 24.778 21.74105 22.70685 24.04633 

102
35.91098 5.84492 34.61277 6.83452 34.59401 6.85033 34.57689 6.86791 34.56158 6.88708 34.54822 6.90765 34.53694 6.92944 34.52785 6.95223 34.52104 6.9758 34.51657 6.99992 34.51449 7.02437 34.51481 7.0489 34.51754 7.07328 34.52264 7.09728 34.53007 7.12066 34.53976 7.1432 34.55161 7.16468 34.5655 7.1849 35.70667 8.68194 35.72248 8.70069 35.74005 8.71781 35.75922 8.73313 35.7798 8.74649 35.80159 8.75776 35.82437 8.76685 35.84794 8.77367 35.87207 8.77813 35.89651 8.78022 35.92104 8.77989 35.94543 8.77717 35.96942 8.77206 35.9928 8.76463 36.01535 8.75495 36.03683 8.7431 36.05705 8.7292 36.0758 8.71339 36.09292 8.69581 36.10823 8.67664 36.12159 8.65607 36.13287 8.63428 36.14196 8.61149 36.14877 8.58792 36.15324 8.5638 36.15533 8.53935 36.155 8.51482 36.15228 8.49044 36.14717 8.46644 36.13974 8.44306 36.13006 8.42052 36.11821 8.39904 36.10431 8.37882 35.11471 7.08061 36.41292 6.091 36.43168 6.07519 36.4488 6.05761 36.46411 6.03845 36.47747 6.01787 36.48875 5.99608 36.49784 5.97329 36.50465 5.94972 36.50912 5.9256 36.5112 5.90115 36.51088 5.87662 36.50815 5.85224 36.50305 5.82824 36.49562 5.80486 36.48593 5.78232 36.47408 5.76084 36.46018 5.74062 34.17786 2.74655 34.16205 2.72779 34.14447 2.71067 34.1253 2.69536 34.10472 2.682 34.08294 2.67072 34.06015 2.66163 34.03658 2.65482 34.01246 2.65035 33.98801 2.64827 33.96348 2.64859 33.9391 2.65132 33.9151 2.65642 33.89172 2.66385 33.86918 2.67354 33.8477 2.68539 33.82748 2.69929 33.80872 2.7151 33.7916 2.73267 33.77629 2.75184 33.76293 2.77242 33.75165 2.79421 33.74256 2.81699 33.73575 2.84056 33.73128 2.86469 33.7292 2.88913 33.72952 2.91366 33.73225 2.93805 33.73735 2.96204 33.74478 2.98542 33.75447 3.00796 33.76632 3.02945 33.78021 3.04967 

136
13.85225 42.39214 14.32591 43.48446 13.23359 43.95812 13.21158 43.96897 13.19075 43.98193 13.17129 43.99687 13.15338 44.01364 13.13721 44.03209 13.12292 44.05203 13.11065 44.07328 13.10053 44.09563 13.09265 44.11886 13.08708 44.14275 13.08388 44.16708 13.08308 44.1916 13.08468 44.21608 13.08868 44.24029 13.09503 44.26398 13.10368 44.28694 13.11453 44.30895 13.12749 44.32978 13.14243 44.34924 13.1592 44.36715 13.17765 44.38332 13.19759 44.39761 13.21884 44.40987 13.24119 44.42 13.26442 44.42788 13.28831 44.43345 13.31264 44.43665 13.33716 44.43745 13.36164 44.43584 13.38584 44.43185 13.40954 44.42549 13.4325 44.41685 14.52483 43.94319 14.99849 45.03552 15.00934 45.05752 15.0223 45.07835 15.03723 45.09781 15.05401 45.11572 15.07245 45.13189 15.0924 45.14618 15.11365 45.15845 15.13599 45.16857 15.15923 45.17645 15.18312 45.18202 15.20744 45.18522 15.23196 45.18602 15.25645 45.18442 15.28065 45.18042 15.30435 45.17407 15.32731 45.16542 15.34931 45.15457 15.37014 45.14161 15.38961 45.12667 15.40751 45.1099 15.42369 45.09146 15.43798 45.07151 15.45024 45.05026 15.46036 45.02792 15.46825 45.00468 15.47382 44.98079 15.47702 44.95647 15.47782 44.93194 15.47621 44.90746 15.47221 44.88326 15.46586 44.85956 15.45722 44.8366 14.98356 43.74427 16.07588 43.27061 16.09788 43.25976 16.11872 43.2468 16.13818 43.23187 16.15608 43.21509 16.17226 43.19665 16.18655 43.1767 16.19881 43.15546 16.20894 43.13311 16.21682 43.10988 16.22239 43.08598 16.22559 43.06166 16.22639 43.03714 16.22478 43.01266 16.22078 42.98845 16.21443 42.96475 16.20579 42.94179 16.19494 42.91979 16.18198 42.89896 16.16704 42.87949 16.15027 42.86159 16.13182 42.84541 16.11188 42.83113 16.09063 42.81886 16.06828 42.80874 16.04505 42.80085 16.02116 42.79528 15.99683 42.79208 15.97231 42.79128 15.94783 42.79289 15.92362 42.79689 15.89993 42.80324 15.87697 42.81189 14.78464 43.28555 14.31098 42.19322 14.30013 42.17122 14.28717 42.15038 14.27223 42.13092 14.25546 42.11302 14.23701 42.09684 14.21707 42.08255 14.19582 42.07029 14.17347 42.06016 14.15024 42.05228 14.12635 42.04671 14.10202 42.04351 14.0775 42.04271 14.05302 42.04432 14.02882 42.04832 14.00512 42.05467 13.98216 42.06331 13.96016 42.07417 13.93932 42.08712 13.91986 42.10206 13.90195 42.11883 13.88578 42.13728 13.87149 42.15722 13.85923 42.17847 13.8491 42.20082 13.84122 42.22405 13.83565 42.24795 13.83245 42.27227 13.83165 42.29679 13.83326 42.32127 13.83726 42.34548 13.84361 42.36918 

136
30.10191 45.91119 30.57495 47.00378 29.48236 47.47682 29.46035 47.48766 29.43951 47.50061 29.42004 47.51554 29.40212 47.5323 29.38594 47.55074 29.37164 47.57067 29.35936 47.59191 29.34922 47.61426 29.34133 47.63748 29.33574 47.66137 29.33253 47.6857 29.33172 47.71022 29.33331 47.7347 29.33729 47.75891 29.34363 47.78261 29.35226 47.80557 29.3631 47.82758 29.37605 47.84842 29.39098 47.86789 29.40774 47.88581 29.42618 47.90199 29.44611 47.91629 29.46735 47.92857 29.48969 47.93871 29.51292 47.9466 29.53681 47.95219 29.56114 47.9554 29.58566 47.95621 29.61014 47.95462 29.63435 47.95064 29.65805 47.9443 29.68101 47.93567 30.77361 47.46262 31.24665 48.55522 31.25749 48.57723 31.27043 48.59807 31.28536 48.61754 31.30212 48.63545 31.32056 48.65164 31.34049 48.66594 31.36174 48.67821 31.38408 48.68835 31.40731 48.69625 31.4312 48.70183 31.45552 48.70504 31.48004 48.70586 31.50452 48.70427 31.52873 48.70028 31.55243 48.69394 31.5754 48.68531 31.5974 48.67447 31.61824 48.66152 31.63772 48.6466 31.65563 48.62984 31.67182 48.6114 31.68612 48.59146 31.69839 48.57022 31.70853 48.54788 31.71643 48.52465 31.72201 48.50076 31.72522 48.47644 31.72604 48.45192 31.72444 48.42744 31.72046 48.40323 31.71412 48.37953 31.70549 48.35656 31.23245 47.26397 32.32504 46.79093 32.34705 46.78009 32.36789 46.76714 32.38736 46.75221 32.40528 46.73545 32.42146 46.71701 32.43576 46.69708 32.44804 46.67584 32.45817 46.6535 32.46607 46.63027 32.47165 46.60638 32.47487 46.58205 32.47568 46.55753 32.47409 46.53305 32.4701 46.50884 32.46376 46.48514 32.45513 46.46218 32.44429 46.44017 32.43135 46.41933 32.41642 46.39986 32.39966 46.38194 32.38122 46.36576 32.36128 46.35146 32.34004 46.33918 32.3177 46.32905 32.29447 46.32115 32.27058 46.31557 32.24626 46.31235 32.22174 46.31154 32.19726 46.31313 32.17305 46.31712 32.14935 46.32345 32.12638 46.33209 31.03379 46.80513 30.56075 45.71253 30.54991 45.69052 30.53696 45.66968 30.52204 45.65021 30.50527 45.6323 30.48684 45.61611 30.4669 45.60181 30.44566 45.58954 30.42332 45.5794 30.40009 45.5715 30.3762 45.56592 30.35188 45.56271 30.32736 45.56189 30.30287 45.56349 30.27867 45.56747 30.25497 45.57381 30.232 45.58244 30.20999 45.59328 30.18915 45.60623 30.16968 45.62115 30.15177 45.63792 30.13558 45.65635 30.12128 45.67629 30.109 45.69753 30.09887 45.71987 30.09097 45.7431 30.08539 45.76699 30.08217 45.79131 30.08136 45.81583 30.08295 45.84032 30.08694 45.86452 30.09328 45.88822 

136
36.33549 38.75953 37.21131 38.08433 37.88652 38.96015 37.90243 38.97882 37.9201 38.99585 37.93935 39.01105 37.96 39.0243 37.98185 39.03546 38.00469 39.04443 38.02829 39.05111 38.05244 39.05545 38.0769 39.0574 38.10143 39.05694 38.12579 39.05408 38.14976 39.04885 38.1731 39.04129 38.19559 39.03148 38.21701 39.01951 38.23715 39.00551 38.25582 38.98959 38.27284 38.97192 38.28805 38.95267 38.3013 38.93202 38.31246 38.91017 38.32142 38.88734 38.32811 38.86373 38.33245 38.83958 38.33439 38.81513 38.33394 38.7906 38.33108 38.76623 38.32585 38.74226 38.31829 38.71892 38.30848 38.69643 38.29651 38.67502 38.2825 38.65487 37.6073 37.77905 38.48313 37.10384 38.5018 37.08793 38.51882 37.07026 38.53403 37.05101 38.54727 37.03036 38.55844 37.00851 38.5674 36.98567 38.57408 36.96207 38.57842 36.93792 38.58037 36.91346 38.57991 36.88893 38.57705 36.86457 38.57182 36.8406 38.56426 36.81726 38.55445 36.79477 38.54249 36.77335 38.52848 36.75321 38.51256 36.73454 38.4949 36.71752 38.47564 36.70231 38.45499 36.68906 38.43315 36.6779 38.41031 36.66894 38.3867 36.66225 38.36256 36.65792 38.3381 36.65597 38.31357 36.65642 38.2892 36.65928 38.26523 36.66452 38.24189 36.67207 38.21941 36.68188 38.19799 36.69385 38.17785 36.70786 37.30202 37.38306 36.62682 36.50724 36.6109 36.48856 36.59323 36.47154 36.57398 36.45633 36.55333 36.44309 36.53148 36.43193 36.50865 36.42296 36.48504 36.41628 36.46089 36.41194 36.43644 36.40999 36.41191 36.41045 36.38754 36.41331 36.36357 36.41854 36.34023 36.4261 36.31774 36.43591 36.29632 36.44787 36.27618 36.46188 36.25751 36.4778 36.24049 36.49547 36.22528 36.51472 36.21203 36.53537 36.20087 36.55721 36.19191 36.58005 36.18522 36.60366 36.18089 36.62781 36.17894 36.65226 36.1794 36.67679 36.18225 36.70116 36.18749 36.72513 36.19505 36.74847 36.20486 36.77096 36.21682 36.79237 36.23083 36.81251 36.90603 37.68834 36.03021 38.36355 36.01154 38.37946 35.99451 38.39713 35.97931 38.41638 35.96606 38.43703 35.9549 38.45888 35.94593 38.48172 35.93925 38.50532 35.93491 38.52947 35.93296 38.55393 35.93342 38.57845 35.93628 38.60282 35.94151 38.62679 35.94907 38.65013 35.95888 38.67262 35.97085 38.69404 35.98485 38.71418 36.00077 38.73285 36.01844 38.74987 36.03769 38.76508 36.05834 38.77833 36.08019 38.78949 36.10302 38.79845 36.12663 38.80514 36.15078 38.80947 36.17523 38.81142 36.19976 38.81097 36.22413 38.80811 36.2481 38.80287 36.27144 38.79532 36.29393 38.78551 36.31535 38.77354 

84
43.95165 2.84946 45.51257 3.32719 45.53635 3.33321 45.56061 3.33687 45.58511 3.33813 45.60962 3.33699 45.63389 3.33345 45.65771 3.32755 45.68083 3.31934 45.70303 3.30891 45.72411 3.29635 45.74385 3.28178 45.76207 3.26535 45.77859 3.24721 45.79325 3.22754 45.80592 3.20653 45.81646 3.18438 45.82478 3.1613 45.8308 3.13752 45.83446 3.11326 45.83573 3.08875 45.83459 3.06425 45.83105 3.03997 45.82514 3.01616 45.81694 2.99304 45.8065 2.97083 45.79394 2.94976 45.77938 2.93002 45.76294 2.9118 45.74481 2.89528 45.72514 2.88061 45.70413 2.86795 45.68197 2.8574 45.65889 2.84908 43.85893 2.29818 43.83514 2.29216 43.81088 2.2885 43.78638 2.28724 43.76188 2.28838 43.7376 2.29192 43.71379 2.29782 43.69067 2.30603 43.66846 2.31647 43.64739 2.32903 43.62764 2.34359 43.60942 2.36002 43.5929 2.37816 43.57824 2.39783 43.56558 2.41884 43.55503 2.441 43.54671 2.46407 42.99581 4.26404 42.98979 4.28783 42.98613 4.31208 42.98487 4.33659 42.98601 4.36109 42.98955 4.38537 42.99545 4.40918 43.00366 4.4323 43.01409 4.45451 43.02666 4.47558 43.04122 4.49532 43.05765 4.51354 43.07579 4.53006 43.09546 4.54473 43.11647 4.55739 43.13862 4.56794 43.1617 4.57626 43.18549 4.58228 43.20975 4.58594 43.23425 4.58721 43.25875 4.58606 43.28303 4.58252 43.30684 4.57662 43.32996 4.56841 43.35217 4.55798 43.37324 4.54542 43.39299 4.53085 43.4112 4.51442 43.42773 4.49628 43.44239 4.47661 43.45505 4.4556 43.4656 4.43345 43.47392 4.41037 

4
22.56845 38.16086 23.56845 40.74095 26.14854 39.74096 25.14855 37.16087 

3
15.97893 4.88116 14.25301 1.00544 12.24451 3.44796 

