48
13
21.31628 28.66985 21.33015 28.68372 21.69372 29.01324 21.70889 29.02569 22.10301 29.31799 22.11933 29.32889 22.5402 29.58115 22.74584 29.23806 22.3334 28.99085 21.95507 28.71026 21.60606 28.39394 21.28314 28.03765 20.98676 28.30628 

4
23.97595 30.09793 24.07314 29.70992 23.59717 29.5907 23.49998 29.97871 

4
24.99019 30.19976 25.00981 29.80024 24.51973 29.77616 24.5001 30.17568 

13
19.89824 26.0048 19.90207 26.02405 20.02129 26.50002 20.02699 26.5188 20.19229 26.9808 20.1998 26.99893 20.4096 27.44249 20.77119 27.27147 20.5656 26.83679 20.40692 26.3933 20.29247 25.93639 20.22191 25.46074 19.82624 25.51943 

13
29.58115 27.4598 29.5904 27.44249 29.8002 26.99893 29.80771 26.9808 29.97301 26.5188 29.97871 26.50002 30.09793 26.02405 29.70992 25.92686 29.59308 26.3933 29.4344 26.83679 29.23301 27.26259 28.9858 27.67503 29.32889 27.88067 

4
30.17568 24.5001 29.77616 24.51973 29.80024 25.00981 30.19976 24.99019 

16
26.9808 29.80771 26.99893 29.8002 27.44249 29.5904 27.4598 29.58115 27.88067 29.32889 27.89699 29.31799 28.29111 29.02569 28.30628 29.01324 28.66985 28.68372 28.40122 28.38734 28.04493 28.71026 27.6666 28.99085 27.26259 29.23301 26.83679 29.4344 26.38405 29.59639 26.5188 29.97301 

7
29.80771 23.0192 29.8002 23.00107 29.5904 22.55751 29.22881 22.72853 29.4344 23.16321 29.59639 23.61595 29.97301 23.4812 

61
28.68372 21.33015 28.66985 21.31628 28.30628 20.98676 28.29111 20.97431 27.89699 20.68201 27.88067 20.67111 27.4598 20.41885 27.44249 20.4096 26.99893 20.1998 26.9808 20.19229 26.5188 20.02699 26.50002 20.02129 26.02405 19.90207 26.0048 19.89824 25.51943 19.82624 25.4999 19.82432 25.00981 19.80024 24.99019 19.80024 24.5001 19.82432 24.48057 19.82624 23.9952 19.89824 23.97595 19.90207 23.49998 20.02129 23.4812 20.02699 23.0192 20.19229 23.00107 20.1998 22.55751 20.4096 22.5402 20.41885 22.11933 20.67111 22.10301 20.68201 21.70889 20.97431 21.69372 20.98676 21.33015 21.31628 21.31628 21.33015 20.98676 21.69372 20.97431 21.70889 20.68201 22.10301 20.67111 22.11933 20.41885 22.5402 20.76194 22.74584 21.00915 22.3334 21.28974 21.95507 21.60606 21.60606 21.95507 21.28974 22.3334 21.00915 22.73741 20.76699 23.16321 20.5656 23.6067 20.40692 24.06361 20.29247 24.52954 20.22335 25.0 20.20024 25.47046 20.22335 25.93639 20.29247 26.3933 20.40692 26.83679 20.5656 27.26259 20.76699 27.6666 21.00915 28.04493 21.28974 28.39394 21.60606 28.71686 21.96235 29.01324 21.69372 

16
35.19976 25.00981 35.19976 24.99019 35.15161 24.01002 35.14968 23.99048 35.00569 23.01975 35.00186 23.0005 34.76341 22.04856 34.75771 22.02978 34.4271 21.10579 34.05049 21.24054 34.37778 22.15528 34.61146 23.08816 34.75257 24.03946 34.79976 25.0 34.75209 25.97036 35.15161 25.98998 

16
15.23659 27.95144 15.24229 27.97022 15.5729 28.89421 15.58041 28.91235 15.99999 29.79948 16.00924 29.81679 16.51376 30.65852 16.52466 30.67484 17.10925 31.46307 17.43054 31.22479 16.8518 30.44445 16.35738 29.61957 15.9462 28.75021 15.62222 27.84472 15.38615 26.90231 14.99814 26.9995 

13
33.47534 30.67484 33.48624 30.65852 33.99076 29.81679 34.00001 29.79948 34.41959 28.91235 34.4271 28.89421 34.75771 27.97022 34.38109 27.83547 34.0538 28.75021 33.64262 29.61957 33.1482 30.44445 32.56946 31.22479 32.89075 31.46307 

7
32.89075 18.53693 32.87829 18.52176 32.21926 17.79462 31.92288 18.06324 32.57532 18.7831 33.15405 19.56344 33.47534 19.32516 

13
29.81679 16.00924 29.79948 15.99999 28.91235 15.58041 28.89421 15.5729 27.97022 15.24229 27.95144 15.23659 26.9995 14.99814 26.90231 15.38615 27.84472 15.62222 28.75021 15.9462 29.61957 16.35738 30.45288 16.85685 30.65852 16.51376 

4
19.32516 33.47534 19.56344 33.15405 18.77521 32.56946 18.53693 32.89075 

16
22.04856 15.23659 22.02978 15.24229 21.10579 15.5729 21.08765 15.58041 20.20052 15.99999 20.18321 16.00924 19.34148 16.51376 19.32516 16.52466 18.53693 17.10925 18.77521 17.43054 19.55555 16.8518 20.38043 16.35738 21.24979 15.9462 22.15528 15.62222 23.09769 15.38615 23.0005 14.99814 

13
15.24229 22.02978 15.23659 22.04856 14.99814 23.0005 14.99431 23.01975 14.85032 23.99048 14.84839 24.01002 14.80024 24.99019 15.19976 25.00981 15.24743 24.03946 15.38854 23.08816 15.62222 22.15528 15.94951 21.24054 15.5729 21.10579 

34
22.02978 34.75771 22.04856 34.76341 23.0005 35.00186 23.01975 35.00569 23.99048 35.14968 24.01002 35.15161 24.99019 35.19976 25.00981 35.19976 25.98998 35.15161 26.00952 35.14968 26.98025 35.00569 26.9995 35.00186 27.95144 34.76341 27.97022 34.75771 28.89421 34.4271 28.91235 34.41959 29.79948 34.00001 29.81679 33.99076 30.65852 33.48624 30.67484 33.47534 31.46307 32.89075 31.22479 32.56946 30.44445 33.1482 29.61957 33.64262 28.75021 34.0538 27.84472 34.37778 26.91184 34.61146 25.96054 34.75257 25.0 34.79976 24.03946 34.75257 23.08816 34.61146 22.15528 34.37778 21.24054 34.05049 21.10579 34.4271 

10
39.90579 27.97495 39.90961 27.9557 40.12561 26.4996 40.12753 26.48007 40.19976 25.00981 39.80024 24.99019 39.72849 26.45063 39.51539 27.88729 39.1601 29.30567 39.54811 29.40287 

7
37.63269 33.45269 37.64359 33.43637 38.40036 32.17377 38.05727 31.96813 37.30555 33.22231 36.43452 34.39676 36.7558 34.63504 

4
14.24521 35.74091 14.54159 35.47229 13.55303 34.38159 13.25665 34.65021 

16
17.82623 38.40036 17.84354 38.40962 19.17424 39.03899 19.19237 39.0465 20.57835 39.54241 20.59713 39.54811 22.02505 39.90579 22.0443 39.90961 23.5004 40.12561 23.55909 39.72994 22.11271 39.51539 20.70386 39.16249 19.33638 38.67319 18.02344 38.05222 16.76927 37.3005 16.56363 37.64359 

46
32.17377 11.59964 32.15646 11.59038 30.82576 10.96101 30.80763 10.9535 29.42165 10.45759 29.40287 10.45189 27.97495 10.09421 27.9557 10.09039 26.4996 9.87439 26.48007 9.87247 25.00981 9.80024 24.99019 9.80024 23.51993 9.87247 23.5004 9.87439 22.0443 10.09039 22.02505 10.09421 20.59713 10.45189 20.57835 10.45759 19.19237 10.9535 19.17424 10.96101 17.84354 11.59038 17.82623 11.59964 16.56363 12.35641 16.54731 12.36731 15.36496 13.2442 15.34979 13.25665 14.25909 14.24521 14.24521 14.25909 13.25665 15.34979 13.55303 15.61841 14.53499 14.53499 15.61113 13.55963 16.77769 12.69445 18.02344 11.94778 19.33638 11.32681 20.70386 10.83751 22.11271 10.48461 23.54937 10.27151 25.0 10.20024 26.45063 10.27151 27.88729 10.48461 29.29614 10.83751 30.66362 11.32681 31.97656 11.94778 33.23073 12.6995 33.43637 12.35641 

19
10.09421 22.02505 10.09039 22.0443 9.87439 23.5004 9.87247 23.51993 9.80024 24.99019 9.80024 25.00981 9.87247 26.48007 9.87439 26.4996 10.09039 27.9557 10.09421 27.97495 10.45189 29.40287 10.8399 29.30567 10.48461 27.88729 10.27151 26.45063 10.20024 25.0 10.27151 23.54937 10.48461 22.11271 10.8399 20.69433 10.45189 20.59713 

13
27.9557 39.90961 27.97495 39.90579 29.40287 39.54811 29.42165 39.54241 30.80763 39.0465 30.82576 39.03899 32.15646 38.40962 31.98544 38.04802 30.66362 38.67319 29.29614 39.16249 27.88729 39.51539 26.44091 39.72994 26.4996 40.12561 

22
39.90961 22.0443 39.90579 22.02505 39.54811 20.59713 39.54241 20.57835 39.0465 19.19237 39.03899 19.17424 38.40962 17.84354 38.40036 17.82623 37.64359 16.56363 37.63269 16.54731 36.7558 15.36496 36.74335 15.34979 35.75479 14.25909 35.45841 14.52771 36.44037 15.61113 37.30555 16.77769 38.05222 18.02344 38.67319 19.33638 39.16249 20.70386 39.51539 22.11271 39.72994 23.55909 40.12561 23.5004 

13
42.80997 34.53076 42.81922 34.51345 43.65839 32.73918 43.6659 32.72105 44.32712 30.87307 44.33281 30.85429 44.80971 28.9504 44.4217 28.85321 43.94719 30.74757 43.29259 32.57704 42.46183 34.33354 41.45785 36.00858 41.80094 36.21423 

13
44.81354 21.06885 44.80971 21.0496 44.33281 19.14571 44.32712 19.12693 43.6659 17.27895 43.65839 17.26082 42.81922 15.48655 42.45763 15.65758 43.29259 17.42296 43.94719 19.25243 44.41931 21.13726 44.70586 23.069 45.10153 23.01031 

28
34.53076 7.19003 34.51345 7.18078 32.73918 6.34161 32.72105 6.3341 30.87307 5.67288 30.85429 5.66719 28.9504 5.19029 28.93115 5.18646 26.98969 4.89847 26.97016 4.89655 25.00981 4.80024 24.99019 4.80024 23.02984 4.89655 23.01031 4.89847 21.06885 5.18646 21.0496 5.19029 19.14571 5.66719 19.2429 6.0552 21.13726 5.58069 23.05928 5.29558 25.0 5.20024 26.94072 5.29558 28.86274 5.58069 30.74757 6.05281 32.57704 6.70741 34.33354 7.53817 36.00858 8.54215 36.21423 8.19906 

49
13.78577 8.19906 13.76946 8.20997 12.19299 9.37915 12.17782 9.3916 10.72355 10.70967 10.70967 10.72355 9.3916 12.17782 9.37915 12.19299 8.20997 13.76946 8.19906 13.78577 7.19003 15.46924 7.18078 15.48655 6.34161 17.26082 6.3341 17.27895 5.67288 19.12693 5.66719 19.14571 5.19029 21.0496 5.18646 21.06885 4.89847 23.01031 4.89655 23.02984 4.80024 24.99019 4.80024 25.00981 4.89655 26.97016 4.89847 26.98969 5.18646 28.93115 5.19029 28.9504 5.66719 30.85429 5.67288 30.87307 6.3341 32.72105 6.34161 32.73918 7.18078 34.51345 7.54237 34.34242 6.70741 32.57704 6.05281 30.74757 5.58069 28.86274 5.29558 26.94072 5.20024 25.0 5.29558 23.05928 5.58069 21.13726 6.05281 19.25243 6.70741 17.42296 7.53817 15.66646 8.5371 13.99984 9.69458 12.43917 10.99946 10.99946 12.43917 9.69458 13.99984 8.5371 15.67489 7.53312 15.46924 7.19003 

22
21.0496 44.80971 21.06885 44.81354 23.01031 45.10153 23.02984 45.10345 24.99019 45.19976 25.00981 45.19976 26.97016 45.10345 26.98969 45.10153 28.93115 44.81354 28.9504 44.80971 30.85429 44.33281 30.87307 44.32712 32.72105 43.6659 32.58629 43.28928 30.74757 43.94719 28.86274 44.41931 26.94072 44.70442 25.0 44.79976 23.05928 44.70442 21.13726 44.41931 19.2429 43.9448 19.14571 44.33281 

4
19.32163 22.97943 16.53851 22.50318 16.06226 25.28631 18.84538 25.76256 

4
41.63611 47.74446 43.96341 46.14564 42.36459 43.81833 40.03729 45.41715 

3
14.85585 38.20022 11.53864 40.70688 14.31548 42.0828 

3
14.29768 3.99636 18.15993 3.36649 16.45261 1.00161 

3
27.1087 45.97439 23.81908 47.94561 26.22976 49.48162 

8
11.51886 34.51619 9.83559 33.85582 8.17838 34.57913 7.51802 36.2624 8.24132 37.9196 9.92459 38.57997 11.5818 37.85667 12.24216 36.1734 

102
12.77014 45.95244 13.32984 44.33664 13.33672 44.31309 13.34126 44.28898 13.34342 44.26454 13.34317 44.24001 13.34052 44.21562 13.33549 44.1916 13.32813 44.1682 13.31851 44.14563 13.30673 44.12411 13.29289 44.10385 13.27713 44.08505 13.25961 44.06788 13.24049 44.05251 13.21995 44.03908 13.1982 44.02774 13.17544 44.01858 11.3234 43.37705 11.29985 43.37017 11.27574 43.36563 11.2513 43.36347 11.22677 43.36372 11.20238 43.36637 11.17837 43.3714 11.15496 43.37876 11.13239 43.38838 11.11087 43.40017 11.09062 43.414 11.07181 43.42976 11.05464 43.44728 11.03927 43.4664 11.02585 43.48694 11.0145 43.50869 11.00534 43.53145 10.99846 43.555 10.99392 43.57911 10.99176 43.60355 10.99201 43.62808 10.99466 43.65247 10.99969 43.67649 11.00705 43.69989 11.01667 43.72246 11.02846 43.74398 11.04229 43.76424 11.05805 43.78304 11.07557 43.80022 11.09469 43.81559 11.11523 43.82901 11.13698 43.84035 11.15974 43.84951 12.77555 44.40921 12.21585 46.02502 12.20897 46.04857 12.20443 46.07268 12.20227 46.09712 12.20252 46.12165 12.20517 46.14604 12.2102 46.17005 12.21756 46.19346 12.22718 46.21603 12.23897 46.23754 12.2528 46.2578 12.26856 46.27661 12.28608 46.29378 12.3052 46.30915 12.32574 46.32257 12.34749 46.33392 12.37026 46.34308 16.07433 47.62613 16.09788 47.63301 16.12199 47.63755 16.14643 47.63971 16.17096 47.63946 16.19535 47.63681 16.21936 47.63178 16.24277 47.62442 16.26534 47.6148 16.28685 47.60302 16.30711 47.58918 16.32592 47.57342 16.34309 47.5559 16.35846 47.53678 16.37188 47.51624 16.38323 47.49449 16.39239 47.47173 16.39927 47.44818 16.40381 47.42407 16.40597 47.39963 16.40572 47.3751 16.40307 47.35071 16.39804 47.3267 16.39068 47.30329 16.38106 47.28072 16.36927 47.2592 16.35544 47.23894 16.33968 47.22014 16.32216 47.20297 16.30304 47.1876 16.2825 47.17417 16.26075 47.16283 16.23799 47.15367 

136
45.92645 31.99786 46.88512 32.75241 46.13057 33.71109 46.11636 33.73109 46.10418 33.75238 46.09415 33.77477 46.08635 33.79803 46.08088 33.82195 46.07778 33.84629 46.07707 33.87081 46.07878 33.89529 46.08287 33.91947 46.08932 33.94315 46.09805 33.96607 46.10899 33.98803 46.12203 34.00881 46.13705 34.02822 46.15389 34.04606 46.1724 34.06216 46.1924 34.07637 46.2137 34.08855 46.23608 34.09858 46.25935 34.10637 46.28326 34.11185 46.3076 34.11495 46.33212 34.11566 46.3566 34.11395 46.38079 34.10986 46.40446 34.10341 46.42739 34.09468 46.44935 34.08374 46.47013 34.0707 46.48953 34.05568 46.50737 34.03884 46.52347 34.02033 47.27802 33.06166 48.23669 33.81621 48.25669 33.83041 48.27799 33.8426 48.30038 33.85263 48.32364 33.86042 48.34756 33.8659 48.37189 33.869 48.39642 33.8697 48.42089 33.868 48.44508 33.86391 48.46875 33.85746 48.49168 33.84872 48.51364 33.83778 48.53442 33.82474 48.55382 33.80973 48.57166 33.79289 48.58776 33.77438 48.60197 33.75438 48.61415 33.73308 48.62419 33.71069 48.63198 33.68743 48.63746 33.66351 48.64056 33.63918 48.64126 33.61465 48.63956 33.59018 48.63546 33.56599 48.62902 33.54232 48.62028 33.51939 48.60934 33.49743 48.5963 33.47665 48.58129 33.45725 48.56445 33.43941 48.54594 33.42331 47.58726 32.66876 48.34181 31.71008 48.35602 31.69008 48.3682 31.66879 48.37824 31.6464 48.38603 31.62314 48.3915 31.59922 48.39461 31.57488 48.39531 31.55036 48.39361 31.52588 48.38951 31.5017 48.38307 31.47802 48.37433 31.4551 48.36339 31.43314 48.35035 31.41236 48.33534 31.39295 48.31849 31.37511 48.29998 31.35901 48.27998 31.3448 48.25869 31.33262 48.2363 31.32259 48.21304 31.3148 48.18912 31.30932 48.16478 31.30622 48.14026 31.30551 48.11579 31.30722 48.0916 31.31131 48.06792 31.31776 48.045 31.32649 48.02304 31.33743 48.00226 31.35047 47.98285 31.36549 47.96501 31.38233 47.94891 31.40084 47.19436 32.35951 46.23569 31.60496 46.21569 31.59076 46.19439 31.57857 46.17201 31.56854 46.14874 31.56075 46.12483 31.55527 46.10049 31.55217 46.07597 31.55147 46.05149 31.55317 46.0273 31.55726 46.00363 31.56371 45.9807 31.57245 45.95874 31.58339 45.93796 31.59643 45.91856 31.61144 45.90072 31.62828 45.88462 31.64679 45.87041 31.66679 45.85823 31.68809 45.84819 31.71048 45.8404 31.73374 45.83493 31.75766 45.83182 31.78199 45.83112 31.80652 45.83283 31.83099 45.83692 31.85518 45.84337 31.87885 45.8521 31.90178 45.86304 31.92374 45.87608 31.94452 45.89109 31.96392 45.90794 31.98176 

136
35.47281 38.0947 36.36847 37.31028 37.15289 38.20595 37.16994 38.22359 37.18864 38.23948 37.2088 38.25345 37.23024 38.26538 37.25274 38.27516 37.27609 38.28268 37.30007 38.28787 37.32444 38.29069 37.34897 38.29111 37.37342 38.28912 37.39757 38.28475 37.42116 38.27803 37.44398 38.26903 37.46581 38.25783 37.48644 38.24455 37.50567 38.22931 37.52331 38.21226 37.5392 38.19356 37.55317 38.1734 37.5651 38.15196 37.57488 38.12946 37.5824 38.10611 37.58759 38.08213 37.59041 38.05776 37.59083 38.03323 37.58884 38.00878 37.58447 37.98463 37.57775 37.96104 37.56875 37.93822 37.55755 37.91639 37.54427 37.89576 37.52903 37.87653 36.74462 36.98086 37.64028 36.19645 37.65793 36.1794 37.67381 36.1607 37.68779 36.14054 37.69972 36.1191 37.70949 36.0966 37.71701 36.07324 37.72221 36.04927 37.72503 36.02489 37.72545 36.00036 37.72346 35.97591 37.71908 35.95177 37.71236 35.92818 37.70336 35.90535 37.69216 35.88352 37.67888 35.86289 37.66364 35.84367 37.64659 35.82603 37.6279 35.81014 37.60773 35.79616 37.5863 35.78423 37.56379 35.77446 37.54044 35.76694 37.51646 35.76174 37.49209 35.75892 37.46756 35.7585 37.44311 35.76049 37.41897 35.76487 37.39537 35.77159 37.37255 35.78059 37.35072 35.79179 37.33009 35.80507 37.31086 35.82031 36.4152 36.60472 35.63078 35.70905 35.61373 35.69141 35.59503 35.67553 35.57487 35.66155 35.55343 35.64962 35.53093 35.63984 35.50758 35.63232 35.4836 35.62713 35.45923 35.62431 35.4347 35.62389 35.41025 35.62588 35.3861 35.63025 35.36251 35.63698 35.33969 35.64598 35.31786 35.65717 35.29723 35.67045 35.278 35.68569 35.26036 35.70274 35.24447 35.72144 35.2305 35.7416 35.21857 35.76304 35.20879 35.78554 35.20127 35.80889 35.19608 35.83287 35.19326 35.85724 35.19284 35.88177 35.19483 35.90623 35.1992 35.93037 35.20592 35.95396 35.21492 35.97679 35.22612 35.99862 35.2394 36.01924 35.25464 36.03847 36.03905 36.93414 35.14339 37.71855 35.12574 37.7356 35.10986 37.7543 35.09588 37.77447 35.08395 37.7959 35.07418 37.81841 35.06666 37.84176 35.06146 37.86574 35.05864 37.89011 35.05822 37.91464 35.06021 37.93909 35.06459 37.96323 35.07131 37.98683 35.08031 38.00965 35.09151 38.03148 35.10479 38.05211 35.12003 38.07134 35.13708 38.08898 35.15577 38.10486 35.17594 38.11884 35.19737 38.13077 35.21988 38.14054 35.24323 38.14806 35.26721 38.15326 35.29158 38.15608 35.31611 38.1565 35.34056 38.15451 35.3647 38.15013 35.3883 38.14341 35.41112 38.13441 35.43295 38.12322 35.45358 38.10994 

136
1.85581 17.66649 2.98054 17.95758 2.68945 19.08231 2.68448 19.10633 2.68188 19.13073 2.68169 19.15526 2.6839 19.17969 2.6885 19.20379 2.69544 19.22733 2.70465 19.25006 2.71605 19.27179 2.72952 19.2923 2.74493 19.31138 2.76215 19.32887 2.78099 19.34458 2.80128 19.35837 2.82283 19.3701 2.84542 19.37967 2.86884 19.38697 2.89286 19.39194 2.91726 19.39454 2.94179 19.39473 2.96623 19.39252 2.99033 19.38792 3.01386 19.38098 3.0366 19.37177 3.05832 19.36037 3.07883 19.3469 3.09792 19.33149 3.1154 19.31428 3.13111 19.29543 3.1449 19.27514 3.15663 19.2536 3.1662 19.231 3.1735 19.20758 3.46459 18.08285 4.58932 18.37394 4.61335 18.37892 4.63774 18.38151 4.66228 18.3817 4.68671 18.37949 4.71081 18.37489 4.73434 18.36795 4.75708 18.35874 4.77881 18.34735 4.79931 18.33388 4.8184 18.31846 4.83588 18.30125 4.85159 18.28241 4.86538 18.26211 4.87712 18.24057 4.88668 18.21798 4.89399 18.19456 4.89896 18.17053 4.90156 18.14613 4.90175 18.1216 4.89954 18.09717 4.89494 18.07307 4.888 18.04954 4.87879 18.0268 4.86739 18.00507 4.85392 17.98457 4.83851 17.96548 4.82129 17.948 4.80245 17.93228 4.78216 17.9185 4.76061 17.90676 4.73802 17.8972 4.7146 17.88989 3.58987 17.5988 3.88096 16.47407 3.88593 16.45005 3.88853 16.42565 3.88872 16.40112 3.88651 16.37668 3.88191 16.35258 3.87497 16.32905 3.86576 16.30631 3.85436 16.28459 3.84089 16.26408 3.82548 16.245 3.80827 16.22751 3.78942 16.2118 3.76913 16.19801 3.74759 16.18628 3.72499 16.17671 3.70157 16.16941 3.67755 16.16443 3.65315 16.16184 3.62862 16.16165 3.60419 16.16386 3.58009 16.16846 3.55655 16.1754 3.53381 16.18461 3.51209 16.196 3.49158 16.20947 3.4725 16.22489 3.45501 16.2421 3.4393 16.26094 3.42551 16.28124 3.41378 16.30278 3.40421 16.32537 3.39691 16.34879 3.10582 17.47352 1.98109 17.18244 1.95706 17.17746 1.93267 17.17487 1.90813 17.17467 1.8837 17.17689 1.8596 17.18149 1.83607 17.18842 1.81333 17.19764 1.7916 17.20903 1.7711 17.2225 1.75201 17.23792 1.73453 17.25513 1.71882 17.27397 1.70503 17.29426 1.69329 17.31581 1.68373 17.3384 1.67642 17.36182 1.67145 17.38585 1.66885 17.41024 1.66866 17.43478 1.67088 17.45921 1.67548 17.48331 1.68241 17.50684 1.69162 17.52958 1.70302 17.55131 1.71649 17.57181 1.73191 17.5909 1.74912 17.60838 1.76796 17.62409 1.78825 17.63788 1.8098 17.64962 1.83239 17.65918 

84
25.51806 38.14272 24.42815 36.82507 24.4116 36.80696 24.39336 36.79055 24.3736 36.77601 24.35251 36.76348 24.33029 36.75308 24.30716 36.7449 24.28334 36.73903 24.25905 36.73553 24.23454 36.73442 24.21005 36.73572 24.18579 36.73941 24.16202 36.74546 24.13895 36.75382 24.11681 36.76439 24.09582 36.77709 24.07617 36.79178 24.05805 36.80832 24.04165 36.82656 24.02711 36.84633 24.01458 36.86742 24.00417 36.88964 23.996 36.91277 23.99013 36.93659 23.98662 36.96087 23.98551 36.98538 23.98681 37.00988 23.9905 37.03413 23.99656 37.05791 24.00491 37.08098 24.01549 37.10312 24.02818 37.12411 24.04287 37.14376 25.29212 38.65405 25.30867 38.67216 25.32691 38.68857 25.34667 38.7031 25.36777 38.71564 25.38998 38.72604 25.41312 38.73422 25.43694 38.74009 25.46122 38.74359 25.48573 38.7447 25.51023 38.7434 25.53448 38.73971 25.55826 38.73366 25.58133 38.7253 25.60346 38.71473 25.62446 38.70203 25.64411 38.68734 27.15439 37.43809 27.17251 37.42154 27.18891 37.4033 27.20345 37.38354 27.21598 37.36245 27.22639 37.34023 27.23456 37.3171 27.24043 37.29328 27.24394 37.26899 27.24505 37.24448 27.24375 37.21998 27.24006 37.19573 27.234 37.17196 27.22565 37.14889 27.21507 37.12675 27.20238 37.10576 27.18769 37.08611 27.17114 37.06799 27.1529 37.05159 27.13314 37.03705 27.11205 37.02452 27.08983 37.01411 27.0667 37.00594 27.04288 37.00007 27.01859 36.99656 26.99408 36.99545 26.96959 36.99675 26.94533 37.00044 26.92156 37.0065 26.89849 37.01485 26.87635 37.02543 26.85536 37.03812 26.83571 37.05281 

84
47.34662 18.31518 47.35963 16.64443 47.35862 16.61992 47.35521 16.59562 47.34943 16.57178 47.34135 16.54861 47.33103 16.52635 47.31858 16.50521 47.30412 16.48539 47.28779 16.46709 47.26974 16.45047 47.25015 16.4357 47.2292 16.42293 47.20711 16.41226 47.18407 16.40382 47.16032 16.39767 47.13608 16.39388 47.11159 16.39249 47.08708 16.3935 47.06278 16.39691 47.03894 16.40269 47.01577 16.41077 46.99351 16.42109 46.97237 16.43354 46.95255 16.448 46.93425 16.46433 46.91763 16.48238 46.90286 16.50197 46.89008 16.52292 46.87942 16.54501 46.87098 16.56805 46.86483 16.5918 46.86104 16.61604 46.85965 16.64053 46.84468 18.56128 46.8457 18.58579 46.84911 18.61008 46.85488 18.63393 46.86297 18.65709 46.87328 18.67935 46.88573 18.70049 46.90019 18.72031 46.91653 18.73862 46.93458 18.75523 46.95417 18.77 46.97511 18.78278 46.99721 18.79344 47.02024 18.80189 47.04399 18.80803 47.06823 18.81182 47.09273 18.81322 49.01347 18.82818 49.03798 18.82717 49.06228 18.82376 49.08612 18.81798 49.10929 18.8099 49.13155 18.79958 49.15269 18.78713 49.17251 18.77267 49.19081 18.75634 49.20743 18.73829 49.2222 18.7187 49.23497 18.69775 49.24564 18.67566 49.25408 18.65262 49.26023 18.62887 49.26402 18.60463 49.26541 18.58014 49.2644 18.55562 49.26099 18.53133 49.25521 18.50748 49.24713 18.48432 49.23681 18.46206 49.22436 18.44092 49.2099 18.4211 49.19357 18.40279 49.17552 18.38618 49.15593 18.37141 49.13498 18.35863 49.11288 18.34797 49.08985 18.33953 49.0661 18.33338 49.04186 18.32959 49.01737 18.3282 

84
43.4445 27.64548 42.00085 27.06004 41.97769 27.05195 41.95385 27.04617 41.92955 27.04275 41.90504 27.04173 41.88055 27.04311 41.85631 27.04689 41.83255 27.05303 41.80952 27.06147 41.78742 27.07212 41.76647 27.08489 41.74687 27.09965 41.72881 27.11626 41.71247 27.13456 41.69801 27.15438 41.68555 27.17551 41.67523 27.19777 41.66713 27.22093 41.66135 27.24477 41.65793 27.26907 41.65691 27.29358 41.65829 27.31807 41.66207 27.34231 41.66821 27.36607 41.67665 27.3891 41.6873 27.4112 41.70007 27.43215 41.71483 27.45175 41.73144 27.46981 41.74974 27.48615 41.76956 27.50061 41.79069 27.51307 41.81295 27.52339 43.48828 28.20279 43.51144 28.21088 43.53528 28.21666 43.55957 28.22008 43.58409 28.2211 43.60858 28.21972 43.63282 28.21594 43.65658 28.2098 43.67961 28.20136 43.70171 28.19071 43.72266 28.17794 43.74226 28.16318 43.76031 28.14657 43.77665 28.12827 43.79112 28.10845 43.80358 28.08732 43.8139 28.06506 44.49329 26.38973 44.50139 26.36657 44.50717 26.34273 44.51059 26.31844 44.51161 26.29392 44.51023 26.26943 44.50645 26.24519 44.50031 26.22144 44.49187 26.1984 44.48122 26.1763 44.46845 26.15535 44.45369 26.13575 44.43708 26.1177 44.41878 26.10136 44.39896 26.08689 44.37782 26.07443 44.35557 26.06411 44.33241 26.05602 44.30857 26.05023 44.28427 26.04681 44.25976 26.04579 44.23526 26.04718 44.21102 26.05096 44.18727 26.05709 44.16423 26.06553 44.14213 26.07619 44.12118 26.08895 44.10159 26.10372 44.08353 26.12033 44.06719 26.13863 44.05272 26.15844 44.04027 26.17958 44.02994 26.20183 

84
7.95121 25.36253 6.63726 26.19944 6.61724 26.21362 6.5987 26.22969 6.58183 26.2475 6.56679 26.26688 6.55372 26.28765 6.54275 26.30959 6.53398 26.3325 6.5275 26.35616 6.52337 26.38035 6.52163 26.40482 6.52229 26.42934 6.52536 26.45369 6.5308 26.47761 6.53856 26.50088 6.54856 26.52329 6.56071 26.5446 6.57489 26.56462 6.59096 26.58316 6.60877 26.60003 6.62815 26.61507 6.64892 26.62814 6.67086 26.63912 6.69377 26.64788 6.71743 26.65437 6.74162 26.6585 6.76609 26.66024 6.79061 26.65957 6.81496 26.6565 6.83888 26.65106 6.86215 26.64331 6.88456 26.63331 6.90587 26.62116 8.43068 25.64994 8.4507 25.63576 8.46923 25.61969 8.4861 25.60187 8.50115 25.58249 8.51422 25.56173 8.52519 25.53979 8.53396 25.51688 8.54044 25.49321 8.54457 25.46903 8.54631 25.44456 8.54564 25.42003 8.54258 25.39569 8.53714 25.37177 8.52938 25.34849 8.51938 25.32609 8.50723 25.30478 7.53602 23.77997 7.52184 23.75995 7.50576 23.74141 7.48795 23.72454 7.46857 23.7095 7.44781 23.69643 7.42586 23.68546 7.40295 23.67669 7.37929 23.67021 7.3551 23.66608 7.33063 23.66434 7.30611 23.665 7.28177 23.66807 7.25784 23.67351 7.23457 23.68127 7.21216 23.69127 7.19085 23.70342 7.17083 23.7176 7.15229 23.73367 7.13542 23.75148 7.12038 23.77086 7.10731 23.79162 7.09634 23.81357 7.08757 23.83648 7.08109 23.86014 7.07696 23.88433 7.07522 23.9088 7.07588 23.93332 7.07895 23.95767 7.08439 23.98159 7.09215 24.00486 7.10215 24.02727 7.1143 24.04858 

4
24.47967 24.02995 24.15925 26.95244 27.08174 27.27285 27.40215 24.35037 

3
36.31297 41.42549 36.72101 45.56321 39.34347 43.91195 

3
36.40276 3.74573 38.79973 6.73937 39.9965 4.14352 

