45
4
30.17376 25.51943 29.77809 25.46074 29.70609 25.94611 30.10176 26.0048 

16
19.82432 25.4999 19.82624 25.51943 19.89824 26.0048 19.90207 26.02405 20.02129 26.50002 20.02699 26.5188 20.19229 26.9808 20.1998 26.99893 20.4096 27.44249 20.77119 27.27147 20.5656 26.83679 20.40692 26.3933 20.29247 25.93639 20.22335 25.47046 20.19976 24.99019 19.80024 25.00981 

10
20.1998 23.00107 20.19229 23.0192 20.02699 23.4812 20.02129 23.49998 19.90207 23.97595 20.29008 24.07314 20.40692 23.6067 20.5656 23.16321 20.77119 22.72853 20.4096 22.55751 

13
29.31799 27.89699 29.32889 27.88067 29.58115 27.4598 29.5904 27.44249 29.8002 26.99893 29.80771 26.9808 29.97301 26.5188 29.59639 26.38405 29.4344 26.83679 29.23301 27.26259 28.99085 27.6666 28.70441 28.05283 29.02569 28.29111 

13
26.9808 29.80771 26.99893 29.8002 27.44249 29.5904 27.4598 29.58115 27.88067 29.32889 27.89699 29.31799 28.29111 29.02569 28.05283 28.70441 27.6666 28.99085 27.26259 29.23301 26.83679 29.4344 26.38405 29.59639 26.5188 29.97301 

19
26.02405 19.90207 26.0048 19.89824 25.51943 19.82624 25.4999 19.82432 25.00981 19.80024 24.99019 19.80024 24.5001 19.82432 24.48057 19.82624 23.9952 19.89824 23.97595 19.90207 23.49998 20.02129 23.59717 20.4093 24.06361 20.29247 24.52954 20.22335 25.0 20.20024 25.47046 20.22335 25.93639 20.29247 26.40283 20.4093 26.50002 20.02129 

13
22.11933 20.67111 22.10301 20.68201 21.70889 20.97431 21.69372 20.98676 21.33015 21.31628 21.31628 21.33015 20.98676 21.69372 21.28314 21.96235 21.60606 21.60606 21.95507 21.28974 22.3334 21.00915 22.74584 20.76194 22.5402 20.41885 

19
21.31628 28.66985 21.33015 28.68372 21.69372 29.01324 21.70889 29.02569 22.10301 29.31799 22.11933 29.32889 22.5402 29.58115 22.55751 29.5904 23.00107 29.8002 23.0192 29.80771 23.4812 29.97301 23.61595 29.59639 23.16321 29.4344 22.73741 29.23301 22.3334 28.99085 21.95507 28.71026 21.60606 28.39394 21.28314 28.03765 20.98676 28.30628 

19
29.32889 22.11933 29.31799 22.10301 29.02569 21.70889 29.01324 21.69372 28.68372 21.33015 28.66985 21.31628 28.30628 20.98676 28.29111 20.97431 27.89699 20.68201 27.88067 20.67111 27.4598 20.41885 27.25416 20.76194 27.6666 21.00915 28.04493 21.28974 28.39394 21.60606 28.71026 21.95507 28.99085 22.3334 29.23806 22.74584 29.58115 22.5402 

4
17.79462 17.78074 18.06324 18.07712 18.79038 17.41809 18.52176 17.12171 

16
18.52176 32.87829 18.53693 32.89075 19.32516 33.47534 19.34148 33.48624 20.18321 33.99076 20.20052 34.00001 21.08765 34.41959 21.10579 34.4271 22.02978 34.75771 22.16453 34.38109 21.24979 34.0538 20.38043 33.64262 19.55555 33.1482 18.7831 32.57532 18.06324 31.92288 17.79462 32.21926 

37
24.99019 35.19976 25.00981 35.19976 25.98998 35.15161 26.00952 35.14968 26.98025 35.00569 26.9995 35.00186 27.95144 34.76341 27.97022 34.75771 28.89421 34.4271 28.91235 34.41959 29.79948 34.00001 29.81679 33.99076 30.65852 33.48624 30.67484 33.47534 31.46307 32.89075 31.47824 32.87829 32.20538 32.21926 32.21926 32.20538 32.87829 31.47824 32.89075 31.46307 33.47534 30.67484 33.48624 30.65852 33.99076 29.81679 33.64767 29.61115 33.1482 30.44445 32.57532 31.2169 31.92948 31.92948 31.2169 32.57532 30.44445 33.1482 29.61957 33.64262 28.75021 34.0538 27.84472 34.37778 26.91184 34.61146 25.96054 34.75257 25.0 34.79976 24.02964 34.75209 24.01002 35.15161 

49
35.00186 26.9995 35.00569 26.98025 35.14968 26.00952 35.15161 25.98998 35.19976 25.00981 35.19976 24.99019 35.15161 24.01002 35.14968 23.99048 35.00569 23.01975 35.00186 23.0005 34.76341 22.04856 34.75771 22.02978 34.4271 21.10579 34.41959 21.08765 34.00001 20.20052 33.99076 20.18321 33.48624 19.34148 33.47534 19.32516 32.89075 18.53693 32.87829 18.52176 32.21926 17.79462 32.20538 17.78074 31.47824 17.12171 31.46307 17.10925 30.67484 16.52466 30.65852 16.51376 29.81679 16.00924 29.79948 15.99999 28.91235 15.58041 28.89421 15.5729 27.97022 15.24229 27.83547 15.61891 28.75021 15.9462 29.61957 16.35738 30.44445 16.8518 31.2169 17.42468 31.92948 18.07052 32.57532 18.7831 33.1482 19.55555 33.64262 20.38043 34.0538 21.24979 34.37778 22.15528 34.61146 23.08816 34.75257 24.03946 34.79976 25.0 34.75257 25.96054 34.61146 26.91184 34.3754 27.85425 34.76341 27.95144 

13
25.00981 14.80024 24.99019 14.80024 24.01002 14.84839 23.99048 14.85032 23.01975 14.99431 23.0005 14.99814 22.04856 15.23659 22.14575 15.6246 23.08816 15.38854 24.03946 15.24743 25.0 15.20024 25.97036 15.24791 25.98998 14.84839 

19
15.24229 22.02978 15.23659 22.04856 14.99814 23.0005 14.99431 23.01975 14.85032 23.99048 14.84839 24.01002 14.80024 24.99019 14.80024 25.00981 14.84839 25.98998 14.85032 26.00952 14.99431 26.98025 15.38998 26.92156 15.24743 25.96054 15.20024 25.0 15.24743 24.03946 15.38854 23.08816 15.62222 22.15528 15.94951 21.24054 15.5729 21.10579 

7
17.84354 11.59038 17.82623 11.59964 16.56363 12.35641 16.76927 12.6995 18.02344 11.94778 19.34526 11.3226 19.17424 10.96101 

13
26.4996 9.87439 26.48007 9.87247 25.00981 9.80024 24.99019 9.80024 23.51993 9.87247 23.5004 9.87439 22.0443 10.09039 22.10299 10.48606 23.54937 10.27151 25.0 10.20024 26.45063 10.27151 27.89701 10.48606 27.9557 10.09039 

46
11.59038 32.15646 11.59964 32.17377 12.35641 33.43637 12.36731 33.45269 13.2442 34.63504 13.25665 34.65021 14.24521 35.74091 14.25909 35.75479 15.34979 36.74335 15.36496 36.7558 16.54731 37.63269 16.56363 37.64359 17.82623 38.40036 17.84354 38.40962 19.17424 39.03899 19.19237 39.0465 20.57835 39.54241 20.59713 39.54811 22.02505 39.90579 22.0443 39.90961 23.5004 40.12561 23.51993 40.12753 24.99019 40.19976 25.00981 40.19976 26.48007 40.12753 26.4996 40.12561 27.9557 39.90961 27.97495 39.90579 29.40287 39.54811 29.30567 39.1601 27.88729 39.51539 26.45063 39.72849 25.0 39.79976 23.54937 39.72849 22.11271 39.51539 20.70386 39.16249 19.33638 38.67319 18.02344 38.05222 16.77769 37.30555 15.61113 36.44037 14.53499 35.46501 13.55963 34.38887 12.69445 33.22231 11.94778 31.97656 11.3226 30.65474 10.96101 30.82576 

19
34.63504 36.7558 34.65021 36.74335 35.74091 35.75479 35.75479 35.74091 36.74335 34.65021 36.7558 34.63504 37.63269 33.45269 37.64359 33.43637 38.40036 32.17377 38.40962 32.15646 39.03899 30.82576 38.6774 30.65474 38.05222 31.97656 37.30555 33.22231 36.44037 34.38887 35.46501 35.46501 34.38887 36.44037 33.21441 37.3114 33.45269 37.63269 

16
39.0465 19.19237 39.03899 19.17424 38.40962 17.84354 38.40036 17.82623 37.64359 16.56363 37.63269 16.54731 36.7558 15.36496 36.74335 15.34979 35.75479 14.25909 35.45841 14.52771 36.44037 15.61113 37.30555 16.77769 38.05222 18.02344 38.67319 19.33638 39.1658 20.71311 39.54241 20.57835 

19
11.59964 17.82623 11.59038 17.84354 10.96101 19.17424 10.9535 19.19237 10.45759 20.57835 10.45189 20.59713 10.09421 22.02505 10.09039 22.0443 9.87439 23.5004 9.87247 23.51993 9.80024 24.99019 10.19976 25.00981 10.27151 23.54937 10.48461 22.11271 10.83751 20.70386 11.32681 19.33638 11.94778 18.02344 12.6995 16.76927 12.35641 16.56363 

16
17.27895 6.3341 17.26082 6.34161 15.48655 7.18078 15.46924 7.19003 13.78577 8.19906 13.76946 8.20997 12.19299 9.37915 12.17782 9.3916 10.72355 10.70967 10.99218 11.00605 12.43917 9.69458 13.99984 8.5371 15.66646 7.53817 17.42296 6.70741 19.26168 6.0495 19.12693 5.67288 

16
23.01031 45.10153 23.02984 45.10345 24.99019 45.19976 25.00981 45.19976 26.97016 45.10345 26.98969 45.10153 28.93115 44.81354 28.9504 44.80971 30.85429 44.33281 30.7571 43.9448 28.86274 44.41931 26.94072 44.70442 25.0 44.79976 23.05928 44.70442 21.12754 44.41787 21.06885 44.81354 

13
36.21423 41.80094 36.23054 41.79003 37.80701 40.62085 37.82218 40.6084 39.27645 39.29033 39.29033 39.27645 40.6084 37.82218 40.31202 37.55355 39.00054 39.00054 37.56083 40.30542 36.00016 41.4629 34.32511 42.46688 34.53076 42.80997 

19
8.19906 36.21423 8.20997 36.23054 9.37915 37.80701 9.3916 37.82218 10.70967 39.27645 10.72355 39.29033 12.17782 40.6084 12.19299 40.62085 13.76946 41.79003 13.78577 41.80094 15.46924 42.80997 15.67489 42.46688 13.99984 41.4629 12.43917 40.30542 10.99946 39.00054 9.69458 37.56083 8.5371 36.00016 7.53312 34.32511 7.19003 34.53076 

46
44.80971 28.9504 44.81354 28.93115 45.10153 26.98969 45.10345 26.97016 45.19976 25.00981 45.19976 24.99019 45.10345 23.02984 45.10153 23.01031 44.81354 21.06885 44.80971 21.0496 44.33281 19.14571 44.32712 19.12693 43.6659 17.27895 43.65839 17.26082 42.81922 15.48655 42.80997 15.46924 41.80094 13.78577 41.79003 13.76946 40.62085 12.19299 40.6084 12.17782 39.29033 10.72355 39.27645 10.70967 37.82218 9.3916 37.80701 9.37915 36.23054 8.20997 36.21423 8.19906 34.53076 7.19003 34.51345 7.18078 32.73918 6.34161 32.56816 6.70321 34.33354 7.53817 36.00016 8.5371 37.56083 9.69458 39.00054 10.99946 40.30542 12.43917 41.4629 13.99984 42.46183 15.66646 43.29259 17.42296 43.94719 19.25243 44.41931 21.13726 44.70442 23.05928 44.79976 25.0 44.70442 26.94072 44.41931 28.86274 43.9448 30.7571 44.33281 30.85429 

22
7.19003 15.46924 7.18078 15.48655 6.34161 17.26082 6.3341 17.27895 5.67288 19.12693 5.66719 19.14571 5.19029 21.0496 5.18646 21.06885 4.89847 23.01031 4.89655 23.02984 4.80024 24.99019 4.80024 25.00981 4.89655 26.97016 5.29606 26.95053 5.20024 25.0 5.29558 23.05928 5.58069 21.13726 6.05281 19.25243 6.70741 17.42296 7.53817 15.66646 8.54215 13.99142 8.19906 13.78577 

4
48.93096 13.02421 49.14125 10.1507 46.26773 9.94041 46.05744 12.81393 

4
15.11607 13.49195 13.55642 11.13822 11.20268 12.69787 12.76233 15.0516 

4
26.79852 22.12873 24.50207 23.67249 26.04583 25.96894 28.34228 24.42518 

4
38.39083 27.8631 40.59035 26.18411 38.91136 23.9846 36.71185 25.66359 

3
28.01781 1.93654 28.70965 5.952 31.15601 4.15228 

3
49.95587 31.39155 46.69017 29.09363 46.2468 32.03673 

8
8.24927 5.84124 9.72459 5.15438 10.28211 3.62549 9.59525 2.15017 8.06635 1.59265 6.59104 2.27951 6.03352 3.80841 6.72038 5.28372 

102
2.15721 16.36366 3.51014 15.45029 3.52978 15.43558 3.54788 15.41902 3.56427 15.40076 3.57879 15.38099 3.5913 15.35988 3.60168 15.33766 3.60984 15.31452 3.61569 15.29069 3.61917 15.2664 3.62026 15.24189 3.61894 15.2174 3.61522 15.19315 3.60915 15.16938 3.60077 15.14632 3.59018 15.12419 3.57746 15.1032 2.52422 13.54306 2.50951 13.52343 2.49294 13.50533 2.47469 13.48894 2.45491 13.47442 2.43381 13.46191 2.41158 13.45152 2.38844 13.44337 2.36462 13.43752 2.34033 13.43404 2.31582 13.43295 2.29132 13.43427 2.26707 13.43799 2.2433 13.44406 2.22024 13.45244 2.19811 13.46303 2.17713 13.47574 2.15749 13.49045 2.13939 13.50701 2.12301 13.52527 2.10848 13.54505 2.09597 13.56615 2.08559 13.58838 2.07743 13.61152 2.07159 13.63534 2.0681 13.65963 2.06702 13.68414 2.06834 13.70864 2.07205 13.73289 2.07813 13.75666 2.0865 13.77972 2.0971 13.80185 2.10981 13.82283 3.02318 15.17577 1.67024 16.08913 1.6506 16.10384 1.6325 16.1204 1.61611 16.13866 1.60159 16.15844 1.58908 16.17954 1.5787 16.20177 1.57054 16.22491 1.56469 16.24873 1.56121 16.27302 1.56012 16.29753 1.56144 16.32203 1.56516 16.34628 1.57123 16.37005 1.57961 16.39311 1.5902 16.41523 1.60292 16.43622 3.70941 19.5565 3.72412 19.57613 3.74068 19.59423 3.75894 19.61062 3.77872 19.62514 3.79982 19.63766 3.82205 19.64804 3.84519 19.65619 3.86901 19.66204 3.8933 19.66553 3.91781 19.66661 3.94231 19.66529 3.96656 19.66158 3.99033 19.6555 4.01339 19.64713 4.03552 19.63653 4.0565 19.62382 4.07613 19.60911 4.09423 19.59255 4.11062 19.57429 4.12514 19.55452 4.13766 19.53341 4.14804 19.51118 4.1562 19.48805 4.16204 19.46422 4.16553 19.43993 4.16661 19.41542 4.16529 19.39093 4.16158 19.36667 4.1555 19.3429 4.14713 19.31984 4.13653 19.29772 4.12382 19.27673 

136
49.17867 21.60518 48.66315 20.49945 49.76888 19.98392 49.79058 19.97248 49.81105 19.95896 49.8301 19.9435 49.84754 19.92625 49.86321 19.90737 49.87695 19.88705 49.88864 19.86548 49.89815 19.84286 49.9054 19.81942 49.91032 19.79539 49.91286 19.77099 49.913 19.74645 49.91073 19.72202 49.90607 19.69794 49.89908 19.67442 49.88982 19.6517 49.87837 19.63 49.86486 19.60953 49.8494 19.59048 49.83215 19.57303 49.81327 19.55736 49.79294 19.54362 49.77137 19.53194 49.74876 19.52242 49.72532 19.51517 49.70128 19.51025 49.67688 19.50771 49.65235 19.50758 49.62792 19.50985 49.60383 19.5145 49.58031 19.52149 49.5576 19.53076 48.45187 20.04628 47.93635 18.94055 47.9249 18.91885 47.91138 18.89837 47.89592 18.87932 47.87867 18.86188 47.85979 18.84621 47.83947 18.83247 47.8179 18.82078 47.79528 18.81127 47.77184 18.80402 47.74781 18.7991 47.72341 18.79656 47.69887 18.79643 47.67444 18.7987 47.65036 18.80335 47.62684 18.81034 47.60412 18.8196 47.58242 18.83105 47.56195 18.84457 47.5429 18.86003 47.52545 18.87728 47.50978 18.89616 47.49604 18.91648 47.48436 18.93805 47.47484 18.96067 47.46759 18.98411 47.46267 19.00814 47.46013 19.03254 47.46 19.05708 47.46227 19.08151 47.46692 19.10559 47.47391 19.12911 47.48318 19.15183 47.9987 20.25756 46.89297 20.77308 46.87127 20.78452 46.85079 20.79804 46.83174 20.8135 46.8143 20.83075 46.79863 20.84963 46.78489 20.86996 46.7732 20.89153 46.76369 20.91414 46.75644 20.93758 46.75152 20.96162 46.74898 20.98602 46.74885 21.01055 46.75112 21.03498 46.75577 21.05907 46.76276 21.08258 46.77202 21.1053 46.78347 21.127 46.79699 21.14748 46.81245 21.16653 46.8297 21.18397 46.84858 21.19964 46.8689 21.21338 46.89047 21.22507 46.91309 21.23458 46.93653 21.24183 46.96056 21.24675 46.98496 21.24929 47.0095 21.24943 47.03393 21.24716 47.05801 21.2425 47.08153 21.23551 47.10425 21.22625 48.20998 20.71073 48.7255 21.81645 48.73694 21.83816 48.75046 21.85863 48.76592 21.87768 48.78317 21.89512 48.80205 21.91079 48.82238 21.92453 48.84395 21.93622 48.86656 21.94573 48.89 21.95298 48.91404 21.9579 48.93844 21.96044 48.96297 21.96058 48.9874 21.95831 49.01149 21.95365 49.035 21.94666 49.05772 21.9374 49.07942 21.92595 49.0999 21.91244 49.11895 21.89698 49.13639 21.87973 49.15206 21.86085 49.1658 21.84052 49.17749 21.81895 49.187 21.79634 49.19425 21.7729 49.19917 21.74886 49.20171 21.72446 49.20185 21.69993 49.19958 21.6755 49.19492 21.65141 49.18793 21.62789 

136
29.2612 14.10123 29.91734 13.07269 30.94587 13.72883 30.96717 13.741 30.98957 13.75102 31.01284 13.75879 31.03676 13.76424 31.0611 13.76733 31.08562 13.76801 31.1101 13.76629 31.13428 13.76218 31.15795 13.75571 31.18087 13.74696 31.20282 13.736 31.22359 13.72295 31.24298 13.70792 31.26081 13.69106 31.2769 13.67254 31.29109 13.65252 31.30325 13.63122 31.31327 13.60882 31.32104 13.58555 31.3265 13.56163 31.32958 13.53729 31.33027 13.51277 31.32854 13.4883 31.32443 13.46411 31.31797 13.44044 31.30921 13.41752 31.29826 13.39557 31.2852 13.3748 31.27017 13.35541 31.25331 13.33759 31.23479 13.3215 31.21478 13.3073 30.18625 12.65116 30.84239 11.62263 30.85455 11.60133 30.86457 11.57893 30.87234 11.55566 30.8778 11.53174 30.88088 11.5074 30.88157 11.48288 30.87984 11.4584 30.87573 11.43422 30.86927 11.41055 30.86051 11.38763 30.84956 11.36568 30.8365 11.34491 30.82147 11.32552 30.80461 11.30769 30.78609 11.2916 30.76608 11.27741 30.74477 11.26525 30.72238 11.25523 30.69911 11.24746 30.67519 11.242 30.65085 11.23892 30.62632 11.23823 30.60185 11.23996 30.57766 11.24407 30.554 11.25053 30.53108 11.25929 30.50913 11.27024 30.48836 11.2833 30.46896 11.29833 30.45114 11.31519 30.43505 11.33371 30.42086 11.35372 29.76472 12.38225 28.73619 11.72611 28.71488 11.71395 28.69248 11.70393 28.66921 11.69616 28.64529 11.6907 28.62095 11.68762 28.59643 11.68693 28.57196 11.68866 28.54777 11.69277 28.5241 11.69923 28.50118 11.70799 28.47923 11.71894 28.45846 11.732 28.43907 11.74703 28.42125 11.76389 28.40516 11.78241 28.39097 11.80242 28.3788 11.82373 28.36878 11.84612 28.36101 11.86939 28.35555 11.89331 28.35247 11.91765 28.35179 11.94218 28.35351 11.96665 28.35762 11.99084 28.36409 12.0145 28.37284 12.03742 28.3838 12.05937 28.39685 12.08014 28.41188 12.09954 28.42874 12.11736 28.44726 12.13345 28.46727 12.14764 29.49581 12.80378 28.83967 13.83232 28.8275 13.85362 28.81748 13.87602 28.80971 13.89929 28.80426 13.92321 28.80117 13.94755 28.80049 13.97207 28.80221 13.99654 28.80632 14.02073 28.81279 14.0444 28.82154 14.06732 28.8325 14.08927 28.84555 14.11004 28.86058 14.12943 28.87744 14.14725 28.89596 14.16334 28.91598 14.17754 28.93728 14.1897 28.95968 14.19972 28.98295 14.20749 29.00687 14.21295 29.03121 14.21603 29.05573 14.21671 29.0802 14.21499 29.10439 14.21088 29.12806 14.20441 29.15098 14.19566 29.17293 14.1847 29.1937 14.17165 29.21309 14.15662 29.23091 14.13976 29.247 14.12124 

84
44.32675 34.49892 43.2026 35.8401 43.18778 35.85965 43.17495 35.88056 43.16423 35.90263 43.15572 35.92565 43.14952 35.94938 43.14566 35.97361 43.14421 35.9981 43.14516 36.02262 43.1485 36.04692 43.15422 36.07078 43.16224 36.09396 43.1725 36.11625 43.1849 36.13742 43.19931 36.15728 43.21559 36.17563 43.2336 36.19229 43.25315 36.20711 43.27406 36.21994 43.29613 36.23066 43.31915 36.23916 43.34288 36.24537 43.36711 36.24922 43.3916 36.25068 43.41612 36.24973 43.44042 36.24638 43.46428 36.24067 43.48746 36.23264 43.50975 36.22238 43.53092 36.20999 43.55078 36.19558 43.56913 36.17929 43.58579 36.16129 44.87054 34.62851 44.88536 34.60895 44.89819 34.58804 44.90891 34.56597 44.91741 34.54296 44.92362 34.51922 44.92747 34.49499 44.92893 34.4705 44.92798 34.44599 44.92463 34.42168 44.91892 34.39783 44.91089 34.37464 44.90063 34.35236 44.88824 34.33118 44.87383 34.31133 44.85754 34.29298 44.83954 34.27631 43.30676 32.99156 43.2872 32.97675 43.26629 32.96392 43.24422 32.9532 43.22121 32.94469 43.19747 32.93848 43.17324 32.93463 43.14875 32.93318 43.12424 32.93413 43.09993 32.93747 43.07607 32.94319 43.05289 32.95121 43.0306 32.96147 43.00943 32.97387 42.98958 32.98828 42.97123 33.00456 42.95456 33.02257 42.93975 33.04212 42.92692 33.06303 42.9162 33.0851 42.90769 33.10811 42.90148 33.13185 42.89763 33.15608 42.89618 33.18057 42.89712 33.20509 42.90047 33.22939 42.90619 33.25325 42.91421 33.27643 42.92447 33.29872 42.93687 33.31989 42.95127 33.33975 42.96756 33.3581 42.98557 33.37476 

84
47.2262 16.77025 45.84398 17.77701 45.82488 17.79241 45.80738 17.80961 45.79166 17.82844 45.77785 17.84872 45.7661 17.87026 45.75651 17.89284 45.74919 17.91626 45.7442 17.94028 45.74158 17.96467 45.74137 17.9892 45.74356 18.01364 45.74814 18.03774 45.75506 18.06128 45.76425 18.08403 45.77563 18.10576 45.78909 18.12628 45.80449 18.14538 45.82168 18.16287 45.84051 18.1786 45.8608 18.19241 45.88233 18.20416 45.90492 18.21374 45.92833 18.22107 45.95235 18.22606 45.97675 18.22868 46.00128 18.22889 46.02571 18.22669 46.04982 18.22211 46.07335 18.21519 46.0961 18.206 46.11784 18.19462 46.13835 18.18117 47.72265 17.02722 47.74175 17.01182 47.75925 16.99462 47.77497 16.97579 47.78878 16.95551 47.80053 16.93397 47.81011 16.91139 47.81744 16.88797 47.82243 16.86395 47.82505 16.83956 47.82526 16.81503 47.82306 16.79059 47.81849 16.76649 47.81157 16.74295 47.80237 16.7202 47.791 16.69847 47.77754 16.67795 46.62359 15.09366 46.60819 15.07456 46.59099 15.05706 46.57216 15.04133 46.55188 15.02753 46.53035 15.01578 46.50776 15.00619 46.48435 14.99887 46.46033 14.99387 46.43593 14.99126 46.4114 14.99105 46.38696 14.99324 46.36286 14.99782 46.33932 15.00474 46.31658 15.01393 46.29484 15.02531 46.27432 15.03876 46.25523 15.05416 46.23773 15.07136 46.222 15.09019 46.2082 15.11047 46.19644 15.13201 46.18686 15.15459 46.17954 15.17801 46.17454 15.20203 46.17193 15.22642 46.17172 15.25096 46.17391 15.27539 46.17849 15.29949 46.18541 15.32303 46.1946 15.34578 46.20598 15.36752 46.21943 15.38803 

84
48.96576 34.76748 49.28024 36.36928 49.28614 36.3931 49.29435 36.41622 49.30478 36.43842 49.31734 36.4595 49.33191 36.47924 49.34834 36.49746 49.36648 36.51398 49.38614 36.52864 49.40716 36.54131 49.42931 36.55185 49.45239 36.56018 49.47617 36.5662 49.50043 36.56986 49.52493 36.57112 49.54944 36.56998 49.57372 36.56644 49.59753 36.56054 49.62065 36.55233 49.64285 36.54189 49.66393 36.52933 49.68367 36.51477 49.70189 36.49834 49.71841 36.4802 49.73308 36.46053 49.74574 36.43952 49.75629 36.41737 49.76461 36.39429 49.77063 36.3705 49.77429 36.34624 49.77555 36.32174 49.77441 36.29724 49.77087 36.27296 49.40823 34.42584 49.40233 34.40202 49.39412 34.3789 49.38368 34.3567 49.37112 34.33562 49.35656 34.31588 49.34013 34.29766 49.32199 34.28114 49.30232 34.26648 49.28131 34.25381 49.25916 34.24327 49.23608 34.23495 49.21229 34.22893 49.18803 34.22527 49.16353 34.224 49.13903 34.22514 49.11475 34.22868 47.26763 34.59133 47.24381 34.59723 47.22069 34.60543 47.19849 34.61587 47.17741 34.62843 47.15767 34.643 47.13945 34.65943 47.12293 34.67756 47.10827 34.69723 47.0956 34.71824 47.08506 34.7404 47.07674 34.76348 47.07072 34.78726 47.06706 34.81152 47.06579 34.83602 47.06693 34.86053 47.07047 34.8848 47.07637 34.90862 47.08458 34.93174 47.09502 34.95394 47.10758 34.97502 47.12214 34.99476 47.13857 35.01298 47.15671 35.0295 47.17638 35.04416 47.19739 35.05683 47.21954 35.06737 47.24262 35.0757 47.26641 35.08172 47.29067 35.08538 47.31517 35.08664 47.33967 35.0855 47.36395 35.08196 

84
12.97157 28.04765 14.37776 28.87669 14.39948 28.8881 14.42221 28.89732 14.44574 28.90427 14.46984 28.90889 14.49427 28.91111 14.5188 28.91094 14.5432 28.90835 14.56723 28.90339 14.59065 28.8961 14.61325 28.88655 14.6348 28.87483 14.6551 28.86105 14.67395 28.84535 14.69118 28.82788 14.7066 28.8088 14.72008 28.7883 14.73149 28.76658 14.74072 28.74385 14.74767 28.72032 14.75228 28.69622 14.75451 28.67179 14.75433 28.64726 14.75175 28.62286 14.74679 28.59883 14.7395 28.57541 14.72994 28.55281 14.71822 28.53126 14.70444 28.51096 14.68874 28.49211 14.67127 28.47488 14.65219 28.45946 14.6317 28.44598 13.01015 27.48996 12.98843 27.47855 12.9657 27.46933 12.94217 27.46238 12.91807 27.45777 12.89364 27.45554 12.86911 27.45572 12.84471 27.4583 12.82068 27.46326 12.79726 27.47055 12.77466 27.4801 12.75311 27.49182 12.73281 27.5056 12.71395 27.5213 12.69673 27.53878 12.68131 27.55785 12.66782 27.57835 11.71181 29.1999 11.7004 29.22162 11.69118 29.24435 11.68423 29.26788 11.67962 29.29198 11.67739 29.31641 11.67757 29.34094 11.68015 29.36534 11.68511 29.38937 11.6924 29.41279 11.70195 29.43539 11.71367 29.45694 11.72745 29.47724 11.74315 29.49609 11.76063 29.51331 11.7797 29.52874 11.8002 29.54222 11.82192 29.55363 11.84465 29.56286 11.86818 29.56981 11.89228 29.57442 11.91671 29.57665 11.94124 29.57647 11.96564 29.57389 11.98967 29.56893 12.01309 29.56163 12.03569 29.55208 12.05724 29.54036 12.07754 29.52658 12.0964 29.51088 12.11362 29.49341 12.12904 29.47433 12.14253 29.45383 

4
43.92847 0.87593 41.14495 1.99487 42.26389 4.77839 45.04741 3.65945 

4
23.99259 6.08682 25.59155 8.48362 27.98835 6.88467 26.3894 4.48786 

4
4.01757 12.29801 6.01386 14.29485 8.01071 12.29856 6.01442 10.30171 

3
30.23604 49.56837 27.61139 46.34372 26.3365 49.16837 

