25.0 5.0
25.6 6.0
26.2 7.1
26.5 8.4
26.4 9.5
26.1 10.7
26.0 11.8
25.8 12.9
26.4 13.9
27.3 14.9
28.2 15.7
29.2 16.4
30.3 16.7
31.5 16.5
32.7 16.0
33.7 15.3
34.2 16.2
34.1 17.4
34.1 18.6
34.4 19.8
34.9 21.0
35.5 22.0
36.4 22.9
37.5 23.6
38.6 24.2
39.8 24.7
40.6 25.4
40.9 26.4
40.9 27.5
40.8 28.8
41.0 30.1
41.3 31.4
41.4 32.5
41.0 33.6
40.2 34.6
39.2 35.4
38.1 36.1
36.9 36.6
35.6 36.8
34.4 37.2
33.4 37.9
32.5 38.4
31.3 38.0
30.6 37.1
29.7 36.4
28.6 36.2
27.3 36.2
26.1 36.5
25.0 37.1
24.0 37.9
23.2 38.9
22.4 39.9
21.5 40.8
20.5 41.7
19.4 42.3
18.2 42.8
16.9 43.3
15.6 43.6
14.3 44.0
13.0 44.2
11.7 44.2
10.6 44.4
9.6 45.0
8.6 45.1
7.5 44.6
6.5 43.9
