32.5 46.0
33.4 45.5
33.7 44.5
33.5 43.4
33.4 42.4
34.2 41.8
35.3 41.1
36.2 40.3
37.1 39.4
37.9 38.3
38.8 37.3
40.0 36.9
41.0 36.8
41.8 37.8
42.3 38.9
43.2 39.4
44.0 38.7
44.7 37.7
45.0 36.6
45.5 35.5
46.8 35.1
47.6 34.5
47.0 33.6
46.1 32.8
45.0 32.3
44.5 31.1
44.8 30.1
45.5 29.1
46.5 28.3
47.4 27.3
47.6 26.0
47.6 24.7
46.9 23.7
45.7 23.3
44.6 23.4
43.8 24.2
43.3 25.3
43.1 26.6
43.0 27.6
41.8 27.9
40.6 27.6
39.4 27.0
38.2 26.7
37.0 26.4
36.1 25.7
35.2 24.8
34.3 23.9
33.2 23.2
32.1 22.5
31.1 22.2
29.8 22.3
28.6 22.5
27.3 22.7
26.2 22.7
25.1 22.0
24.4 21.0
23.5 20.3
22.5 21.2
21.9 22.2
21.0 22.7
19.9 22.9
18.6 22.7
17.3 22.6
16.1 22.7
14.9 22.9
13.7 22.8
12.4 22.7
11.4 22.5
10.5 21.6
10.2 20.4
10.3 19.3
11.4 18.5
12.5 18.3
13.8 18.2
15.1 18.0
16.4 17.7
