8.0 25.0
8.5 25.9
8.2 27.0
8.4 28.3
9.1 29.3
10.4 29.6
11.5 29.2
12.5 28.5
12.8 27.3
12.3 26.3
11.9 25.2
11.9 24.0
12.1 22.7
12.4 21.6
13.1 20.6
14.1 20.0
15.0 19.3
15.5 18.2
15.9 17.0
16.4 15.7
17.0 14.7
17.9 14.2
19.1 13.7
20.2 13.5
21.5 13.6
22.7 13.9
24.0 13.8
25.1 13.2
26.0 12.3
27.2 12.4
27.9 13.2
28.4 14.2
29.5 14.8
30.7 14.9
31.9 14.9
33.0 15.3
34.2 15.3
35.1 14.7
35.6 13.8
35.1 12.8
34.2 11.8
33.3 11.0
32.2 10.3
31.1 9.6
29.9 9.0
28.8 8.4
27.7 7.7
26.6 7.1
25.4 6.5
24.3 5.9
23.3 5.2
22.1 4.8
20.9 4.8
19.6 5.0
18.5 5.2
17.3 4.8
16.3 4.1
15.1 4.2
14.2 5.0
13.4 5.8
12.4 6.2
11.3 6.2
10.1 6.9
9.5 7.9
8.7 8.7
7.6 9.2
6.4 9.4
5.2 9.8
4.3 10.3
4.2 11.6
4.6 12.7
5.3 13.8
5.8 15.1
5.6 16.2
5.1 17.4
4.4 18.4
3.9 19.3
3.9 20.4
4.1 21.6
3.9 22.7
3.3 23.9
2.6 24.9
1.8 25.9
2.1 26.9
3.1 27.6
3.9 28.4
4.0 29.5
3.9 30.7
4.0 31.8
4.4 33.0
5.1 34.1
5.7 35.2
6.4 36.4
7.0 37.5
7.6 38.6
7.8 39.8
7.5 41.0
