8.0 25.0
8.4 23.8
8.0 22.7
7.9 21.7
8.8 20.7
9.7 19.9
10.3 18.8
10.9 17.6
11.1 16.4
10.9 15.2
10.6 13.9
11.3 12.8
12.5 12.5
13.7 12.4
14.9 12.2
15.8 11.7
16.4 10.6
16.9 9.6
17.7 8.9
18.9 8.3
20.0 7.7
21.0 7.2
22.2 7.1
23.4 7.5
24.6 8.0
25.7 8.4
26.9 8.4
28.2 8.4
29.4 8.7
30.6 9.1
31.7 9.6
32.4 10.4
32.8 11.5
33.6 12.3
34.7 12.4
36.0 12.3
37.2 12.3
38.2 12.7
39.1 13.6
39.8 14.6
40.4 15.8
40.9 16.9
41.0 18.1
41.5 19.1
41.8 20.1
41.7 21.4
41.5 22.7
41.5 23.9
41.6 25.2
41.4 26.4
41.1 27.6
41.1 28.8
41.7 29.9
42.2 31.1
42.5 32.3
42.2 33.3
41.3 34.0
40.1 34.4
38.9 34.7
37.8 35.3
36.8 36.1
35.8 37.0
35.1 37.8
33.8 37.7
32.9 36.9
32.1 35.9
31.1 35.6
30.1 36.1
29.3 36.9
28.5 37.7
27.2 37.8
26.0 37.6
24.8 37.0
23.7 36.4
22.6 35.9
21.4 35.8
20.2 35.7
19.0 35.3
17.9 34.6
16.8 33.8
15.8 32.9
14.7 32.6
13.8 33.1
12.9 34.0
12.1 34.9
11.1 35.8
10.0 36.4
8.9 37.1
8.2 38.0
7.8 39.2
7.6 40.5
