32.5 33.0
32.7 33.5
32.7 34.1
32.5 34.8
32.1 35.6
31.6 36.3
31.1 36.9
30.7 37.2
30.1 37.7
29.4 38.2
28.9 38.4
28.3 38.4
27.6 38.1
27.0 37.6
26.4 37.0
25.9 36.3
25.4 35.6
25.0 35.1
24.4 34.7
23.6 34.4
23.0 33.9
22.6 33.3
22.3 32.6
22.1 31.8
22.0 31.3
22.0 30.5
21.9 29.8
21.4 29.2
20.8 28.8
20.0 28.5
19.2 28.1
18.4 27.7
17.6 27.4
16.9 27.1
16.1 27.0
15.2 26.9
14.4 27.0
13.6 27.0
13.1 27.1
12.4 27.3
11.6 27.7
10.9 28.1
10.1 28.3
9.3 28.5
8.5 28.5
7.6 28.5
6.8 28.5
6.0 28.7
5.3 29.1
4.8 29.6
4.4 30.3
4.0 31.0
3.9 31.5
3.7 32.3
3.6 33.1
3.7 34.0
3.8 34.7
4.2 35.3
4.8 35.9
5.1 36.4
5.3 37.2
5.5 38.0
5.9 38.7
6.4 39.4
6.9 40.0
7.5 40.6
8.1 41.2
8.8 41.7
9.5 42.0
10.2 42.1
10.7 42.0
11.5 41.9
12.3 41.6
13.1 41.4
14.0 41.4
14.8 41.3
15.7 41.4
16.5 41.4
17.0 41.5
17.8 41.6
18.3 41.7
19.1 41.9
19.6 41.6
19.9 41.0
20.0 40.3
20.0 39.5
19.8 38.7
19.5 37.9
19.1 37.2
18.8 36.8
18.3 36.1
18.0 35.6
17.9 35.1
18.0 34.6
18.2 34.1
17.5 33.0
