40
7
29.32889 22.11933 29.31799 22.10301 29.02569 21.70889 28.70441 21.94717 28.99085 22.3334 29.23806 22.74584 29.58115 22.5402 

7
29.97871 23.49998 29.97301 23.4812 29.80771 23.0192 29.43109 23.15396 29.59308 23.6067 29.70992 24.07314 30.09793 23.97595 

13
21.70889 20.97431 21.69372 20.98676 21.33015 21.31628 21.31628 21.33015 20.98676 21.69372 20.97431 21.70889 20.68201 22.10301 21.00329 22.34129 21.28974 21.95507 21.60606 21.60606 21.95507 21.28974 22.34129 21.00329 22.10301 20.68201 

22
29.31799 27.89699 29.32889 27.88067 29.58115 27.4598 29.5904 27.44249 29.8002 26.99893 29.80771 26.9808 29.97301 26.5188 29.97871 26.50002 30.09793 26.02405 30.10176 26.0048 30.17376 25.51943 30.17568 25.4999 30.19976 25.00981 29.80024 24.99019 29.77665 25.47046 29.70753 25.93639 29.59308 26.3933 29.4344 26.83679 29.23301 27.26259 28.99085 27.6666 28.70441 28.05283 29.02569 28.29111 

28
27.89699 20.68201 27.88067 20.67111 27.4598 20.41885 27.44249 20.4096 26.99893 20.1998 26.9808 20.19229 26.5188 20.02699 26.50002 20.02129 26.02405 19.90207 26.0048 19.89824 25.51943 19.82624 25.4999 19.82432 25.00981 19.80024 24.99019 19.80024 24.5001 19.82432 24.48057 19.82624 23.9952 19.89824 24.05389 20.29391 24.52954 20.22335 25.0 20.20024 25.47046 20.22335 25.93639 20.29247 26.3933 20.40692 26.83679 20.5656 27.26259 20.76699 27.6666 21.00915 28.05283 21.29559 28.29111 20.97431 

19
19.80024 24.99019 19.80024 25.00981 19.82432 25.4999 19.82624 25.51943 19.89824 26.0048 19.90207 26.02405 20.02129 26.50002 20.02699 26.5188 20.19229 26.9808 20.1998 26.99893 20.4096 27.44249 20.77119 27.27147 20.5656 26.83679 20.40692 26.3933 20.29247 25.93639 20.22335 25.47046 20.20024 25.0 20.22384 24.51973 19.82432 24.5001 

22
21.31628 28.66985 21.33015 28.68372 21.69372 29.01324 21.70889 29.02569 22.10301 29.31799 22.11933 29.32889 22.5402 29.58115 22.55751 29.5904 23.00107 29.8002 23.0192 29.80771 23.4812 29.97301 23.49998 29.97871 23.97595 30.09793 24.07314 29.70992 23.6067 29.59308 23.16321 29.4344 22.73741 29.23301 22.3334 28.99085 21.95507 28.71026 21.60606 28.39394 21.28314 28.03765 20.98676 28.30628 

7
15.5729 28.89421 15.58041 28.91235 15.99999 29.79948 16.36159 29.62846 15.9462 28.75021 15.61891 27.83547 15.24229 27.97022 

7
14.80024 24.99019 14.80024 25.00981 14.84839 25.98998 15.24791 25.97036 15.20024 25.0 15.24791 24.02964 14.84839 24.01002 

7
18.52176 32.87829 18.53693 32.89075 19.32516 33.47534 19.56344 33.15405 18.7831 32.57532 18.06324 31.92288 17.79462 32.21926 

13
22.02978 34.75771 22.04856 34.76341 23.0005 35.00186 23.01975 35.00569 23.99048 35.14968 24.01002 35.15161 24.99019 35.19976 25.00981 34.80024 24.03946 34.75257 23.08816 34.61146 22.15528 34.37778 21.24054 34.05049 21.10579 34.4271 

4
27.95144 34.76341 27.85425 34.3754 26.90231 34.61385 26.9995 35.00186 

16
30.65852 33.48624 30.67484 33.47534 31.46307 32.89075 31.47824 32.87829 32.20538 32.21926 32.21926 32.20538 32.87829 31.47824 32.89075 31.46307 33.47534 30.67484 33.15405 30.43656 32.57532 31.2169 31.92948 31.92948 31.2169 32.57532 30.44445 33.1482 29.61115 33.64767 29.81679 33.99076 

46
30.67484 16.52466 30.65852 16.51376 29.81679 16.00924 29.79948 15.99999 28.91235 15.58041 28.89421 15.5729 27.97022 15.24229 27.95144 15.23659 26.9995 14.99814 26.98025 14.99431 26.00952 14.85032 25.98998 14.84839 25.00981 14.80024 24.99019 14.80024 24.01002 14.84839 23.99048 14.85032 23.01975 14.99431 23.0005 14.99814 22.04856 15.23659 22.02978 15.24229 21.10579 15.5729 21.08765 15.58041 20.20052 15.99999 20.18321 16.00924 19.34148 16.51376 19.32516 16.52466 18.53693 17.10925 18.52176 17.12171 17.79462 17.78074 18.06324 18.07712 18.7831 17.42468 19.55555 16.8518 20.38043 16.35738 21.24979 15.9462 22.15528 15.62222 23.08816 15.38854 24.03946 15.24743 25.0 15.20024 25.96054 15.24743 26.91184 15.38854 27.84472 15.62222 28.75021 15.9462 29.61957 16.35738 30.44445 16.8518 31.22479 17.43054 31.46307 17.10925 

31
34.75771 27.97022 34.76341 27.95144 35.00186 26.9995 35.00569 26.98025 35.14968 26.00952 35.15161 25.98998 35.19976 25.00981 35.19976 24.99019 35.15161 24.01002 35.14968 23.99048 35.00569 23.01975 35.00186 23.0005 34.76341 22.04856 34.75771 22.02978 34.4271 21.10579 34.41959 21.08765 34.00001 20.20052 33.99076 20.18321 33.48624 19.34148 33.14315 19.54712 33.64262 20.38043 34.0538 21.24979 34.37778 22.15528 34.61146 23.08816 34.75257 24.03946 34.79976 25.0 34.75257 25.96054 34.61146 26.91184 34.37778 27.84472 34.05049 28.75946 34.4271 28.89421 

19
15.34979 36.74335 15.36496 36.7558 16.54731 37.63269 16.56363 37.64359 17.82623 38.40036 17.84354 38.40962 19.17424 39.03899 19.19237 39.0465 20.57835 39.54241 20.59713 39.54811 22.02505 39.90579 22.12224 39.51777 20.70386 39.16249 19.33638 38.67319 18.02344 38.05222 16.77769 37.30555 15.61113 36.44037 14.52771 35.45841 14.25909 35.75479 

55
37.63269 33.45269 37.64359 33.43637 38.40036 32.17377 38.40962 32.15646 39.03899 30.82576 39.0465 30.80763 39.54241 29.42165 39.54811 29.40287 39.90579 27.97495 39.90961 27.9557 40.12561 26.4996 40.12753 26.48007 40.19976 25.00981 40.19976 24.99019 40.12753 23.51993 40.12561 23.5004 39.90961 22.0443 39.90579 22.02505 39.54811 20.59713 39.54241 20.57835 39.0465 19.19237 39.03899 19.17424 38.40962 17.84354 38.40036 17.82623 37.64359 16.56363 37.63269 16.54731 36.7558 15.36496 36.74335 15.34979 35.75479 14.25909 35.74091 14.24521 34.65021 13.25665 34.63504 13.2442 33.45269 12.36731 33.43637 12.35641 32.17377 11.59964 31.96813 11.94273 33.22231 12.69445 34.38887 13.55963 35.46501 14.53499 36.44037 15.61113 37.30555 16.77769 38.05222 18.02344 38.67319 19.33638 39.16249 20.70386 39.51539 22.11271 39.72849 23.54937 39.79976 25.0 39.72849 26.45063 39.51539 27.88729 39.16249 29.29614 38.67319 30.66362 38.05222 31.97656 37.30555 33.22231 36.43452 34.39676 36.7558 34.63504 

19
22.0443 10.09039 22.02505 10.09421 20.59713 10.45189 20.57835 10.45759 19.19237 10.9535 19.17424 10.96101 17.84354 11.59038 17.82623 11.59964 16.56363 12.35641 16.54731 12.36731 15.36496 13.2442 15.60324 13.56548 16.77769 12.69445 18.02344 11.94778 19.33638 11.32681 20.70386 10.83751 22.11271 10.48461 23.55909 10.27006 23.5004 9.87439 

22
9.87439 23.5004 9.87247 23.51993 9.80024 24.99019 9.80024 25.00981 9.87247 26.48007 9.87439 26.4996 10.09039 27.9557 10.09421 27.97495 10.45189 29.40287 10.45759 29.42165 10.9535 30.80763 10.96101 30.82576 11.59038 32.15646 11.95198 31.98544 11.32681 30.66362 10.83751 29.29614 10.48461 27.88729 10.27151 26.45063 10.20024 25.0 10.27151 23.54937 10.48606 22.10299 10.09039 22.0443 

13
44.32712 30.87307 44.33281 30.85429 44.80971 28.9504 44.81354 28.93115 45.10153 26.98969 45.10345 26.97016 45.19976 25.00981 44.80024 24.99019 44.70442 26.94072 44.41931 28.86274 43.94719 30.74757 43.28928 32.58629 43.6659 32.72105 

16
4.89847 23.01031 4.89655 23.02984 4.80024 24.99019 4.80024 25.00981 4.89655 26.97016 4.89847 26.98969 5.18646 28.93115 5.19029 28.9504 5.66719 30.85429 6.0552 30.7571 5.58069 28.86274 5.29558 26.94072 5.20024 25.0 5.29558 23.05928 5.58213 21.12754 5.18646 21.06885 

13
37.80701 40.62085 37.82218 40.6084 39.27645 39.29033 39.29033 39.27645 40.6084 37.82218 40.62085 37.80701 41.79003 36.23054 41.46875 35.99226 40.30542 37.56083 39.00054 39.00054 37.56083 40.30542 35.99226 41.46875 36.23054 41.79003 

4
32.72105 43.6659 32.58629 43.28928 30.73832 43.9505 30.87307 44.32712 

10
44.81354 21.06885 44.80971 21.0496 44.33281 19.14571 44.32712 19.12693 43.6659 17.27895 43.28928 17.41371 43.94719 19.25243 44.41931 21.13726 44.70586 23.069 45.10153 23.01031 

13
13.78577 8.19906 13.76946 8.20997 12.19299 9.37915 12.17782 9.3916 10.72355 10.70967 10.70967 10.72355 9.3916 12.17782 9.68798 12.44645 10.99946 10.99946 12.43917 9.69458 13.99984 8.5371 15.67489 7.53312 15.46924 7.19003 

4
6.34161 17.26082 6.70321 17.43184 7.54237 15.65758 7.18078 15.48655 

37
40.62085 12.19299 40.6084 12.17782 39.29033 10.72355 39.27645 10.70967 37.82218 9.3916 37.80701 9.37915 36.23054 8.20997 36.21423 8.19906 34.53076 7.19003 34.51345 7.18078 32.73918 6.34161 32.72105 6.3341 30.87307 5.67288 30.85429 5.66719 28.9504 5.19029 28.93115 5.18646 26.98969 4.89847 26.97016 4.89655 25.00981 4.80024 24.99019 4.80024 23.02984 4.89655 23.01031 4.89847 21.06885 5.18646 21.12754 5.58213 23.05928 5.29558 25.0 5.20024 26.94072 5.29558 28.86274 5.58069 30.74757 6.05281 32.57704 6.70741 34.33354 7.53817 36.00016 8.5371 37.56083 9.69458 39.00054 10.99946 40.30542 12.43917 41.46875 14.00774 41.79003 13.76946 

19
8.19906 36.21423 8.20997 36.23054 9.37915 37.80701 9.3916 37.82218 10.70967 39.27645 10.72355 39.29033 12.17782 40.6084 12.19299 40.62085 13.76946 41.79003 13.78577 41.80094 15.46924 42.80997 15.67489 42.46688 13.99984 41.4629 12.43917 40.30542 10.99946 39.00054 9.69458 37.56083 8.5371 36.00016 7.53312 34.32511 7.19003 34.53076 

4
31.67237 36.78101 29.88445 39.11488 32.21833 40.9028 34.00624 38.56893 

4
40.12781 46.51661 42.87011 46.88624 43.23975 44.14394 40.49744 43.7743 

3
47.85465 7.60164 44.06736 9.10466 46.33181 11.12851 

3
30.62245 12.38858 26.99444 10.53381 26.96726 13.57074 

3
21.05939 44.89278 21.67961 41.02897 18.89699 41.90343 

3
45.60521 36.87143 45.24426 40.76803 47.96231 39.7098 

102
18.29438 19.80726 17.37393 18.55043 17.35848 18.53137 17.34124 18.51392 17.32237 18.49824 17.30205 18.48449 17.28049 18.47279 17.25788 18.46326 17.23444 18.456 17.21041 18.45107 17.18601 18.44852 17.16147 18.44837 17.13704 18.45063 17.11295 18.45527 17.08943 18.46225 17.06671 18.4715 17.04501 18.48294 17.02452 18.49644 15.56599 19.56461 15.54693 19.58006 15.52948 19.5973 15.5138 19.61617 15.50005 19.63649 15.48836 19.65806 15.47883 19.68067 15.47157 19.7041 15.46664 19.72813 15.46409 19.75253 15.46394 19.77707 15.46619 19.8015 15.47084 19.82559 15.47782 19.84911 15.48707 19.87183 15.4985 19.89354 15.51201 19.91402 15.52746 19.93308 15.5447 19.95053 15.56357 19.96621 15.58389 19.97996 15.60546 19.99165 15.62807 20.00118 15.6515 20.00844 15.67553 20.01337 15.69993 20.01592 15.72447 20.01607 15.7489 20.01381 15.77299 20.00917 15.79651 20.00219 15.81923 19.99294 15.84094 19.98151 15.86142 19.968 17.11825 19.04755 18.03871 20.30438 18.05416 20.32344 18.0714 20.34089 18.09027 20.35657 18.11059 20.37033 18.13215 20.38202 18.15476 20.39155 18.1782 20.39881 18.20223 20.40374 18.22663 20.40629 18.25117 20.40644 18.27559 20.40418 18.29969 20.39954 18.32321 20.39256 18.34593 20.38331 18.36763 20.37187 18.38812 20.35837 21.30518 18.22204 21.32424 18.20659 21.34169 18.18934 21.35737 18.17047 21.37112 18.15016 21.38281 18.12859 21.39234 18.10598 21.3996 18.08254 21.40453 18.05851 21.40709 18.03411 21.40723 18.00958 21.40498 17.98515 21.40033 17.96106 21.39335 17.93754 21.3841 17.91481 21.37267 17.89311 21.35916 17.87263 21.34371 17.85357 21.32647 17.83612 21.3076 17.82044 21.28728 17.80669 21.26571 17.79499 21.2431 17.78547 21.21967 17.7782 21.19564 17.77327 21.17124 17.77072 21.1467 17.77057 21.12227 17.77283 21.09818 17.77747 21.07466 17.78445 21.05194 17.7937 21.03023 17.80514 21.00975 17.81865 

136
10.59398 4.90135 9.91322 5.94971 8.86486 5.26895 8.84365 5.25662 8.82134 5.24642 8.79813 5.23846 8.77426 5.23281 8.74994 5.22953 8.72543 5.22865 8.70094 5.23017 8.67672 5.23409 8.653 5.24036 8.63001 5.24893 8.60797 5.25971 8.5871 5.2726 8.56759 5.28747 8.54963 5.30419 8.53339 5.32258 8.51903 5.34247 8.5067 5.36368 8.4965 5.386 8.48854 5.4092 8.48289 5.43308 8.47961 5.45739 8.47873 5.48191 8.48025 5.50639 8.48417 5.53061 8.49045 5.55433 8.49901 5.57732 8.50979 5.59936 8.52268 5.62024 8.53755 5.63975 8.55427 5.65771 8.57266 5.67394 8.59256 5.6883 9.64092 6.36906 8.96016 7.41742 8.94783 7.43863 8.93763 7.46094 8.92967 7.48415 8.92402 7.50802 8.92074 7.53234 8.91986 7.55686 8.92138 7.58134 8.9253 7.60556 8.93157 7.62928 8.94014 7.65227 8.95092 7.67431 8.96381 7.69518 8.97868 7.7147 8.99539 7.73266 9.01379 7.74889 9.03368 7.76325 9.05489 7.77558 9.0772 7.78578 9.10041 7.79374 9.12428 7.79939 9.1486 7.80267 9.17312 7.80355 9.1976 7.80203 9.22182 7.79811 9.24554 7.79184 9.26853 7.78327 9.29057 7.77249 9.31144 7.7596 9.33096 7.74473 9.34892 7.72801 9.36515 7.70962 9.37951 7.68973 10.06027 6.64136 11.10863 7.32212 11.12984 7.33446 11.15215 7.34465 11.17536 7.35261 11.19923 7.35826 11.22355 7.36154 11.24806 7.36243 11.27255 7.3609 11.29677 7.35698 11.32049 7.35071 11.34348 7.34214 11.36551 7.33136 11.38639 7.31847 11.4059 7.3036 11.42386 7.28689 11.4401 7.2685 11.45445 7.2486 11.46679 7.22739 11.47699 7.20508 11.48495 7.18187 11.4906 7.158 11.49388 7.13368 11.49476 7.10917 11.49323 7.08468 11.48932 7.06046 11.48304 7.03674 11.47448 7.01375 11.4637 6.99171 11.45081 6.97084 11.43594 6.95133 11.41922 6.93337 11.40083 6.91713 11.38093 6.90277 10.33257 6.22202 11.01333 5.17365 11.02566 5.15244 11.03586 5.13013 11.04382 5.10692 11.04947 5.08305 11.05275 5.05874 11.05363 5.03422 11.05211 5.00973 11.04819 4.98551 11.04192 4.96179 11.03335 4.93881 11.02257 4.91677 11.00968 4.89589 10.99481 4.87638 10.9781 4.85842 10.9597 4.84218 10.93981 4.82783 10.9186 4.81549 10.89629 4.80529 10.87308 4.79733 10.8492 4.79168 10.82489 4.7884 10.80037 4.78752 10.77589 4.78905 10.75167 4.79297 10.72795 4.79924 10.70496 4.80781 10.68292 4.81859 10.66205 4.83147 10.64253 4.84635 10.62457 4.86306 10.60834 4.88145 

84
26.18559 30.78738 27.00967 29.37828 27.021 29.35652 27.03014 29.33375 27.03701 29.3102 27.04154 29.28609 27.04368 29.26165 27.04341 29.23711 27.04075 29.21273 27.0357 29.18872 27.02833 29.16532 27.01869 29.14275 27.0069 29.12124 26.99305 29.10099 26.97728 29.0822 26.95975 29.06504 26.94061 29.04968 26.92007 29.03627 26.89831 29.02494 26.87554 29.01579 26.85199 29.00892 26.82788 29.0044 26.80344 29.00226 26.7789 29.00252 26.75452 29.00519 26.73051 29.01023 26.70711 29.01761 26.68454 29.02724 26.66303 29.03904 26.64278 29.05289 26.62399 29.06865 26.60683 29.08619 26.59147 29.10532 26.57806 29.12586 25.62777 30.75077 25.61644 30.77253 25.6073 30.7953 25.60043 30.81885 25.5959 30.84297 25.59376 30.86741 25.59403 30.89194 25.59669 30.91633 25.60174 30.94034 25.60911 30.96374 25.61875 30.9863 25.63054 31.00781 25.64439 31.02806 25.66016 31.04686 25.6777 31.06402 25.69683 31.07938 25.71737 31.09279 27.34228 32.04307 27.36404 32.0544 27.38681 32.06354 27.41036 32.07041 27.43447 32.07494 27.45891 32.07708 27.48345 32.07682 27.50783 32.07415 27.53184 32.0691 27.55524 32.06173 27.57781 32.0521 27.59932 32.0403 27.61957 32.02645 27.63836 32.01068 27.65553 31.99315 27.67088 31.97402 27.68429 31.95347 27.69562 31.93171 27.70477 31.90895 27.71164 31.88539 27.71616 31.86128 27.71831 31.83684 27.71804 31.81231 27.71537 31.78792 27.71033 31.76391 27.70295 31.74051 27.69332 31.71795 27.68152 31.69644 27.66767 31.67618 27.65191 31.65739 27.63437 31.64023 27.61524 31.62487 27.5947 31.61146 

84
18.79927 28.86497 19.43008 30.28938 19.4411 30.3113 19.45422 30.33203 19.46931 30.35138 19.48622 30.36915 19.50479 30.38519 19.52484 30.39932 19.54618 30.41142 19.56861 30.42137 19.5919 30.42907 19.61584 30.43446 19.64019 30.43747 19.66471 30.43808 19.68918 30.43628 19.71336 30.4321 19.737 30.42556 19.7599 30.41674 19.78181 30.40572 19.80255 30.3926 19.82189 30.37751 19.83967 30.3606 19.8557 30.34203 19.86983 30.32198 19.88193 30.30063 19.89188 30.27821 19.89959 30.25491 19.90497 30.23098 19.90798 30.20663 19.90859 30.1821 19.9068 30.15764 19.90261 30.13346 19.89607 30.10981 19.88725 30.08692 19.15522 28.43392 19.14419 28.412 19.13108 28.39127 19.11599 28.37192 19.09908 28.35415 19.08051 28.33812 19.06045 28.32398 19.03911 28.31188 19.01668 28.30193 18.99339 28.29423 18.96946 28.28885 18.94511 28.28584 18.92058 28.28522 18.89611 28.28702 18.87194 28.29121 18.84829 28.29774 18.8254 28.30656 17.1724 29.0386 17.15048 29.04962 17.12975 29.06274 17.1104 29.07783 17.09263 29.09474 17.07659 29.11331 17.06246 29.13336 17.05036 29.15471 17.04041 29.17713 17.03271 29.20043 17.02732 29.22436 17.02431 29.24871 17.0237 29.27324 17.0255 29.2977 17.02968 29.32188 17.03622 29.34553 17.04504 29.36842 17.05606 29.39034 17.06918 29.41107 17.08427 29.43042 17.10118 29.44819 17.11975 29.46422 17.1398 29.47835 17.16115 29.49045 17.18357 29.5004 17.20687 29.50811 17.2308 29.51349 17.25515 29.5165 17.27968 29.51711 17.30414 29.51532 17.32832 29.51113 17.35197 29.5046 17.37486 29.49578 

84
25.16752 17.06904 25.92398 18.43089 25.93693 18.45172 25.95186 18.47119 25.96863 18.4891 25.98707 18.50528 26.00701 18.51958 26.02825 18.53185 26.0506 18.54198 26.07383 18.54987 26.09772 18.55544 26.12204 18.55865 26.14656 18.55946 26.17105 18.55786 26.19525 18.55387 26.21895 18.54752 26.24192 18.53889 26.26392 18.52804 26.28476 18.51509 26.30423 18.50016 26.32213 18.48339 26.33832 18.46495 26.35261 18.44501 26.36488 18.42376 26.37501 18.40142 26.3829 18.37819 26.38848 18.3543 26.39169 18.32997 26.39249 18.30545 26.39089 18.28097 26.3869 18.25676 26.38056 18.23307 26.37192 18.2101 26.36107 18.1881 25.48322 16.6077 25.47027 16.58686 25.45534 16.56739 25.43857 16.54948 25.42013 16.5333 25.40019 16.51901 25.37894 16.50674 25.3566 16.49661 25.33337 16.48872 25.30948 16.48314 25.28515 16.47993 25.26063 16.47913 25.23615 16.48072 25.21194 16.48472 25.18824 16.49106 25.16528 16.4997 25.14328 16.51054 23.56288 17.3884 23.54204 17.40135 23.52257 17.41628 23.50466 17.43305 23.48848 17.45149 23.47419 17.47143 23.46192 17.49268 23.45179 17.51502 23.4439 17.53825 23.43832 17.56214 23.43511 17.58647 23.4343 17.61099 23.4359 17.63547 23.43989 17.65967 23.44624 17.68337 23.45488 17.70634 23.46572 17.72834 23.47867 17.74918 23.49361 17.76865 23.51037 17.78656 23.52882 17.80274 23.54875 17.81703 23.57 17.8293 23.59234 17.83943 23.61557 17.84732 23.63947 17.8529 23.66379 17.85611 23.68831 17.85691 23.71279 17.85532 23.737 17.85132 23.7607 17.84498 23.78366 17.83634 23.80567 17.8255 

84
32.66646 22.69315 32.92778 24.22892 32.93308 24.25288 32.9407 24.2762 32.95057 24.29866 32.96259 24.32004 32.97665 24.34015 32.99262 24.35878 33.01033 24.37575 33.02962 24.39091 33.05031 24.4041 33.07219 24.4152 33.09505 24.42411 33.11867 24.43073 33.14283 24.435 33.16729 24.43689 33.19182 24.43636 33.21618 24.43344 33.24013 24.42814 33.26345 24.42052 33.28591 24.41065 33.3073 24.39863 33.32741 24.38457 33.34603 24.36861 33.36301 24.35089 33.37817 24.3316 33.39136 24.31092 33.40246 24.28904 33.41137 24.26618 33.41799 24.24255 33.42226 24.21839 33.42414 24.19393 33.42362 24.1694 33.4207 24.14505 33.11744 22.36282 33.11214 22.33887 33.10452 22.31555 33.09465 22.29308 33.08263 22.2717 33.06856 22.25159 33.0526 22.23296 33.03489 22.21599 33.0156 22.20083 32.99491 22.18764 32.97303 22.17654 32.95017 22.16763 32.92655 22.16101 32.90239 22.15674 32.87793 22.15486 32.8534 22.15538 32.82904 22.1583 31.04682 22.46156 31.02286 22.46686 30.99954 22.47448 30.97708 22.48435 30.95569 22.49637 30.93559 22.51043 30.91696 22.5264 30.89998 22.54411 30.88483 22.5634 30.87163 22.58409 30.86053 22.60597 30.85163 22.62883 30.84501 22.65245 30.84073 22.67661 30.83885 22.70107 30.83937 22.7256 30.8423 22.74996 30.84759 22.77391 30.85521 22.79723 30.86508 22.8197 30.87711 22.84108 30.89117 22.86119 30.90713 22.87982 30.92484 22.89679 30.94414 22.91195 30.96482 22.92514 30.9867 22.93624 31.00956 22.94515 31.03318 22.95177 31.05734 22.95604 31.0818 22.95792 31.10633 22.9574 31.13069 22.95448 

