45.0 35.0
44.0 35.5
43.2 36.3
42.1 36.8
40.9 37.1
39.7 36.9
38.5 36.6
37.5 36.0
36.8 35.1
36.4 34.0
36.5 32.9
37.0 31.8
37.6 30.6
38.1 29.4
38.4 28.1
38.7 26.9
39.0 25.7
38.5 24.6
37.6 23.9
36.6 23.4
36.0 22.2
35.9 21.0
36.2 19.8
35.7 18.9
34.8 18.2
34.1 17.2
33.8 16.0
33.2 14.8
32.1 14.2
30.9 13.8
30.4 12.7
30.6 11.6
31.2 10.5
31.9 9.6
30.7 9.0
29.5 9.0
28.4 9.1
27.3 8.8
26.2 8.2
25.3 7.5
24.0 7.5
22.9 8.0
21.7 8.4
20.4 8.6
19.4 8.4
18.7 7.2
18.5 6.0
18.4 4.7
18.6 3.5
18.2 2.5
17.0 2.3
15.7 2.2
15.3 3.2
