4.0 37.0
4.9 36.4
5.1 35.2
5.5 34.1
6.1 33.1
6.6 31.9
7.3 30.8
8.3 30.3
9.5 30.1
10.8 30.1
12.1 30.3
13.4 30.5
14.5 30.9
15.7 31.4
15.6 30.4
16.6 30.6
16.5 31.9
15.8 33.0
15.0 33.9
14.0 34.8
13.1 35.6
14.0 36.4
15.1 36.4
16.3 36.1
17.4 36.1
18.5 36.3
19.2 35.4
19.4 34.3
20.5 33.8
21.5 34.3
22.6 35.0
23.7 35.7
24.7 36.1
25.7 35.6
26.4 34.7
27.4 34.0
28.6 33.5
29.8 33.2
31.1 32.9
32.4 32.5
33.3 31.6
33.6 30.4
33.6 29.2
34.0 28.2
34.7 27.3
35.7 26.5
36.3 25.5
35.9 24.5
35.3 23.4
35.0 22.2
34.9 21.1
34.3 20.1
33.4 19.3
33.1 18.3
33.8 17.2
34.8 16.6
35.6 15.7
35.7 14.5
36.2 13.5
36.9 12.5
37.7 11.5
38.3 10.4
39.0 9.3
39.6 8.2
39.5 7.2
38.6 6.7
37.3 6.5
36.1 6.5
35.1 6.0
34.8 4.7
