4.0 37.0
3.0 36.7
4.0 36.1
5.0 35.5
5.5 34.6
5.8 33.4
5.9 32.1
5.8 30.8
6.0 29.6
6.7 28.7
7.8 28.8
9.0 29.3
10.1 30.0
11.1 30.5
12.3 30.6
13.5 30.4
14.7 30.0
15.8 29.3
16.9 29.9
17.3 30.9
17.3 32.1
17.9 33.1
19.0 33.6
20.2 33.7
21.4 33.5
22.6 33.7
23.7 34.2
24.7 34.8
25.7 34.5
26.5 33.6
27.2 32.7
27.9 31.8
28.2 30.7
28.1 29.6
27.5 28.7
26.5 27.9
25.6 27.3
25.1 26.1
25.2 24.9
25.6 23.6
26.1 22.4
26.7 21.3
27.3 20.2
28.0 19.1
28.8 18.1
29.6 17.1
30.1 16.1
30.9 15.2
31.9 14.5
32.9 13.6
33.8 12.6
34.8 11.8
35.9 11.1
36.9 10.3
37.8 9.5
38.2 8.5
38.2 7.3
37.6 6.4
36.6 6.0
35.4 6.0
34.9 5.0
