4.0 37.0
3.4 35.9
2.5 36.5
1.9 37.5
1.7 38.7
1.5 39.9
1.3 41.1
1.3 42.3
1.6 43.6
2.1 44.8
2.7 45.7
3.7 46.5
4.8 47.3
6.1 47.5
7.4 47.3
8.7 47.0
9.7 46.7
10.2 45.8
10.1 44.6
9.6 43.5
9.3 42.5
9.5 41.4
10.0 40.3
10.8 39.2
11.6 38.2
12.4 37.5
13.6 37.5
14.8 37.9
16.0 37.8
16.9 37.0
17.7 36.1
18.9 35.5
20.1 35.0
21.3 34.6
22.5 34.1
23.5 33.1
24.0 32.0
24.7 30.9
25.6 29.9
26.3 29.0
26.2 27.9
25.6 26.8
25.1 25.8
25.0 24.6
24.7 23.6
23.9 22.6
23.2 21.5
23.2 20.2
23.6 18.9
24.2 17.8
25.0 16.8
25.9 16.0
27.0 15.4
27.6 14.2
27.8 13.2
28.8 12.6
29.9 12.5
31.1 12.8
32.2 12.6
33.0 11.8
33.5 10.6
34.3 9.7
35.5 9.4
36.7 9.3
37.9 9.4
38.1 8.3
37.5 7.4
36.5 6.6
35.5 5.9
34.6 5.3
