47.0 25.0
47.7 24.1
47.4 23.0
46.8 21.9
46.1 20.8
45.5 19.7
44.9 18.5
44.5 17.3
44.5 16.0
44.7 14.9
44.7 13.8
43.8 13.1
43.0 12.2
41.9 11.4
40.8 10.8
39.7 10.1
38.8 9.2
38.0 8.2
37.0 8.0
36.2 8.7
35.3 9.7
34.4 10.5
33.4 11.3
32.3 12.1
31.4 12.7
30.2 13.1
28.9 13.3
27.6 13.3
26.4 13.4
25.2 13.8
24.0 14.1
22.7 14.2
21.4 14.2
20.2 14.4
18.9 14.6
17.8 15.3
17.2 16.4
16.4 17.3
15.3 17.9
14.2 18.4
13.5 19.2
13.1 20.3
12.9 21.6
12.9 22.9
12.9 24.2
13.0 25.5
13.2 26.7
13.7 27.8
14.4 28.9
14.9 30.0
14.9 31.2
14.5 32.5
