40.0 10.0
41.1 10.0
40.1 10.1
39.2 10.6
38.0 11.0
36.9 11.6
35.8 12.2
34.8 12.6
33.7 12.5
32.5 12.0
31.4 11.4
30.3 10.6
29.3 9.9
28.0 9.6
26.8 9.9
25.4 9.7
24.3 9.1
23.4 8.3
22.4 7.6
21.3 7.4
20.2 7.6
19.0 8.1
17.9 8.8
16.9 9.6
16.0 10.5
14.8 10.7
13.7 10.4
12.6 9.9
11.6 9.1
10.4 9.0
9.4 9.7
8.6 10.6
7.9 11.7
7.7 12.7
7.8 13.9
8.3 14.9
9.2 15.8
10.3 16.5
11.4 17.2
12.4 18.0
13.4 18.6
14.6 19.0
15.8 19.1
17.1 19.2
18.3 19.6
19.0 20.4
19.4 21.5
19.5 22.8
19.4 24.0
19.1 25.3
18.8 26.6
18.5 27.9
18.7 29.2
19.6 29.7
20.7 30.0
21.4 30.8
21.3 31.9
20.9 33.0
20.1 34.1
19.8 35.1
19.7 36.3
19.9 37.5
20.3 38.8
