47.0 35.0
46.1 34.5
45.1 34.2
46.1 33.4
46.6 32.4
46.4 31.3
45.8 30.2
45.2 29.1
44.8 27.8
44.4 26.6
44.2 25.3
43.9 24.3
43.0 23.8
41.8 23.8
40.7 24.2
39.6 24.9
38.5 25.5
37.4 26.2
36.4 26.9
35.4 27.8
34.3 28.4
33.1 28.7
31.9 28.7
30.8 28.2
29.8 27.6
28.5 27.7
27.2 27.8
25.9 27.5
24.7 27.1
23.4 26.6
22.2 26.2
21.0 26.1
19.8 26.5
18.8 27.0
17.7 26.7
17.0 25.8
16.0 25.3
14.8 25.9
14.1 26.9
12.9 26.4
11.7 25.8
10.8 25.2
10.4 24.0
9.8 22.9
9.3 21.9
9.9 21.0
10.9 20.5
12.2 20.2
13.5 20.0
14.8 19.8
16.1 19.6
17.2 19.0
18.2 18.2
