4.0 13.0
4.9 13.8
5.1 15.0
5.5 16.1
6.2 17.3
6.9 18.3
7.7 19.3
8.7 19.9
9.8 19.7
10.9 19.3
12.1 19.4
13.0 20.1
13.6 21.1
14.6 20.7
15.3 19.7
15.7 18.5
16.0 17.3
16.6 16.4
18.0 16.5
19.0 17.0
20.4 16.9
21.4 16.3
22.3 15.4
23.3 14.6
24.2 13.7
25.1 13.0
26.3 12.5
27.4 12.0
28.5 11.3
29.5 10.6
30.7 10.4
32.0 10.5
33.3 10.7
34.6 10.9
35.9 11.1
36.9 11.2
37.7 10.3
37.9 9.1
37.7 7.9
37.8 6.8
38.5 5.9
39.0 4.7
39.3 3.5
39.5 2.4
40.7 2.1
41.8 2.5
43.2 2.7
44.3 2.9
45.5 3.5
46.4 4.3
47.1 5.4
47.7 6.5
48.2 7.8
48.6 9.0
48.5 10.2
47.9 11.2
46.9 12.0
45.8 12.5
