4.0 13.0
5.0 12.8
4.2 12.0
3.2 11.8
2.1 11.5
1.7 10.3
1.7 9.1
2.0 7.8
2.5 6.6
3.2 5.6
4.1 4.9
5.2 4.5
6.1 4.0
7.1 3.1
8.1 2.3
9.5 2.4
10.6 3.0
11.6 3.7
12.5 4.6
13.0 5.7
12.4 6.6
11.4 7.1
10.2 7.3
10.4 8.4
11.2 9.2
12.4 9.7
13.6 10.1
14.5 10.6
14.9 11.6
15.1 12.8
15.1 14.1
15.3 15.3
15.9 16.4
16.6 17.5
17.7 18.1
18.9 18.1
20.0 17.7
21.0 17.0
22.1 16.2
23.2 15.5
24.3 14.8
25.2 14.3
26.2 14.5
27.4 14.8
28.7 15.1
29.8 15.5
30.7 16.3
31.4 17.2
32.3 18.0
33.3 18.8
34.3 19.4
35.5 19.7
36.8 19.9
38.0 20.4
39.2 20.9
40.4 20.9
41.4 20.2
42.4 19.5
43.2 18.7
43.8 17.8
44.0 16.7
43.7 15.4
43.4 14.3
43.6 13.2
