25.0 25.0
25.5 23.9
25.7 22.9
25.0 22.0
24.7 20.9
24.6 19.9
23.9 19.0
23.3 18.0
22.4 17.3
21.4 17.5
20.2 18.1
19.2 18.8
18.3 19.7
17.4 20.6
16.8 21.7
16.7 22.7
17.0 23.9
17.6 24.9
18.1 25.8
18.0 26.9
17.9 28.0
18.1 29.2
18.5 30.4
19.0 31.5
19.9 32.4
20.1 33.4
19.6 34.3
18.7 34.8
17.5 34.7
16.2 34.4
15.0 33.9
13.9 33.4
13.3 32.2
13.3 31.1
13.0 29.9
12.0 29.4
10.9 29.8
10.2 30.7
9.6 31.9
9.3 33.1
9.1 34.2
9.5 35.3
10.1 36.3
10.4 37.5
10.6 38.7
10.6 40.0
10.5 41.2
9.4 41.4
8.5 40.6
7.3 41.1
6.7 42.2
6.5 43.4
6.0 44.3
