25.0 25.0
25.1 26.0
26.1 26.3
27.1 25.9
28.0 25.0
28.5 23.6
28.6 22.4
28.7 21.1
28.8 19.8
29.4 18.7
30.4 18.0
31.6 17.5
32.9 17.2
34.1 16.8
35.1 16.9
35.9 17.6
36.2 18.7
36.3 20.0
36.4 21.3
36.7 22.4
37.2 23.6
37.8 24.7
37.9 26.0
37.4 27.0
36.8 28.1
36.3 29.3
35.9 30.5
35.5 31.5
34.3 31.6
33.3 31.2
32.6 32.1
32.6 33.2
33.0 34.4
32.0 34.8
30.8 34.7
29.8 35.6
29.3 36.6
28.0 37.0
26.8 36.9
25.7 36.6
24.5 37.1
23.6 38.0
22.5 38.6
21.4 38.9
20.3 39.5
19.3 40.3
18.5 41.1
18.4 42.3
18.9 43.4
19.7 44.3
19.0 45.2
17.8 45.2
16.6 44.9
15.3 44.8
14.0 45.0
12.9 45.2
11.9 44.9
10.9 44.5
10.1 45.6
8.8 45.6
7.9 44.8
7.2 43.8
6.1 43.5
5.3 44.2
