5.0 15.0
5.6 16.0
5.5 17.1
6.5 17.3
7.6 16.8
8.6 16.0
9.6 15.1
10.4 14.1
11.2 13.1
12.1 13.8
12.4 14.9
12.4 16.2
12.9 17.3
13.8 17.8
15.0 18.4
16.0 19.2
17.0 20.0
18.1 20.7
19.1 21.2
20.4 21.4
21.7 21.5
23.0 21.8
24.1 22.2
25.0 22.9
25.8 23.9
26.2 24.9
26.8 26.0
27.5 27.1
28.7 27.4
29.6 26.8
30.4 25.8
30.9 24.7
31.6 23.6
32.6 23.1
33.8 22.9
35.0 22.9
36.1 22.8
37.1 22.3
37.8 21.3
38.4 20.5
39.6 20.9
40.4 21.8
41.3 22.8
42.2 23.7
43.2 24.6
44.1 25.4
44.3 26.7
44.4 27.9
44.8 29.1
45.1 30.4
45.2 31.6
45.1 32.9
44.8 34.2
