3.5 46.0
3.3 44.8
2.8 43.8
2.9 42.8
3.6 41.8
4.5 41.1
5.6 40.4
6.1 39.2
5.8 38.1
5.1 36.9
4.3 35.9
3.6 35.1
3.9 34.0
3.9 32.9
4.0 31.7
4.2 30.4
4.6 29.4
5.4 28.7
6.6 28.3
7.8 28.0
9.0 27.5
10.1 26.9
11.2 26.9
12.4 27.2
13.4 27.6
14.5 27.5
15.7 27.1
16.8 26.5
17.8 25.9
19.1 25.7
20.3 25.7
21.4 26.1
22.5 26.8
23.4 27.6
24.5 27.8
25.8 27.4
27.0 26.9
28.2 26.3
29.4 25.9
30.7 25.6
32.0 25.3
33.3 25.0
34.5 24.7
35.8 24.5
36.8 24.0
37.4 23.1
38.0 22.0
38.8 21.0
39.0 19.8
38.6 18.7
37.8 17.8
38.2 16.8
39.5 16.5
40.7 16.0
41.7 15.6
42.8 15.7
44.0 16.2
45.0 16.9
46.0 17.7
