25.0 5.0
25.9 5.8
25.9 6.9
25.7 8.2
25.2 9.4
25.1 10.4
25.3 11.6
25.9 12.6
26.8 13.6
27.8 14.3
28.9 15.0
30.1 15.6
30.5 16.7
29.8 17.5
28.8 18.2
27.8 19.0
27.1 20.0
26.5 21.1
26.0 22.2
26.0 23.3
26.3 24.5
26.3 25.8
25.8 26.8
24.7 27.3
23.8 27.8
23.9 29.0
24.5 30.1
25.3 30.9
26.4 31.2
27.5 30.9
28.5 30.4
29.4 31.3
29.7 32.4
29.7 33.6
30.5 34.5
31.5 35.0
32.7 35.1
33.8 35.4
34.9 36.1
35.8 36.9
36.3 38.1
36.3 39.3
36.6 40.4
37.0 41.6
36.6 42.7
35.9 43.8
35.1 44.8
33.9 45.3
32.7 45.2
31.6 44.8
30.4 44.3
29.3 43.7
28.1 43.2
26.8 42.8
25.9 43.4
