25.0 47.5
25.9 47.0
26.1 45.7
26.3 44.5
27.2 43.7
27.6 42.5
27.5 41.5
28.6 41.8
30.1 41.7
31.0 41.0
31.7 40.0
32.4 38.9
33.1 37.8
33.6 36.7
34.0 35.4
34.2 34.2
34.3 32.9
34.5 31.9
35.2 31.0
36.3 30.4
37.4 29.8
38.0 28.8
37.8 27.6
37.3 26.5
36.6 25.4
36.0 24.5
36.5 23.6
37.1 22.8
37.0 21.6
36.4 20.5
35.6 19.4
35.0 18.3
34.4 17.3
33.5 16.6
32.5 16.1
32.5 14.8
33.1 13.8
33.9 12.9
34.9 12.1
35.7 11.4
35.4 10.1
34.5 9.3
33.4 8.6
32.2 8.2
31.1 7.7
30.1 7.0
29.7 6.0
29.0 5.2
28.0 4.6
27.2 4.0
28.0 2.9
29.1 2.2
30.1 2.1
31.3 2.4
32.4 2.9
33.5 3.7
34.5 4.5
35.5 5.4
36.5 6.2
37.4 7.0
38.4 7.8
39.4 8.7
40.4 9.6
41.3 10.6
42.2 11.6
43.0 12.6
43.8 13.6
45.0 13.7
46.1 13.3
47.1 13.9
47.6 15.0
47.7 16.2
47.8 17.5
48.1 18.7
48.0 19.8
47.5 20.8
46.7 21.8
45.9 22.6
45.6 23.6
45.8 24.7
46.1 25.9
