25.0 25.0
25.9 25.5
26.2 26.5
26.0 27.7
25.6 29.0
25.1 30.2
24.6 31.4
24.0 32.3
23.1 32.9
22.0 33.1
21.0 32.3
20.6 31.1
20.4 29.9
20.0 28.7
19.4 27.6
18.8 26.5
18.6 25.4
18.6 24.1
18.7 22.8
19.0 21.5
19.3 20.3
19.6 19.0
19.9 17.8
19.8 16.7
19.3 15.6
18.8 14.7
18.7 13.5
19.0 12.3
19.5 11.1
20.1 10.0
20.3 8.8
20.4 7.7
21.1 6.9
22.2 6.6
23.5 6.7
24.8 7.1
26.0 7.5
27.2 8.0
28.4 8.7
29.4 9.4
30.4 10.0
31.7 10.4
32.9 10.6
34.2 10.7
35.5 11.2
36.4 12.0
37.2 13.0
37.9 14.0
38.6 15.1
39.1 16.2
39.4 17.5
39.7 18.7
40.0 20.0
40.3 21.3
40.6 22.6
41.2 23.7
