45.0 25.0
44.4 25.8
43.5 26.5
42.4 26.9
41.2 26.6
40.3 25.7
39.6 24.6
39.0 23.5
37.9 23.1
37.1 24.2
36.7 25.3
35.7 25.9
34.6 25.8
33.3 25.5
32.0 25.3
30.7 25.2
29.4 25.0
28.1 25.0
26.8 25.0
25.7 24.6
24.6 23.9
23.5 23.4
22.3 23.0
21.3 23.1
20.2 23.6
19.0 23.9
18.0 23.5
17.0 22.7
16.1 21.7
15.3 20.7
14.6 19.7
13.9 18.7
12.9 17.8
11.9 17.0
10.7 16.3
9.6 15.7
8.4 15.1
7.3 14.5
6.3 14.4
5.1 14.7
4.0 15.2
3.2 15.8
2.6 16.8
2.4 18.1
2.5 19.4
2.6 20.7
2.8 22.0
3.3 22.9
4.3 23.3
5.4 23.2
6.6 23.8
7.3 24.6
6.6 25.4
