47.0 3.5
46.2 4.3
45.2 4.7
44.0 4.6
42.7 4.3
41.7 4.2
41.2 5.1
40.8 6.2
40.7 7.5
40.3 8.7
39.8 9.9
39.3 11.0
39.1 12.3
39.1 13.4
39.6 14.5
40.4 15.4
41.3 16.2
41.8 17.2
41.9 18.3
41.8 19.4
41.1 20.2
40.0 20.7
38.9 21.3
37.9 22.1
37.0 23.1
36.1 24.0
35.1 24.1
33.9 23.7
32.8 23.0
31.9 22.5
30.7 22.5
29.4 22.8
28.2 23.3
27.0 23.6
25.8 23.8
24.7 24.2
23.6 24.8
22.6 25.6
21.6 26.4
20.6 27.2
19.5 27.9
18.4 28.5
17.3 28.8
16.1 28.7
15.0 28.2
13.8 28.3
12.6 28.6
11.5 28.5
10.4 28.0
9.4 27.1
8.6 26.2
7.7 25.5
6.6 25.3
5.6 25.7
5.1 26.6
5.1 27.8
5.1 28.9
4.5 30.0
3.7 30.8
2.9 31.7
2.3 32.7
2.1 33.9
2.3 35.0
