25.0 4.0
25.6 3.0
24.5 2.9
23.9 3.9
23.4 5.2
23.1 6.5
23.0 7.5
23.7 8.3
24.6 9.0
25.2 10.0
25.5 11.1
25.3 12.2
24.7 13.3
24.0 14.4
23.2 15.2
22.2 15.7
21.0 16.0
19.9 16.6
18.9 17.5
18.1 18.3
17.8 19.3
18.0 20.5
18.2 21.6
16.9 21.9
15.7 22.1
15.3 23.1
15.1 24.3
15.2 25.6
15.4 26.9
15.7 28.0
15.3 29.0
15.5 30.2
16.3 30.8
17.3 31.7
17.5 32.8
17.4 34.0
16.9 35.1
16.1 35.9
14.9 36.4
15.0 37.5
16.1 38.1
17.3 38.2
18.5 38.5
19.7 38.8
20.8 39.0
21.8 38.7
22.7 37.9
23.6 37.4
24.8 37.3
26.1 37.4
27.3 37.7
28.5 38.2
29.4 39.0
30.3 39.5
31.4 39.6
32.5 39.2
33.6 38.4
34.5 37.5
35.4 36.8
36.3 37.7
36.8 38.8
37.2 39.9
37.9 40.8
38.8 41.5
39.9 42.2
40.6 43.0
40.3 44.0
39.4 44.8
39.6 46.0
40.6 46.7
41.8 46.9
43.1 46.9
44.3 46.8
