41.5 20.0
41.0 18.9
40.3 17.7
39.8 16.6
38.7 16.0
37.7 15.9
36.8 16.7
36.5 17.9
36.6 19.2
37.0 20.5
35.9 20.6
35.5 21.7
35.6 22.8
35.7 23.8
35.7 25.1
35.8 26.4
35.9 27.7
36.1 29.0
36.3 30.3
36.3 31.5
36.1 32.7
35.6 33.7
34.7 34.4
33.6 34.9
32.4 35.1
31.1 35.1
29.8 35.0
29.5 36.1
30.0 37.1
30.8 38.1
31.4 39.1
31.6 40.2
30.5 41.0
29.3 41.2
28.0 41.3
26.7 41.2
25.4 41.2
24.2 41.2
22.9 41.1
21.6 41.2
20.3 41.4
19.0 41.7
17.9 41.8
17.0 40.8
16.7 39.7
15.5 39.8
14.9 40.8
14.5 41.8
13.5 42.2
12.4 42.1
11.2 41.6
10.2 40.9
10.1 41.9
