42.5 42.0
43.0 41.1
42.0 40.3
40.9 40.4
39.9 41.1
38.8 41.7
37.7 42.3
36.6 42.9
35.4 43.4
34.3 43.9
33.2 44.6
32.3 45.2
31.0 45.1
30.1 44.6
29.6 43.7
29.6 42.5
30.3 41.6
31.2 40.8
32.3 40.2
33.5 39.6
34.5 39.0
35.3 38.1
35.6 37.1
35.5 35.9
35.1 34.7
34.5 33.5
34.3 32.3
34.7 31.2
35.4 30.2
36.3 29.2
37.2 28.3
37.6 27.3
37.6 26.1
37.4 24.8
37.0 23.6
36.4 22.4
35.8 21.3
35.1 20.1
34.4 19.0
33.6 18.0
32.8 16.9
32.1 15.9
31.9 14.9
32.0 13.6
32.4 12.4
33.0 11.3
34.2 11.3
35.2 12.0
35.9 12.9
36.7 13.8
37.8 14.3
38.9 14.4
40.0 14.1
41.0 13.4
41.9 12.6
42.8 11.6
43.6 10.6
44.4 9.7
43.7 8.9
42.6 8.9
