5.0 5.0
6.3 5.0
7.4 5.2
8.6 5.6
9.8 5.6
10.8 5.0
12.0 5.1
12.9 5.7
13.7 6.6
14.3 7.7
14.7 8.9
15.4 9.9
16.4 10.3
17.6 10.4
18.8 10.1
20.0 9.6
21.2 9.3
22.5 9.2
23.7 9.3
24.7 9.7
25.2 10.9
25.1 12.0
25.0 13.1
26.2 13.5
27.4 13.3
28.5 12.9
29.7 12.5
30.6 13.0
31.2 13.9
31.8 15.1
32.4 16.3
32.9 17.5
33.7 18.2
35.0 17.8
36.0 18.2
36.3 19.3
36.2 20.5
36.1 21.6
36.6 22.5
37.4 23.5
38.1 24.5
38.6 25.6
39.3 26.7
40.2 27.5
41.3 28.2
42.3 28.7
42.7 27.6
42.4 26.5
41.9 25.4
41.2 24.3
40.8 23.1
41.1 22.1
41.9 21.3
42.3 20.2
42.4 19.0
42.2 17.8
42.2 16.5
42.3 15.2
43.1 14.5
44.1 14.9
