35.0 13.0
36.0 12.5
36.5 11.5
36.7 10.3
37.3 9.2
38.1 8.1
38.9 7.1
39.8 6.1
40.4 5.0
40.8 3.8
41.2 2.6
42.2 2.0
43.4 2.1
44.6 2.6
45.7 3.2
46.6 3.9
46.8 4.9
47.0 5.9
47.7 6.8
48.3 7.8
48.4 8.8
48.1 10.0
47.4 11.0
46.7 12.1
45.9 13.2
45.2 14.3
44.5 15.5
43.8 16.6
43.5 17.7
43.4 18.9
42.6 19.6
41.4 20.0
40.1 20.0
38.9 19.8
38.8 20.8
39.5 21.7
40.0 22.6
40.1 23.8
39.9 25.0
39.4 26.1
38.5 27.0
37.4 27.7
36.3 28.4
35.2 29.0
33.9 29.5
32.7 30.0
31.6 29.9
30.6 29.2
29.9 28.2
29.3 27.1
28.8 25.9
27.8 25.3
26.7 25.5
25.5 26.1
24.5 26.8
23.3 27.4
22.2 28.1
21.5 28.9
21.4 29.9
21.9 30.9
21.8 32.3
21.2 33.1
20.0 32.7
19.2 31.8
18.2 30.8
17.3 30.0
16.3 29.1
15.4 28.2
14.9 27.3
14.7 26.1
14.8 24.9
15.0 23.6
15.4 22.4
15.7 21.1
15.9 19.8
16.3 18.6
16.8 17.5
17.0 16.4
16.0 15.3
15.1 14.3
14.4 13.3
13.8 12.2
13.3 11.0
12.8 9.8
12.4 8.6
12.0 7.4
11.5 6.3
12.4 5.4
13.6 5.3
14.8 5.6
15.5 4.7
