33.5 3.5
34.4 4.0
35.7 3.6
36.9 4.1
37.4 5.2
37.8 6.4
38.1 7.7
38.4 8.9
39.0 10.1
39.6 11.3
40.2 12.2
39.5 13.3
38.9 14.3
39.3 15.3
40.1 16.2
40.9 17.0
40.7 18.3
40.0 19.3
39.6 20.4
39.7 21.7
40.6 22.5
41.7 22.8
42.7 23.4
43.5 24.4
44.0 25.4
43.8 26.4
43.0 27.1
41.9 27.5
40.6 27.9
39.3 28.3
38.1 28.6
36.8 28.9
36.0 28.0
36.5 27.0
36.4 26.0
35.5 25.4
34.3 25.1
33.1 24.7
31.9 24.1
30.9 23.3
29.9 22.5
29.0 21.5
28.2 20.5
27.5 19.5
27.1 18.3
26.9 17.1
27.0 15.8
27.3 14.6
27.8 13.3
28.2 12.1
28.7 10.8
28.6 9.7
27.9 8.9
26.8 8.2
25.6 7.8
25.0 6.8
25.6 5.8
25.7 4.6
