42.5 7.5
43.3 8.6
43.8 9.6
43.7 10.8
43.3 12.0
43.4 13.1
44.1 13.9
44.8 14.7
43.9 15.8
43.3 16.6
44.0 17.8
44.6 18.8
44.3 19.9
43.8 20.9
43.7 22.1
43.8 23.3
43.7 24.5
43.3 25.6
42.6 26.7
41.9 27.7
41.4 28.9
41.1 30.1
41.0 31.4
40.9 32.7
40.4 33.7
39.6 34.6
38.5 35.2
37.3 35.7
36.4 36.3
35.7 37.3
35.3 38.5
35.0 39.6
34.3 40.5
33.2 41.3
32.1 41.9
31.0 42.5
29.9 43.0
28.7 43.1
27.4 43.0
26.2 42.7
25.0 42.2
23.9 41.7
23.1 40.6
23.0 39.6
23.8 38.7
24.8 38.3
25.8 38.0
26.6 36.9
26.7 35.8
26.5 34.6
26.3 33.6
26.7 32.6
27.5 31.7
28.5 30.9
29.6 30.2
30.7 29.6
31.0 28.6
30.9 27.3
31.0 26.1
31.1 24.8
31.0 23.5
30.9 22.2
30.6 21.0
30.2 19.8
29.2 20.0
28.4 20.9
27.9 22.0
26.9 22.9
25.8 23.3
24.7 23.5
