42.5 7.5
41.3 7.2
40.1 6.8
38.9 6.5
37.8 6.2
36.5 5.7
35.4 5.4
34.1 5.4
32.9 5.6
31.8 6.1
30.8 6.9
29.9 7.7
28.8 8.3
27.6 8.7
26.3 8.9
25.0 9.1
23.8 9.1
22.5 9.4
21.4 9.6
20.2 9.3
18.9 9.2
17.6 9.1
16.3 9.1
15.1 9.3
14.4 10.2
14.0 11.4
13.5 12.6
13.0 13.8
12.5 14.9
11.7 15.7
10.8 16.5
10.3 17.6
10.0 18.7
10.6 19.5
11.6 20.1
12.7 20.3
13.9 20.2
15.2 19.9
16.2 19.5
16.9 20.3
17.0 21.3
16.8 22.5
16.4 23.7
16.5 24.9
17.1 25.8
17.9 26.9
18.6 28.0
19.3 29.1
20.2 29.9
21.4 30.2
22.4 30.6
23.4 31.5
24.2 32.5
25.2 33.1
26.2 32.7
27.1 31.9
27.9 30.8
28.6 29.8
28.8 28.6
28.3 27.6
27.4 26.6
26.4 25.8
