47.0 3.5
47.9 4.3
46.9 4.6
45.8 4.6
44.6 4.3
43.5 4.8
42.7 5.8
41.5 6.0
40.5 5.5
39.3 4.9
38.1 4.6
36.8 4.5
35.6 4.5
34.3 4.5
33.1 4.7
31.8 4.9
30.5 4.9
29.2 4.9
28.2 5.1
27.3 5.9
26.7 6.9
26.9 8.1
27.6 9.0
28.3 9.8
28.5 10.8
28.3 12.0
27.9 13.2
27.4 14.4
27.0 15.4
27.0 16.6
27.3 17.8
27.5 19.0
27.5 20.3
27.5 21.5
27.9 22.7
28.5 23.8
29.6 24.1
30.8 24.1
32.1 24.0
33.4 23.7
34.6 23.3
35.7 23.7
36.6 24.5
37.3 25.5
38.0 26.6
38.9 27.5
39.8 28.2
40.9 28.4
42.2 28.2
43.4 27.8
44.6 27.2
45.2 28.3
44.8 29.5
44.5 30.6
44.6 31.8
45.0 33.0
45.6 34.2
46.2 35.3
46.8 36.4
47.5 37.5
47.7 38.6
47.1 39.6
46.2 40.4
45.6 41.3
45.8 42.5
46.3 43.6
47.1 44.7
