47.0 3.5
45.9 3.1
44.9 3.2
43.9 4.1
42.7 4.5
41.5 4.6
40.3 4.4
39.1 4.1
37.9 3.6
36.7 3.5
35.9 4.2
35.0 5.0
33.9 5.4
32.7 5.6
31.4 5.5
30.2 5.1
29.0 4.5
28.0 4.1
26.9 4.7
26.4 5.7
26.1 6.9
26.3 8.0
26.8 9.1
27.6 10.1
28.3 10.9
27.9 11.9
27.0 12.6
26.0 13.1
26.0 14.4
25.4 15.4
24.8 16.4
24.9 17.4
25.5 18.5
26.3 19.4
26.8 20.3
25.7 21.2
24.8 21.7
25.7 22.6
26.8 23.0
27.9 23.0
28.9 23.4
29.9 24.2
30.8 25.1
31.7 26.1
32.7 25.3
32.6 24.2
33.9 24.7
35.0 25.1
35.8 26.0
37.1 26.4
38.3 26.2
39.4 26.3
40.6 26.8
41.7 27.3
42.6 28.1
43.3 29.1
44.2 30.0
45.2 30.8
46.3 31.5
47.1 32.3
47.6 33.3
47.9 34.5
47.9 35.8
47.8 37.1
47.7 38.4
47.7 39.6
47.6 40.7
47.0 41.7
46.3 42.6
46.0 43.8
45.8 45.1
