47.0 3.5
46.0 3.0
45.4 4.2
44.4 4.6
43.1 4.9
42.0 5.4
40.9 6.1
40.1 7.0
38.9 7.0
38.1 6.2
37.7 5.1
37.1 4.2
35.8 4.1
34.7 4.5
33.7 5.2
32.6 5.3
31.4 5.2
30.2 4.7
29.0 4.2
27.9 3.5
27.0 4.1
27.0 5.3
26.7 6.3
25.9 7.2
24.9 7.9
24.0 8.7
23.5 9.8
23.2 11.0
22.9 12.1
22.2 13.1
21.5 14.2
21.2 15.3
21.0 16.6
21.1 17.9
21.3 19.2
21.7 20.4
22.2 21.7
22.7 22.8
23.3 24.0
23.9 25.2
23.7 26.5
22.9 27.3
21.9 28.0
22.5 29.0
23.2 29.9
23.3 30.9
23.2 32.1
23.3 33.4
23.7 34.6
24.1 35.8
24.7 37.0
25.2 38.1
26.3 38.6
27.5 39.0
28.7 39.3
30.0 39.5
31.2 39.1
32.2 38.3
32.9 37.5
34.0 37.3
35.0 37.7
35.8 38.5
36.7 39.1
37.7 38.6
39.0 38.4
40.1 38.8
41.1 39.6
42.1 40.2
43.2 40.6
44.5 40.8
45.5 41.0
46.5 41.9
47.0 43.0
47.3 44.3
