3.5 25.0
4.0 25.9
5.0 26.7
6.0 27.5
6.8 28.2
7.9 28.3
9.0 28.0
10.2 27.5
11.0 26.8
11.5 25.8
12.0 24.6
12.5 23.5
13.3 22.8
14.5 22.8
15.7 23.2
16.8 23.5
18.0 23.4
19.1 23.0
20.3 22.6
21.6 22.5
22.9 22.6
24.0 22.8
24.8 22.1
25.3 21.0
25.5 19.8
25.5 18.4
25.6 17.2
26.0 16.2
26.9 15.3
27.7 14.3
28.5 13.3
28.6 12.3
28.4 11.2
27.9 10.0
27.4 8.8
27.2 7.8
27.9 6.6
28.8 5.7
29.9 5.0
31.0 4.6
32.3 4.5
33.4 4.6
34.2 3.7
34.4 2.6
35.4 1.7
36.6 1.7
37.8 1.9
39.1 2.0
40.4 2.0
41.6 2.1
42.8 2.4
44.0 2.8
45.1 3.4
46.1 3.8
