43
4
24.5001 19.82432 24.51973 20.22384 25.00981 20.19976 24.99019 19.80024 

52
23.97595 30.09793 23.9952 30.10176 24.48057 30.17376 24.5001 30.17568 24.99019 30.19976 25.00981 30.19976 25.4999 30.17568 25.51943 30.17376 26.0048 30.10176 26.02405 30.09793 26.50002 29.97871 26.5188 29.97301 26.9808 29.80771 26.99893 29.8002 27.44249 29.5904 27.4598 29.58115 27.88067 29.32889 27.89699 29.31799 28.29111 29.02569 28.30628 29.01324 28.66985 28.68372 28.68372 28.66985 29.01324 28.30628 29.02569 28.29111 29.31799 27.89699 29.32889 27.88067 29.58115 27.4598 29.5904 27.44249 29.8002 26.99893 29.80771 26.9808 29.97301 26.5188 29.97871 26.50002 30.09793 26.02405 29.70992 25.92686 29.59308 26.3933 29.4344 26.83679 29.23301 27.26259 28.99085 27.6666 28.71026 28.04493 28.39394 28.39394 28.04493 28.71026 27.6666 28.99085 27.26259 29.23301 26.83679 29.4344 26.3933 29.59308 25.93639 29.70753 25.47046 29.77665 25.0 29.79976 24.52954 29.77665 24.06361 29.70753 23.59717 29.5907 23.49998 29.97871 

25
30.10176 23.9952 30.09793 23.97595 29.97871 23.49998 29.97301 23.4812 29.80771 23.0192 29.8002 23.00107 29.5904 22.55751 29.58115 22.5402 29.32889 22.11933 29.31799 22.10301 29.02569 21.70889 29.01324 21.69372 28.68372 21.33015 28.66985 21.31628 28.30628 20.98676 28.03765 21.28314 28.39394 21.60606 28.71026 21.95507 28.99085 22.3334 29.23301 22.73741 29.4344 23.16321 29.59308 23.6067 29.70753 24.06361 29.77809 24.53926 30.17376 24.48057 

10
26.99893 20.1998 26.9808 20.19229 26.5188 20.02699 26.50002 20.02129 26.02405 19.90207 25.92686 20.29008 26.3933 20.40692 26.83679 20.5656 27.27147 20.77119 27.44249 20.4096 

25
23.0192 20.19229 23.00107 20.1998 22.55751 20.4096 22.5402 20.41885 22.11933 20.67111 22.10301 20.68201 21.70889 20.97431 21.69372 20.98676 21.33015 21.31628 21.31628 21.33015 20.98676 21.69372 20.97431 21.70889 20.68201 22.10301 20.67111 22.11933 20.41885 22.5402 20.76194 22.74584 21.00915 22.3334 21.28974 21.95507 21.60606 21.60606 21.95507 21.28974 22.3334 21.00915 22.73741 20.76699 23.16321 20.5656 23.61595 20.40361 23.4812 20.02699 

19
20.19229 26.9808 20.1998 26.99893 20.4096 27.44249 20.41885 27.4598 20.67111 27.88067 20.68201 27.89699 20.97431 28.29111 20.98676 28.30628 21.31628 28.66985 21.33015 28.68372 21.69372 29.01324 21.96235 28.71686 21.60606 28.39394 21.28974 28.04493 21.00915 27.6666 20.76699 27.26259 20.5656 26.83679 20.40361 26.38405 20.02699 26.5188 

13
14.80024 24.99019 14.80024 25.00981 14.84839 25.98998 14.85032 26.00952 14.99431 26.98025 14.99814 26.9995 15.23659 27.95144 15.6246 27.85425 15.38854 26.91184 15.24743 25.96054 15.20024 25.0 15.24791 24.02964 14.84839 24.01002 

4
29.79948 34.00001 29.62846 33.63841 28.74132 34.058 28.91235 34.41959 

19
28.91235 15.58041 28.89421 15.5729 27.97022 15.24229 27.95144 15.23659 26.9995 14.99814 26.98025 14.99431 26.00952 14.85032 25.98998 14.84839 25.00981 14.80024 24.99019 14.80024 24.01002 14.84839 24.02964 15.24791 25.0 15.20024 25.96054 15.24743 26.91184 15.38854 27.84472 15.62222 28.75021 15.9462 29.62846 16.36159 29.79948 15.99999 

16
21.10579 15.5729 21.08765 15.58041 20.20052 15.99999 20.18321 16.00924 19.34148 16.51376 19.32516 16.52466 18.53693 17.10925 18.52176 17.12171 17.79462 17.78074 18.06324 18.07712 18.7831 17.42468 19.55555 16.8518 20.38043 16.35738 21.24979 15.9462 22.16453 15.61891 22.02978 15.24229 

10
16.51376 30.65852 16.52466 30.67484 17.10925 31.46307 17.12171 31.47824 17.78074 32.20538 18.07712 31.93676 17.42468 31.2169 16.8518 30.44445 16.35233 29.61115 16.00924 29.81679 

22
20.18321 33.99076 20.20052 34.00001 21.08765 34.41959 21.10579 34.4271 22.02978 34.75771 22.04856 34.76341 23.0005 35.00186 23.01975 35.00569 23.99048 35.14968 24.01002 35.15161 24.99019 35.19976 25.00981 35.19976 25.98998 35.15161 25.97036 34.75209 25.0 34.79976 24.03946 34.75257 23.08816 34.61146 22.15528 34.37778 21.24979 34.0538 20.38043 33.64262 19.54712 33.14315 19.34148 33.48624 

49
33.47534 30.67484 33.48624 30.65852 33.99076 29.81679 34.00001 29.79948 34.41959 28.91235 34.4271 28.89421 34.75771 27.97022 34.76341 27.95144 35.00186 26.9995 35.00569 26.98025 35.14968 26.00952 35.15161 25.98998 35.19976 25.00981 35.19976 24.99019 35.15161 24.01002 35.14968 23.99048 35.00569 23.01975 35.00186 23.0005 34.76341 22.04856 34.75771 22.02978 34.4271 21.10579 34.41959 21.08765 34.00001 20.20052 33.99076 20.18321 33.48624 19.34148 33.47534 19.32516 32.89075 18.53693 32.87829 18.52176 32.21926 17.79462 32.20538 17.78074 31.47824 17.12171 31.20962 17.41809 31.92948 18.07052 32.57532 18.7831 33.1482 19.55555 33.64262 20.38043 34.0538 21.24979 34.37778 22.15528 34.61146 23.08816 34.75257 24.03946 34.79976 25.0 34.75257 25.96054 34.61146 26.91184 34.37778 27.84472 34.0538 28.75021 33.64262 29.61957 33.1482 30.44445 32.56946 31.22479 32.89075 31.46307 

7
25.00981 9.80024 24.99019 9.80024 23.51993 9.87247 23.53956 10.27199 25.0 10.20024 26.46044 10.27199 26.48007 9.87247 

10
36.7558 15.36496 36.74335 15.34979 35.75479 14.25909 35.74091 14.24521 34.65021 13.25665 34.38159 13.55303 35.46501 14.53499 36.44037 15.61113 37.3114 16.78559 37.63269 16.54731 

10
30.82576 10.96101 30.80763 10.9535 29.42165 10.45759 29.40287 10.45189 27.97495 10.09421 27.87776 10.48223 29.29614 10.83751 30.66362 11.32681 31.98544 11.95198 32.15646 11.59038 

4
10.45759 20.57835 10.8342 20.71311 11.33012 19.32713 10.9535 19.19237 

4
39.0465 19.19237 38.66988 19.32713 39.1658 20.71311 39.54241 20.57835 

13
19.19237 10.9535 19.17424 10.96101 17.84354 11.59038 17.82623 11.59964 16.56363 12.35641 16.54731 12.36731 15.36496 13.2442 15.60324 13.56548 16.77769 12.69445 18.02344 11.94778 19.33638 11.32681 20.71311 10.8342 20.57835 10.45759 

4
12.36731 16.54731 12.6886 16.78559 13.56548 15.60324 13.2442 15.36496 

40
12.35641 33.43637 12.36731 33.45269 13.2442 34.63504 13.25665 34.65021 14.24521 35.74091 14.25909 35.75479 15.34979 36.74335 15.36496 36.7558 16.54731 37.63269 16.56363 37.64359 17.82623 38.40036 17.84354 38.40962 19.17424 39.03899 19.19237 39.0465 20.57835 39.54241 20.59713 39.54811 22.02505 39.90579 22.0443 39.90961 23.5004 40.12561 23.51993 40.12753 24.99019 40.19976 25.00981 40.19976 26.48007 40.12753 26.4996 40.12561 27.9557 39.90961 27.89701 39.51394 26.45063 39.72849 25.0 39.79976 23.54937 39.72849 22.11271 39.51539 20.70386 39.16249 19.33638 38.67319 18.02344 38.05222 16.77769 37.30555 15.61113 36.44037 14.53499 35.46501 13.55963 34.38887 12.69445 33.22231 11.94273 31.96813 11.59964 32.17377 

31
32.15646 38.40962 32.17377 38.40036 33.43637 37.64359 33.45269 37.63269 34.63504 36.7558 34.65021 36.74335 35.74091 35.75479 35.75479 35.74091 36.74335 34.65021 36.7558 34.63504 37.63269 33.45269 37.64359 33.43637 38.40036 32.17377 38.40962 32.15646 39.03899 30.82576 39.0465 30.80763 39.54241 29.42165 39.54811 29.40287 39.90579 27.97495 39.51777 27.87776 39.16249 29.29614 38.67319 30.66362 38.05222 31.97656 37.30555 33.22231 36.44037 34.38887 35.46501 35.46501 34.38887 36.44037 33.22231 37.30555 31.97656 38.05222 30.65474 38.6774 30.82576 39.03899 

10
43.65839 32.73918 43.6659 32.72105 44.32712 30.87307 44.33281 30.85429 44.80971 28.9504 44.4217 28.85321 43.94719 30.74757 43.29259 32.57704 42.45763 34.34242 42.81922 34.51345 

7
45.10345 23.02984 45.10153 23.01031 44.81354 21.06885 44.41787 21.12754 44.70442 23.05928 44.80024 25.00981 45.19976 24.99019 

7
26.97016 45.10345 26.98969 45.10153 28.93115 44.81354 28.87246 44.41787 26.94072 44.70442 24.99019 44.80024 25.00981 45.19976 

7
42.81922 15.48655 42.80997 15.46924 41.80094 13.78577 41.45785 13.99142 42.46183 15.66646 43.29679 17.43184 43.65839 17.26082 

58
9.3916 12.17782 9.37915 12.19299 8.20997 13.76946 8.19906 13.78577 7.19003 15.46924 7.18078 15.48655 6.34161 17.26082 6.3341 17.27895 5.67288 19.12693 5.66719 19.14571 5.19029 21.0496 5.18646 21.06885 4.89847 23.01031 4.89655 23.02984 4.80024 24.99019 4.80024 25.00981 4.89655 26.97016 4.89847 26.98969 5.18646 28.93115 5.19029 28.9504 5.66719 30.85429 5.67288 30.87307 6.3341 32.72105 6.34161 32.73918 7.18078 34.51345 7.19003 34.53076 8.19906 36.21423 8.20997 36.23054 9.37915 37.80701 9.3916 37.82218 10.70967 39.27645 10.72355 39.29033 12.17782 40.6084 12.19299 40.62085 13.76946 41.79003 13.78577 41.80094 15.46924 42.80997 15.67489 42.46688 13.99984 41.4629 12.43917 40.30542 10.99946 39.00054 9.69458 37.56083 8.5371 36.00016 7.53817 34.33354 6.70741 32.57704 6.05281 30.74757 5.58069 28.86274 5.29558 26.94072 5.20024 25.0 5.29558 23.05928 5.58069 21.13726 6.05281 19.25243 6.70741 17.42296 7.53817 15.66646 8.5371 13.99984 9.69458 12.43917 11.00605 10.99218 10.70967 10.72355 

13
34.51345 42.81922 34.53076 42.80997 36.21423 41.80094 36.23054 41.79003 37.80701 40.62085 37.82218 40.6084 39.27645 39.29033 39.00782 38.99395 37.56083 40.30542 36.00016 41.4629 34.33354 42.46183 32.56816 43.29679 32.73918 43.65839 

16
37.82218 9.3916 37.80701 9.37915 36.23054 8.20997 36.21423 8.19906 34.53076 7.19003 34.51345 7.18078 32.73918 6.34161 32.72105 6.3341 30.87307 5.67288 30.73832 6.0495 32.57704 6.70741 34.33354 7.53817 36.00016 8.5371 37.56083 9.69458 39.00782 11.00605 39.27645 10.70967 

13
19.14571 5.66719 19.12693 5.67288 17.27895 6.3341 17.26082 6.34161 15.48655 7.18078 15.46924 7.19003 13.78577 8.19906 13.99142 8.54215 15.66646 7.53817 17.42296 6.70741 19.25243 6.05281 21.14679 5.5783 21.0496 5.19029 

4
40.30508 44.61071 37.998 46.43308 39.82037 48.74015 42.12744 46.91779 

4
12.07181 12.63992 14.43594 13.4567 15.25271 11.09257 12.88858 10.2758 

4
6.81356 1.06756 5.63439 3.21652 7.78335 4.39569 8.96252 2.24673 

4
49.95163 12.34577 49.42205 9.95245 47.02873 10.48203 47.55831 12.87535 

3
43.87068 47.83482 47.82598 46.30002 45.48434 44.17475 

3
1.40611 16.61862 5.04251 15.40046 3.01827 13.38224 

3
29.89764 20.75227 32.12456 23.40892 33.15335 21.03876 

3
36.73724 3.37911 35.83201 6.72538 38.3646 6.21344 

4
3.40755 46.50597 5.0759 49.31639 7.88632 47.64804 6.21797 44.83762 

102
48.32155 32.3433 46.56852 32.49986 46.54908 32.50256 46.53 32.50716 46.51146 32.5136 46.49364 32.52183 46.47672 32.53177 46.46085 32.54331 46.44619 32.55636 46.43287 32.57078 46.42104 32.58644 46.41079 32.60318 46.40224 32.62085 46.39546 32.63927 46.39052 32.65826 46.38746 32.67765 46.38632 32.69724 46.38711 32.71686 46.56145 34.66909 46.56415 34.68853 46.56875 34.70761 46.57519 34.72615 46.58342 34.74397 46.59336 34.76089 46.60491 34.77676 46.61795 34.79142 46.63238 34.80474 46.64803 34.81657 46.66478 34.82681 46.68244 34.83537 46.70086 34.84215 46.71985 34.84709 46.73924 34.85015 46.75884 34.85129 46.77845 34.8505 46.79789 34.8478 46.81697 34.8432 46.83551 34.83676 46.85333 34.82853 46.87025 34.81859 46.88612 34.80705 46.90078 34.794 46.9141 34.77958 46.92593 34.76392 46.93618 34.74718 46.94473 34.72951 46.95151 34.71109 46.95645 34.6921 46.95951 34.67271 46.96065 34.65312 46.95986 34.63351 46.80331 32.88048 48.55633 32.72393 48.57577 32.72123 48.59486 32.71663 48.61339 32.71019 48.63121 32.70196 48.64814 32.69202 48.66401 32.68047 48.67867 32.66742 48.69198 32.653 48.70382 32.63735 48.71406 32.6206 48.72261 32.60294 48.72939 32.58452 48.73434 32.56552 48.73739 32.54614 48.73854 32.52654 48.73775 32.50693 48.38906 28.60247 48.38636 28.58303 48.38176 28.56395 48.37532 28.54541 48.36709 28.52759 48.35715 28.51067 48.34561 28.49479 48.33256 28.48013 48.31814 28.46682 48.30248 28.45499 48.28574 28.44474 48.26807 28.43619 48.24965 28.42941 48.23066 28.42447 48.21127 28.42141 48.19168 28.42027 48.17207 28.42105 48.15263 28.42376 48.13354 28.42835 48.115 28.4348 48.09719 28.44302 48.08026 28.45296 48.06439 28.46451 48.04973 28.47756 48.03642 28.49198 48.02458 28.50764 48.01434 28.52438 48.00578 28.54204 47.999 28.56046 47.99406 28.57946 47.99101 28.59885 47.98986 28.61844 47.99065 28.63805 

102
18.66502 43.43849 19.36687 45.00965 19.37575 45.02716 19.3863 45.04371 19.39842 45.05915 19.41199 45.07332 19.42689 45.0861 19.44297 45.09736 19.46007 45.10698 19.47804 45.11488 19.49669 45.12099 19.51585 45.12523 19.53534 45.12758 19.55496 45.12801 19.57453 45.12651 19.59386 45.12309 19.61276 45.11781 19.63105 45.11069 21.38483 44.32727 21.40233 44.31839 21.41889 44.30784 21.43432 44.29572 21.4485 44.28215 21.46128 44.26725 21.47253 44.25117 21.48216 44.23407 21.49006 44.2161 21.49616 44.19745 21.50041 44.17829 21.50275 44.1588 21.50318 44.13918 21.50168 44.11961 21.49827 44.10028 21.49298 44.08138 21.48586 44.06309 21.47699 44.04558 21.46644 44.02903 21.45432 44.01359 21.44075 43.99941 21.42585 43.98664 21.40977 43.97538 21.39266 43.96576 21.3747 43.95785 21.35604 43.95175 21.33688 43.94751 21.3174 43.94516 21.29777 43.94473 21.2782 43.94623 21.25888 43.94964 21.23997 43.95493 21.22168 43.96205 19.65052 44.6639 18.94867 43.09273 18.93979 43.07523 18.92925 43.05868 18.91713 43.04324 18.90355 43.02906 18.88865 43.01628 18.87257 43.00503 18.85547 42.9954 18.8375 42.9875 18.81885 42.9814 18.79969 42.97715 18.7802 42.97481 18.76058 42.97438 18.74101 42.97588 18.72168 42.97929 18.70278 42.98458 18.68449 42.9917 15.17694 44.55854 15.15943 44.56742 15.14288 44.57796 15.12744 44.59008 15.11327 44.60366 15.10049 44.61856 15.08923 44.63464 15.07961 44.65174 15.07171 44.66971 15.0656 44.68836 15.06136 44.70752 15.05901 44.72701 15.05859 44.74663 15.06009 44.7662 15.0635 44.78553 15.06879 44.80443 15.0759 44.82272 15.08478 44.84023 15.09533 44.85678 15.10745 44.87222 15.12102 44.88639 15.13592 44.89917 15.152 44.91043 15.1691 44.92005 15.18707 44.92795 15.20572 44.93406 15.22488 44.9383 15.24437 44.94065 15.26399 44.94108 15.28356 44.93958 15.30289 44.93616 15.32179 44.93088 15.34008 44.92376 

102
47.45439 39.77582 48.77852 38.99688 48.79493 38.98611 48.8102 38.97378 48.82419 38.96002 48.83677 38.94495 48.8478 38.92872 48.8572 38.91149 48.86486 38.89342 48.87071 38.87468 48.8747 38.85546 48.87678 38.83595 48.87694 38.81632 48.87518 38.79677 48.87151 38.77749 48.86596 38.75866 48.8586 38.74047 48.84949 38.72308 47.96914 37.22657 47.95837 37.21016 47.94605 37.19489 47.93228 37.1809 47.91722 37.16832 47.90099 37.15728 47.88375 37.14789 47.86568 37.14023 47.84695 37.13438 47.82773 37.13039 47.80821 37.12831 47.78859 37.12815 47.76904 37.12991 47.74976 37.13358 47.73093 37.13912 47.71274 37.14648 47.69535 37.15559 47.67894 37.16636 47.66367 37.17869 47.64968 37.19245 47.6371 37.20752 47.62606 37.22375 47.61667 37.24099 47.60901 37.25906 47.60316 37.27779 47.59917 37.29701 47.59709 37.31653 47.59693 37.33615 47.59869 37.3557 47.60236 37.37498 47.6079 37.39381 47.61527 37.412 47.62438 37.42939 48.40332 38.75352 47.07919 39.53246 47.06278 39.54323 47.04751 39.55555 47.03351 39.56932 47.02094 39.58439 47.0099 39.60062 47.00051 39.61785 46.99285 39.63592 46.98699 39.65465 46.98301 39.67387 46.98092 39.69339 46.98076 39.71301 46.98253 39.73256 46.9862 39.75184 46.99174 39.77067 46.9991 39.78886 47.00821 39.80625 48.76891 42.79928 48.77968 42.81569 48.792 42.83096 48.80577 42.84495 48.82084 42.85753 48.83707 42.86856 48.8543 42.87796 48.87237 42.88562 48.8911 42.89147 48.91032 42.89546 48.92984 42.89754 48.94947 42.8977 48.96901 42.89594 48.98829 42.89227 49.00712 42.88673 49.02532 42.87936 49.0427 42.87025 49.05911 42.85948 49.07438 42.84716 49.08837 42.83339 49.10095 42.81832 49.11199 42.8021 49.12138 42.78486 49.12904 42.76679 49.13489 42.74806 49.13888 42.72884 49.14096 42.70932 49.14113 42.6897 49.13936 42.67015 49.13569 42.65087 49.13015 42.63204 49.12279 42.61385 49.11368 42.59646 

84
41.60812 35.95794 41.24286 34.53662 41.23705 34.51788 41.22943 34.49979 41.22007 34.48254 41.20907 34.46629 41.19652 34.45119 41.18256 34.4374 41.16731 34.42504 41.15093 34.41423 41.13356 34.40509 41.11538 34.39769 41.09657 34.3921 41.07729 34.38839 41.05775 34.38659 41.03812 34.38671 41.0186 34.38875 40.99938 34.3927 40.98063 34.39851 40.96254 34.40613 40.94529 34.41549 40.92904 34.42649 40.91394 34.43904 40.90015 34.453 40.88779 34.46825 40.87699 34.48463 40.86784 34.502 40.86044 34.52018 40.85486 34.53899 40.85115 34.55827 40.84934 34.57781 40.84946 34.59744 40.8515 34.61696 40.85545 34.63618 41.27049 36.2512 41.2763 36.26995 41.28392 36.28804 41.29328 36.30529 41.30428 36.32154 41.31683 36.33664 41.33079 36.35043 41.34604 36.36279 41.36242 36.37359 41.37979 36.38274 41.39797 36.39014 41.41678 36.39572 41.43606 36.39943 41.4556 36.40124 41.47523 36.40112 41.49475 36.39908 41.51397 36.39513 43.12899 35.98009 43.14774 35.97428 43.16583 35.96666 43.18308 35.9573 43.19933 35.9463 43.21443 35.93375 43.22822 35.91979 43.24058 35.90454 43.25138 35.88816 43.26053 35.87079 43.26793 35.85261 43.27351 35.8338 43.27722 35.81452 43.27903 35.79498 43.27891 35.77535 43.27687 35.75583 43.27292 35.73661 43.26711 35.71786 43.25949 35.69977 43.25013 35.68252 43.23912 35.66627 43.22658 35.65117 43.21262 35.63738 43.19737 35.62502 43.18098 35.61422 43.16362 35.60507 43.14544 35.59767 43.12662 35.59209 43.10735 35.58838 43.08781 35.58657 43.06818 35.58669 43.04866 35.58873 43.02943 35.59268 

