46
7
28.29111 29.02569 28.30628 29.01324 28.66985 28.68372 28.40122 28.38734 28.04493 28.71026 27.65871 28.99671 27.89699 29.31799 

10
29.58115 27.4598 29.5904 27.44249 29.8002 26.99893 29.80771 26.9808 29.97301 26.5188 29.59639 26.38405 29.4344 26.83679 29.23301 27.26259 28.9858 27.67503 29.32889 27.88067 

16
27.4598 20.41885 27.44249 20.4096 26.99893 20.1998 26.9808 20.19229 26.5188 20.02699 26.50002 20.02129 26.02405 19.90207 26.0048 19.89824 25.51943 19.82624 25.46074 20.22191 25.93639 20.29247 26.3933 20.40692 26.83679 20.5656 27.26259 20.76699 27.67503 21.0142 27.88067 20.67111 

16
29.80771 23.0192 29.8002 23.00107 29.5904 22.55751 29.58115 22.5402 29.32889 22.11933 29.31799 22.10301 29.02569 21.70889 29.01324 21.69372 28.68372 21.33015 28.38734 21.59878 28.71026 21.95507 28.99085 22.3334 29.23301 22.73741 29.4344 23.16321 29.59639 23.61595 29.97301 23.4812 

25
22.55751 20.4096 22.5402 20.41885 22.11933 20.67111 22.10301 20.68201 21.70889 20.97431 21.69372 20.98676 21.33015 21.31628 21.31628 21.33015 20.98676 21.69372 20.97431 21.70889 20.68201 22.10301 20.67111 22.11933 20.41885 22.5402 20.4096 22.55751 20.1998 23.00107 20.5614 23.17209 20.76699 22.73741 21.00915 22.3334 21.28974 21.95507 21.60606 21.60606 21.95507 21.28974 22.3334 21.00915 22.73741 20.76699 23.17209 20.5614 23.00107 20.1998 

46
20.02129 26.50002 20.02699 26.5188 20.19229 26.9808 20.1998 26.99893 20.4096 27.44249 20.41885 27.4598 20.67111 27.88067 20.68201 27.89699 20.97431 28.29111 20.98676 28.30628 21.31628 28.66985 21.33015 28.68372 21.69372 29.01324 21.70889 29.02569 22.10301 29.31799 22.11933 29.32889 22.5402 29.58115 22.55751 29.5904 23.00107 29.8002 23.0192 29.80771 23.4812 29.97301 23.49998 29.97871 23.97595 30.09793 23.9952 30.10176 24.48057 30.17376 24.5001 30.17568 24.99019 30.19976 25.00981 30.19976 25.4999 30.17568 25.48027 29.77616 25.0 29.79976 24.52954 29.77665 24.06361 29.70753 23.6067 29.59308 23.16321 29.4344 22.73741 29.23301 22.3334 28.99085 21.95507 28.71026 21.60606 28.39394 21.28974 28.04493 21.00915 27.6666 20.76699 27.26259 20.5656 26.83679 20.40692 26.3933 20.29008 25.92686 19.90207 26.02405 

16
22.04856 15.23659 22.02978 15.24229 21.10579 15.5729 21.08765 15.58041 20.20052 15.99999 20.18321 16.00924 19.34148 16.51376 19.32516 16.52466 18.53693 17.10925 18.77521 17.43054 19.55555 16.8518 20.38043 16.35738 21.24979 15.9462 22.15528 15.62222 23.09769 15.38615 23.0005 14.99814 

16
16.52466 19.32516 16.51376 19.34148 16.00924 20.18321 15.99999 20.20052 15.58041 21.08765 15.5729 21.10579 15.24229 22.02978 15.23659 22.04856 14.99814 23.0005 15.38615 23.09769 15.62222 22.15528 15.9462 21.24979 16.35738 20.38043 16.8518 19.55555 17.43054 18.77521 17.10925 18.53693 

13
14.84839 25.98998 14.85032 26.00952 14.99431 26.98025 14.99814 26.9995 15.23659 27.95144 15.24229 27.97022 15.5729 28.89421 15.94951 28.75946 15.62222 27.84472 15.38854 26.91184 15.24743 25.96054 15.19976 24.99019 14.80024 25.00981 

4
26.9995 14.99814 26.90231 15.38615 27.85425 15.6246 27.95144 15.23659 

16
18.52176 32.87829 18.53693 32.89075 19.32516 33.47534 19.34148 33.48624 20.18321 33.99076 20.20052 34.00001 21.08765 34.41959 21.10579 34.4271 22.02978 34.75771 22.16453 34.38109 21.24979 34.0538 20.38043 33.64262 19.55555 33.1482 18.7831 32.57532 18.06324 31.92288 17.79462 32.21926 

13
32.21926 17.79462 32.20538 17.78074 31.47824 17.12171 31.46307 17.10925 30.67484 16.52466 30.65852 16.51376 29.81679 16.00924 29.61115 16.35233 30.44445 16.8518 31.2169 17.42468 31.92948 18.07052 32.58191 18.79038 32.87829 18.52176 

49
25.98998 35.15161 26.00952 35.14968 26.98025 35.00569 26.9995 35.00186 27.95144 34.76341 27.97022 34.75771 28.89421 34.4271 28.91235 34.41959 29.79948 34.00001 29.81679 33.99076 30.65852 33.48624 30.67484 33.47534 31.46307 32.89075 31.47824 32.87829 32.20538 32.21926 32.21926 32.20538 32.87829 31.47824 32.89075 31.46307 33.47534 30.67484 33.48624 30.65852 33.99076 29.81679 34.00001 29.79948 34.41959 28.91235 34.4271 28.89421 34.75771 27.97022 34.76341 27.95144 35.00186 26.9995 35.00569 26.98025 35.14968 26.00952 35.15161 25.98998 35.19976 25.00981 34.80024 24.99019 34.75257 25.96054 34.61146 26.91184 34.37778 27.84472 34.0538 28.75021 33.64262 29.61957 33.1482 30.44445 32.57532 31.2169 31.92948 31.92948 31.2169 32.57532 30.44445 33.1482 29.61957 33.64262 28.75021 34.0538 27.84472 34.37778 26.91184 34.61146 25.96054 34.75257 24.99019 34.80024 25.00981 35.19976 

16
25.00981 9.80024 24.99019 9.80024 23.51993 9.87247 23.5004 9.87439 22.0443 10.09039 22.02505 10.09421 20.59713 10.45189 20.57835 10.45759 19.19237 10.9535 19.32713 11.33012 20.70386 10.83751 22.11271 10.48461 23.54937 10.27151 25.0 10.20024 26.46044 10.27199 26.48007 9.87247 

10
40.12753 23.51993 40.12561 23.5004 39.90961 22.0443 39.90579 22.02505 39.54811 20.59713 39.1601 20.69433 39.51539 22.11271 39.72849 23.54937 39.80024 25.00981 40.19976 24.99019 

28
12.36731 16.54731 12.35641 16.56363 11.59964 17.82623 11.59038 17.84354 10.96101 19.17424 10.9535 19.19237 10.45759 20.57835 10.45189 20.59713 10.09421 22.02505 10.09039 22.0443 9.87439 23.5004 9.87247 23.51993 9.80024 24.99019 9.80024 25.00981 9.87247 26.48007 9.87439 26.4996 10.09039 27.9557 10.48606 27.89701 10.27151 26.45063 10.20024 25.0 10.27151 23.54937 10.48461 22.11271 10.83751 20.70386 11.32681 19.33638 11.94778 18.02344 12.69445 16.77769 13.56548 15.60324 13.2442 15.36496 

25
16.54731 37.63269 16.56363 37.64359 17.82623 38.40036 17.84354 38.40962 19.17424 39.03899 19.19237 39.0465 20.57835 39.54241 20.59713 39.54811 22.02505 39.90579 22.0443 39.90961 23.5004 40.12561 23.51993 40.12753 24.99019 40.19976 25.00981 40.19976 26.48007 40.12753 26.46044 39.72801 25.0 39.79976 23.54937 39.72849 22.11271 39.51539 20.70386 39.16249 19.33638 38.67319 18.02344 38.05222 16.77769 37.30555 15.60324 36.43452 15.36496 36.7558 

37
30.80763 39.0465 30.82576 39.03899 32.15646 38.40962 32.17377 38.40036 33.43637 37.64359 33.45269 37.63269 34.63504 36.7558 34.65021 36.74335 35.74091 35.75479 35.75479 35.74091 36.74335 34.65021 36.7558 34.63504 37.63269 33.45269 37.64359 33.43637 38.40036 32.17377 38.40962 32.15646 39.03899 30.82576 39.0465 30.80763 39.54241 29.42165 39.54811 29.40287 39.90579 27.97495 39.90961 27.9557 40.12561 26.4996 39.72994 26.44091 39.51539 27.88729 39.16249 29.29614 38.67319 30.66362 38.05222 31.97656 37.30555 33.22231 36.44037 34.38887 35.46501 35.46501 34.38887 36.44037 33.22231 37.30555 31.97656 38.05222 30.66362 38.67319 29.28689 39.1658 29.42165 39.54241 

13
35.75479 14.25909 35.74091 14.24521 34.65021 13.25665 34.63504 13.2442 33.45269 12.36731 33.43637 12.35641 32.17377 11.59964 31.96813 11.94273 33.22231 12.69445 34.38887 13.55963 35.46501 14.53499 36.44697 15.61841 36.74335 15.34979 

13
41.79003 36.23054 41.80094 36.21423 42.80997 34.53076 42.81922 34.51345 43.65839 32.73918 43.6659 32.72105 44.32712 30.87307 43.9505 30.73832 43.29259 32.57704 42.46183 34.33354 41.4629 36.00016 40.29957 37.56873 40.62085 37.80701 

4
39.27645 39.29033 39.00782 38.99395 37.55355 40.31202 37.82218 40.6084 

7
24.99019 45.19976 25.00981 45.19976 26.97016 45.10345 26.95053 44.70394 25.0 44.79976 23.04947 44.70394 23.02984 45.10345 

7
32.72105 43.6659 32.73918 43.65839 34.51345 42.81922 34.34242 42.45763 32.57704 43.29259 30.73832 43.9505 30.87307 44.32712 

13
45.19976 25.00981 45.19976 24.99019 45.10345 23.02984 45.10153 23.01031 44.81354 21.06885 44.80971 21.0496 44.33281 19.14571 43.9448 19.2429 44.41931 21.13726 44.70442 23.05928 44.79976 25.0 44.70394 26.95053 45.10345 26.97016 

7
41.80094 13.78577 41.79003 13.76946 40.62085 12.19299 40.29957 12.43127 41.4629 13.99984 42.46688 15.67489 42.80997 15.46924 

25
7.18078 34.51345 7.19003 34.53076 8.19906 36.21423 8.20997 36.23054 9.37915 37.80701 9.3916 37.82218 10.70967 39.27645 10.72355 39.29033 12.17782 40.6084 12.19299 40.62085 13.76946 41.79003 13.78577 41.80094 15.46924 42.80997 15.48655 42.81922 17.26082 43.65839 17.43184 43.29679 15.66646 42.46183 13.99984 41.4629 12.43917 40.30542 10.99946 39.00054 9.69458 37.56083 8.5371 36.00016 7.53817 34.33354 6.70321 32.56816 6.34161 32.73918 

64
28.9504 5.19029 28.93115 5.18646 26.98969 4.89847 26.97016 4.89655 25.00981 4.80024 24.99019 4.80024 23.02984 4.89655 23.01031 4.89847 21.06885 5.18646 21.0496 5.19029 19.14571 5.66719 19.12693 5.67288 17.27895 6.3341 17.26082 6.34161 15.48655 7.18078 15.46924 7.19003 13.78577 8.19906 13.76946 8.20997 12.19299 9.37915 12.17782 9.3916 10.72355 10.70967 10.70967 10.72355 9.3916 12.17782 9.37915 12.19299 8.20997 13.76946 8.19906 13.78577 7.19003 15.46924 7.18078 15.48655 6.34161 17.26082 6.3341 17.27895 5.67288 19.12693 5.66719 19.14571 5.19029 21.0496 5.18646 21.06885 4.89847 23.01031 4.89655 23.02984 4.80024 24.99019 4.80024 25.00981 4.89655 26.97016 4.89847 26.98969 5.18646 28.93115 5.58213 28.87246 5.29558 26.94072 5.20024 25.0 5.29558 23.05928 5.58069 21.13726 6.05281 19.25243 6.70741 17.42296 7.53817 15.66646 8.5371 13.99984 9.69458 12.43917 10.99946 10.99946 12.43917 9.69458 13.99984 8.5371 15.66646 7.53817 17.42296 6.70741 19.25243 6.05281 21.13726 5.58069 23.05928 5.29558 25.0 5.20024 26.94072 5.29558 28.86274 5.58069 30.7571 6.0552 30.85429 5.66719 

4
44.50215 46.76849 44.49544 49.17067 46.89763 49.17738 46.90433 46.77519 

4
2.91748 1.53689 0.52229 1.72028 0.70568 4.11547 3.10087 3.93208 

4
34.38796 21.74403 31.98787 21.84458 32.08842 24.24467 34.48851 24.14412 

4
33.05771 39.43424 34.30028 41.37809 36.24413 40.13552 35.00156 38.19166 

3
34.04028 5.65369 37.06985 2.68355 34.0799 1.65388 

3
12.81624 35.74213 11.63954 31.84111 9.43109 33.92592 

3
38.73487 5.70479 37.18903 9.38658 40.15883 9.18987 

4
1.95607 13.82299 4.85487 14.70855 5.74042 11.80975 2.84162 10.92419 

102
14.28153 49.27767 13.67447 47.58313 13.66695 47.565 13.65769 47.54769 13.64678 47.53138 13.63433 47.51621 13.62044 47.50233 13.60527 47.48989 13.58894 47.47899 13.57163 47.46975 13.55349 47.46224 13.53471 47.45655 13.51546 47.45273 13.49592 47.45081 13.4763 47.45082 13.45677 47.45275 13.43752 47.45659 13.41874 47.46229 11.53591 48.1368 11.51778 48.14432 11.50047 48.15358 11.48416 48.16449 11.46899 48.17695 11.45512 48.19083 11.44267 48.20601 11.43178 48.22233 11.42253 48.23965 11.41503 48.25778 11.40934 48.27657 11.40551 48.29582 11.4036 48.31535 11.40361 48.33498 11.40554 48.35451 11.40937 48.37376 11.41508 48.39254 11.4226 48.41067 11.43186 48.42797 11.44277 48.44429 11.45522 48.45946 11.46911 48.47333 11.48428 48.48578 11.50061 48.49667 11.51792 48.50592 11.53606 48.51342 11.55484 48.51911 11.57409 48.52293 11.59363 48.52485 11.61325 48.52484 11.63278 48.52291 11.65203 48.51907 11.67081 48.51337 13.36536 47.90631 13.97242 49.60085 13.97993 49.61898 13.98919 49.63629 14.0001 49.65261 14.01256 49.66777 14.02644 49.68165 14.04162 49.69409 14.05794 49.70499 14.07526 49.71423 14.09339 49.72174 14.11218 49.72743 14.13143 49.73125 14.15096 49.73317 14.17059 49.73316 14.19012 49.73123 14.20937 49.72739 14.22815 49.72169 17.9938 48.37267 18.01193 48.36515 18.02924 48.35589 18.04555 48.34498 18.06072 48.33252 18.07459 48.31864 18.08704 48.30346 18.09794 48.28714 18.10718 48.26982 18.11469 48.25169 18.12038 48.2329 18.1242 48.21365 18.12611 48.19412 18.12611 48.17449 18.12418 48.15496 18.12034 48.13571 18.11463 48.11693 18.10712 48.0988 18.09786 48.0815 18.08695 48.06518 18.07449 48.05001 18.06061 48.03614 18.04543 48.0237 18.02911 48.0128 18.01179 48.00355 17.99366 47.99605 17.97487 47.99036 17.95562 47.98654 17.93609 47.98462 17.91646 47.98463 17.89693 47.98656 17.87768 47.9904 17.8589 47.9961 

102
11.3366 44.19614 12.0917 45.8301 12.1008 45.84749 12.11156 45.8639 12.12387 45.87918 12.13763 45.89319 12.15269 45.90577 12.16891 45.91682 12.18614 45.92623 12.2042 45.9339 12.22293 45.93976 12.24215 45.94376 12.26166 45.94586 12.28129 45.94603 12.30084 45.94428 12.32012 45.94063 12.33895 45.9351 12.35715 45.92775 14.17266 45.08874 14.19005 45.07964 14.20647 45.06888 14.22175 45.05657 14.23575 45.04281 14.24834 45.02775 14.25939 45.01153 14.26879 44.99431 14.27646 44.97624 14.28233 44.95751 14.28633 44.93829 14.28842 44.91878 14.2886 44.89915 14.28685 44.8796 14.28319 44.86032 14.27766 44.84149 14.27031 44.82329 14.26121 44.8059 14.25045 44.78948 14.23814 44.7742 14.22438 44.7602 14.20932 44.74761 14.1931 44.73657 14.17588 44.72716 14.15781 44.71949 14.13908 44.71362 14.11986 44.70962 14.10035 44.70753 14.08072 44.70735 14.06117 44.7091 14.04189 44.71276 14.02306 44.71829 14.00486 44.72564 12.3709 45.48074 11.6158 43.84679 11.6067 43.82939 11.59594 43.81298 11.58363 43.7977 11.56987 43.7837 11.55481 43.77111 11.53859 43.76006 11.52136 43.75066 11.5033 43.74298 11.48457 43.73712 11.46535 43.73312 11.44584 43.73102 11.42621 43.73085 11.40666 43.7326 11.38738 43.73626 11.36855 43.74179 11.35035 43.74914 7.71933 45.42714 7.70194 45.43624 7.68552 45.447 7.67024 45.45932 7.65624 45.47307 7.64365 45.48813 7.6326 45.50435 7.6232 45.52158 7.61553 45.53964 7.60966 45.55838 7.60566 45.57759 7.60357 45.59711 7.60339 45.61673 7.60514 45.63628 7.6088 45.65556 7.61433 45.6744 7.62168 45.69259 7.63078 45.70999 7.64154 45.7264 7.65385 45.74168 7.66761 45.75568 7.68267 45.76827 7.69889 45.77932 7.71611 45.78872 7.73418 45.7964 7.75291 45.80226 7.77213 45.80626 7.79164 45.80836 7.81127 45.80853 7.83082 45.80678 7.8501 45.80312 7.86893 45.79759 7.88713 45.79025 

102
33.53755 49.18783 32.78607 47.72481 32.77626 47.70781 32.76483 47.69186 32.75189 47.6771 32.73756 47.66369 32.72199 47.65174 32.70532 47.64137 32.68772 47.63269 32.66935 47.62578 32.65039 47.6207 32.63103 47.6175 32.61144 47.61622 32.59183 47.61686 32.57237 47.61942 32.55325 47.62388 32.53467 47.63019 32.51679 47.63829 30.87586 48.48115 30.85887 48.49096 30.84291 48.50239 30.82816 48.51533 30.81474 48.52966 30.80279 48.54523 30.79243 48.5619 30.78374 48.5795 30.77683 48.59787 30.77175 48.61683 30.76855 48.63619 30.76727 48.65578 30.76791 48.67539 30.77047 48.69485 30.77493 48.71397 30.78124 48.73255 30.78934 48.75043 30.79915 48.76743 30.81059 48.78338 30.82353 48.79814 30.83785 48.81156 30.85342 48.8235 30.87009 48.83387 30.88769 48.84255 30.90606 48.84946 30.92502 48.85454 30.94439 48.85774 30.96397 48.85902 30.98359 48.85838 31.00305 48.85582 31.02216 48.85136 31.04075 48.84505 31.05862 48.83695 32.52165 48.08547 33.27313 49.5485 33.28294 49.56549 33.29437 49.58145 33.30731 49.5962 33.32164 49.60962 33.33721 49.62157 33.35388 49.63193 33.37148 49.64062 33.38985 49.64753 33.40881 49.65261 33.42817 49.65581 33.44776 49.65709 33.46737 49.65645 33.48683 49.65389 33.50595 49.64943 33.52453 49.64312 33.54241 49.63502 36.82426 47.9493 36.84126 47.93949 36.85721 47.92805 36.87197 47.91511 36.88539 47.90079 36.89734 47.88522 36.9077 47.86855 36.91638 47.85095 36.92329 47.83258 36.92837 47.81362 36.93157 47.79425 36.93286 47.77467 36.93221 47.75505 36.92965 47.73559 36.92519 47.71648 36.91889 47.69789 36.91079 47.68002 36.90097 47.66302 36.88954 47.64707 36.8766 47.63231 36.86227 47.61889 36.8467 47.60694 36.83004 47.59658 36.81243 47.5879 36.79406 47.58098 36.77511 47.5759 36.75574 47.57271 36.73616 47.57142 36.71654 47.57207 36.69708 47.57463 36.67797 47.57908 36.65938 47.58539 36.6415 47.59349 

102
3.7699 35.84605 5.33793 35.95318 5.35756 35.95356 5.37712 35.95201 5.39644 35.94855 5.41533 35.94321 5.4336 35.93605 5.45109 35.92713 5.46761 35.91654 5.48302 35.90438 5.49716 35.89077 5.5099 35.87584 5.52111 35.85973 5.5307 35.8426 5.53855 35.82462 5.54461 35.80595 5.5488 35.78677 5.5511 35.76728 5.67187 33.99972 5.67225 33.98009 5.6707 33.96053 5.66724 33.94121 5.6619 33.92232 5.65474 33.90405 5.64582 33.88656 5.63523 33.87004 5.62307 33.85463 5.60946 33.84049 5.59453 33.82775 5.57842 33.81654 5.56129 33.80696 5.5433 33.7991 5.52463 33.79304 5.50546 33.78885 5.48597 33.78655 5.46634 33.78617 5.44678 33.78772 5.42746 33.79118 5.40857 33.79652 5.3903 33.80368 5.37282 33.8126 5.35629 33.82319 5.34088 33.83535 5.32674 33.84896 5.314 33.86389 5.30279 33.88 5.29321 33.89713 5.28535 33.91512 5.27929 33.93379 5.2751 33.95296 5.2728 33.97245 5.16567 35.54048 3.59764 35.43335 3.57801 35.43297 3.55845 35.43452 3.53913 35.43798 3.52024 35.44332 3.50197 35.45048 3.48448 35.4594 3.46796 35.46999 3.45255 35.48215 3.43841 35.49576 3.42567 35.51069 3.41446 35.5268 3.40487 35.54393 3.39702 35.56191 3.39096 35.58058 3.38677 35.59975 3.38447 35.61925 3.14293 39.15437 3.14256 39.174 3.14411 39.19356 3.14757 39.21288 3.1529 39.23177 3.16007 39.25004 3.16899 39.26753 3.17958 39.28405 3.19173 39.29946 3.20535 39.3136 3.22028 39.32634 3.23638 39.33755 3.25351 39.34714 3.2715 39.35499 3.29017 39.36105 3.30934 39.36525 3.32883 39.36754 3.34846 39.36792 3.36802 39.36637 3.38734 39.36291 3.40623 39.35757 3.4245 39.35041 3.44199 39.34149 3.45851 39.3309 3.47392 39.31874 3.48806 39.30513 3.5008 39.2902 3.51201 39.27409 3.5216 39.25696 3.52945 39.23898 3.53551 39.22031 3.5397 39.20113 3.542 39.18164 

136
48.5964 42.69114 47.51934 41.96318 48.24729 40.88611 48.25747 40.86933 48.26596 40.85163 48.27267 40.83319 48.27754 40.81417 48.28052 40.79477 48.28159 40.77518 48.28073 40.75557 48.27795 40.73614 48.27328 40.71707 48.26677 40.69856 48.25847 40.68077 48.24847 40.66389 48.23686 40.64806 48.22376 40.63345 48.20929 40.62019 48.19358 40.60841 48.1768 40.59823 48.1591 40.58975 48.14066 40.58304 48.12165 40.57817 48.10225 40.57519 48.08265 40.57412 48.06304 40.57498 48.04361 40.57776 48.02455 40.58242 48.00603 40.58894 47.98825 40.59724 47.97136 40.60724 47.95553 40.61884 47.94092 40.63195 47.92766 40.64642 47.91589 40.66212 47.18793 41.73919 46.11086 41.01124 46.09408 41.00106 46.07638 40.99257 46.05794 40.98586 46.03892 40.98099 46.01952 40.97801 45.99993 40.97694 45.98032 40.9778 45.96089 40.98058 45.94182 40.98525 45.92331 40.99176 45.90552 41.00006 45.88864 41.01006 45.87281 41.02167 45.8582 41.03477 45.84494 41.04924 45.83316 41.06494 45.82298 41.08173 45.8145 41.09942 45.80779 41.11787 45.80292 41.13688 45.79994 41.15628 45.79887 41.17588 45.79973 41.19549 45.80251 41.21492 45.80717 41.23398 45.81369 41.2525 45.82199 41.27028 45.83199 41.28717 45.84359 41.303 45.8567 41.31761 45.87117 41.33087 45.88687 41.34264 46.96394 42.0706 46.23599 43.14767 46.22581 43.16445 46.21732 43.18215 46.21061 43.20059 46.20574 43.2196 46.20276 43.239 46.20169 43.2586 46.20255 43.27821 46.20533 43.29764 46.21 43.3167 46.21651 43.33522 46.22481 43.353 46.23481 43.36989 46.24642 43.38572 46.25952 43.40033 46.27399 43.41359 46.2897 43.42536 46.30648 43.43554 46.32417 43.44403 46.34262 43.45074 46.36163 43.45561 46.38103 43.45859 46.40063 43.45966 46.42024 43.4588 46.43967 43.45602 46.45873 43.45135 46.47725 43.44484 46.49503 43.43654 46.51192 43.42654 46.52775 43.41493 46.54236 43.40183 46.55562 43.38736 46.56739 43.37165 47.29535 42.29459 48.37242 43.02254 48.3892 43.03272 48.4069 43.04121 48.42534 43.04792 48.44435 43.05279 48.46375 43.05577 48.48335 43.05684 48.50296 43.05598 48.52239 43.0532 48.54145 43.04853 48.55997 43.04202 48.57776 43.03372 48.59464 43.02372 48.61047 43.01211 48.62508 42.99901 48.63834 42.98454 48.65011 42.96883 48.66029 42.95205 48.66878 42.93435 48.67549 42.91591 48.68036 42.8969 48.68334 42.8775 48.68441 42.8579 48.68355 42.83829 48.68077 42.81886 48.6761 42.7998 48.66959 42.78128 48.66129 42.7635 48.65129 42.74661 48.63968 42.73078 48.62658 42.71617 48.61211 42.70291 

136
47.67527 3.79463 47.9805 4.90949 46.86565 5.21472 46.847 5.22083 46.82904 5.22873 46.81193 5.23836 46.79585 5.24962 46.78096 5.2624 46.76738 5.27657 46.75527 5.29201 46.74472 5.30857 46.73585 5.32607 46.72873 5.34437 46.72345 5.36327 46.72004 5.3826 46.71854 5.40217 46.71897 5.42179 46.72132 5.44127 46.72557 5.46044 46.73167 5.47909 46.73958 5.49705 46.7492 5.51416 46.76046 5.53024 46.77324 5.54513 46.78742 5.55871 46.80286 5.57082 46.81941 5.58137 46.83692 5.59024 46.85521 5.59735 46.87411 5.60264 46.89344 5.60605 46.91301 5.60755 46.93263 5.60712 46.95212 5.60477 46.97128 5.60052 48.08613 5.29529 48.39137 6.41014 48.39747 6.42879 48.40538 6.44676 48.41501 6.46386 48.42626 6.47994 48.43904 6.49483 48.45322 6.50841 48.46866 6.52052 48.48521 6.53107 48.50272 6.53994 48.52101 6.54706 48.53991 6.55234 48.55924 6.55575 48.57881 6.55725 48.59844 6.55682 48.61792 6.55447 48.63708 6.55022 48.65574 6.54412 48.6737 6.53621 48.69081 6.52659 48.70688 6.51533 48.72178 6.50255 48.73535 6.48837 48.74747 6.47293 48.75802 6.45638 48.76689 6.43887 48.774 6.42058 48.77929 6.40168 48.7827 6.38235 48.78419 6.36278 48.78377 6.34316 48.78142 6.32367 48.77717 6.30451 48.47193 5.18966 49.58679 4.88442 49.60544 4.87832 49.6234 4.87041 49.64051 4.86079 49.65659 4.84953 49.67148 4.83675 49.68505 4.82257 49.69717 4.80713 49.70772 4.79058 49.71659 4.77307 49.7237 4.75478 49.72899 4.73588 49.7324 4.71655 49.7339 4.69698 49.73347 4.67736 49.73112 4.65787 49.72687 4.63871 49.72077 4.62006 49.71286 4.60209 49.70323 4.58499 49.69198 4.56891 49.6792 4.55401 49.66502 4.54044 49.64958 4.52832 49.63303 4.51778 49.61552 4.5089 49.59723 4.50179 49.57833 4.4965 49.559 4.49309 49.53943 4.4916 49.5198 4.49203 49.50032 4.49437 49.48116 4.49862 48.36631 4.80386 48.06107 3.68901 48.05497 3.67035 48.04706 3.65239 48.03743 3.63528 48.02618 3.61921 48.0134 3.60431 47.99922 3.59074 47.98378 3.57862 47.96723 3.56807 47.94972 3.5592 47.93143 3.55209 47.91252 3.5468 47.8932 3.54339 47.87363 3.5419 47.854 3.54232 47.83452 3.54467 47.81536 3.54892 47.7967 3.55503 47.77874 3.56293 47.76163 3.57256 47.74556 3.58381 47.73066 3.59659 47.71709 3.61077 47.70497 3.62621 47.69442 3.64276 47.68555 3.66027 47.67844 3.67856 47.67315 3.69747 47.66974 3.71679 47.66824 3.73636 47.66867 3.75599 47.67102 3.77547 

136
44.93615 4.40522 44.45234 3.4149 45.44266 2.93108 45.45985 2.92161 45.47603 2.9105 45.49104 2.89786 45.50475 2.88381 45.517 2.86848 45.5277 2.85203 45.53673 2.8346 45.54401 2.81637 45.54947 2.79752 45.55306 2.77822 45.55474 2.75867 45.55449 2.73904 45.55232 2.71954 45.54824 2.70034 45.54231 2.68163 45.53457 2.66359 45.5251 2.6464 45.51399 2.63022 45.50135 2.61521 45.48729 2.60151 45.47197 2.58925 45.45551 2.57855 45.43808 2.56952 45.41986 2.56224 45.40101 2.55678 45.38171 2.55319 45.36215 2.55152 45.34253 2.55176 45.32302 2.55394 45.30382 2.55801 45.28511 2.56394 45.26708 2.57168 44.27675 3.0555 43.79294 2.06517 43.78347 2.04798 43.77236 2.0318 43.75971 2.01679 43.74566 2.00309 43.73033 1.99083 43.71388 1.98013 43.69645 1.9711 43.67823 1.96382 43.65937 1.95836 43.64008 1.95477 43.62052 1.9531 43.6009 1.95334 43.58139 1.95552 43.56219 1.95959 43.54348 1.96552 43.52544 1.97326 43.50825 1.98273 43.49207 1.99384 43.47706 2.00648 43.46336 2.02054 43.4511 2.03587 43.4404 2.05232 43.43137 2.06975 43.42409 2.08797 43.41863 2.10683 43.41505 2.12612 43.41337 2.14568 43.41362 2.1653 43.41579 2.18481 43.41986 2.20401 43.42579 2.22272 43.43353 2.24076 43.91735 3.23108 42.92702 3.71489 42.90983 3.72436 42.89365 3.73547 42.87864 3.74812 42.86494 3.76217 42.85268 3.7775 42.84198 3.79395 42.83295 3.81138 42.82567 3.82961 42.82021 3.84846 42.81663 3.86776 42.81495 3.88731 42.8152 3.90694 42.81737 3.92644 42.82144 3.94564 42.82737 3.96435 42.83511 3.98239 42.84459 3.99958 42.85569 4.01576 42.86834 4.03077 42.88239 4.04447 42.89772 4.05673 42.91417 4.06743 42.9316 4.07646 42.94983 4.08374 42.96868 4.0892 42.98798 4.09279 43.00753 4.09446 43.02716 4.09421 43.04666 4.09204 43.06586 4.08797 43.08457 4.08204 43.10261 4.0743 44.09293 3.59048 44.57675 4.58081 44.58622 4.598 44.59733 4.61418 44.60997 4.62919 44.62402 4.64289 44.63935 4.65515 44.65581 4.66585 44.67323 4.67488 44.69146 4.68216 44.71031 4.68762 44.72961 4.69121 44.74916 4.69288 44.76879 4.69263 44.7883 4.69046 44.8075 4.68639 44.8262 4.68046 44.84424 4.67272 44.86143 4.66325 44.87761 4.65214 44.89262 4.63949 44.90633 4.62544 44.91858 4.61011 44.92928 4.59366 44.93831 4.57623 44.94559 4.55801 44.95105 4.53915 44.95464 4.51986 44.95632 4.5003 44.95607 4.48068 44.9539 4.46117 44.94982 4.44197 44.94389 4.42326 

136
29.80121 43.49324 28.74556 43.28424 28.95455 42.22859 28.95741 42.20917 28.95836 42.18956 28.95738 42.16996 28.95448 42.15055 28.9497 42.13152 28.94307 42.11304 28.93466 42.09531 28.92455 42.07848 28.91285 42.06273 28.89965 42.0482 28.8851 42.03503 28.86932 42.02335 28.85248 42.01328 28.83473 42.0049 28.81624 41.9983 28.7972 41.99355 28.77778 41.99069 28.75818 41.98975 28.73858 41.99073 28.71917 41.99362 28.70013 41.99841 28.68166 42.00504 28.66392 42.01345 28.6471 42.02355 28.63134 42.03526 28.61681 42.04845 28.60364 42.06301 28.59197 42.07878 28.58189 42.09563 28.57352 42.11338 28.56692 42.13186 28.56217 42.1509 28.35317 43.20656 27.29752 42.99757 27.2781 42.9947 27.2585 42.99376 27.23889 42.99474 27.21948 42.99764 27.20045 43.00242 27.18197 43.00905 27.16424 43.01746 27.14741 43.02756 27.13166 43.03927 27.11713 43.05246 27.10396 43.06702 27.09228 43.08279 27.08221 43.09964 27.07383 43.11739 27.06724 43.13587 27.06249 43.15492 27.05962 43.17433 27.05868 43.19394 27.05966 43.21354 27.06256 43.23295 27.06734 43.25199 27.07397 43.27046 27.08238 43.2882 27.09248 43.30502 27.10419 43.32078 27.11738 43.33531 27.13194 43.34847 27.14771 43.36015 27.16456 43.37023 27.18231 43.3786 27.20079 43.3852 27.21984 43.38995 28.27549 43.59894 28.0665 44.6546 28.06364 44.67402 28.06269 44.69362 28.06367 44.71322 28.06657 44.73264 28.07135 44.75167 28.07798 44.77014 28.08639 44.78788 28.0965 44.8047 28.1082 44.82046 28.1214 44.83499 28.13595 44.84816 28.15173 44.85983 28.16857 44.86991 28.18632 44.87829 28.20481 44.88488 28.22385 44.88963 28.24327 44.8925 28.26287 44.89344 28.28247 44.89246 28.30189 44.88956 28.32092 44.88478 28.33939 44.87815 28.35713 44.86974 28.37395 44.85963 28.38971 44.84793 28.40424 44.83473 28.41741 44.82018 28.42908 44.8044 28.43916 44.78756 28.44754 44.76981 28.45413 44.75133 28.45888 44.73228 28.66788 43.67663 29.72353 43.88562 29.74295 43.88848 29.76255 43.88943 29.78216 43.88845 29.80157 43.88555 29.8206 43.88076 29.83908 43.87413 29.85681 43.86573 29.87364 43.85562 29.88939 43.84392 29.90392 43.83072 29.91709 43.81617 29.92877 43.80039 29.93884 43.78355 29.94722 43.7658 29.95381 43.74731 29.95857 43.72827 29.96143 43.70885 29.96237 43.68925 29.96139 43.66964 29.95849 43.65023 29.95371 43.6312 29.94708 43.61272 29.93867 43.59499 29.92857 43.57816 29.91686 43.56241 29.90367 43.54788 29.88911 43.53471 29.87334 43.52303 29.85649 43.51296 29.83874 43.50458 29.82026 43.49799 

84
45.80652 10.48481 45.63257 12.04684 45.63136 12.06643 45.63207 12.08604 45.63471 12.10549 45.63923 12.12459 45.64561 12.14315 45.65377 12.161 45.66365 12.17796 45.67514 12.19387 45.68813 12.20858 45.70251 12.22195 45.71812 12.23384 45.73483 12.24414 45.75246 12.25276 45.77085 12.2596 45.78983 12.26462 45.80921 12.26774 45.8288 12.26895 45.84841 12.26824 45.86786 12.26561 45.88696 12.26108 45.90552 12.25471 45.92337 12.24654 45.94033 12.23667 45.95624 12.22518 45.97095 12.21218 45.98432 12.19781 45.99621 12.18219 46.00651 12.16549 46.01513 12.14785 46.02198 12.12946 46.02699 12.11048 46.03011 12.09111 46.2262 10.33031 46.22741 10.31072 46.2267 10.2911 46.22406 10.27165 46.21954 10.25255 46.21316 10.23399 46.205 10.21614 46.19512 10.19918 46.18363 10.18327 46.17064 10.16856 46.15626 10.1552 46.14065 10.1433 46.12394 10.133 46.10631 10.12438 46.08791 10.11754 46.06894 10.11253 46.04956 10.1094 44.28876 9.91332 44.26917 9.9121 44.24956 9.91282 44.23011 9.91545 44.21101 9.91998 44.19245 9.92635 44.1746 9.93452 44.15764 9.94439 44.14172 9.95588 44.12702 9.96888 44.11365 9.98325 44.10176 9.99887 44.09146 10.01557 44.08284 10.03321 44.07599 10.0516 44.07098 10.07058 44.06785 10.08995 44.06664 10.10954 44.06736 10.12916 44.06999 10.14861 44.07451 10.1677 44.08089 10.18627 44.08906 10.20411 44.09893 10.22108 44.11042 10.23699 44.12342 10.2517 44.13779 10.26506 44.1534 10.27695 44.17011 10.28726 44.18774 10.29587 44.20614 10.30272 44.22511 10.30773 44.24449 10.31086 

84
12.15127 0.44742 13.57552 0.80107 13.59478 0.80486 13.61431 0.80675 13.63394 0.80671 13.65347 0.80474 13.67271 0.80087 13.69148 0.79514 13.7096 0.78759 13.72689 0.7783 13.74319 0.76736 13.75833 0.75488 13.77218 0.74097 13.7846 0.72578 13.79547 0.70944 13.80469 0.69211 13.81216 0.67396 13.81782 0.65517 13.82161 0.63591 13.8235 0.61637 13.82346 0.59674 13.82149 0.57722 13.81762 0.55797 13.81189 0.5392 13.80434 0.52109 13.79505 0.50379 13.78411 0.4875 13.77163 0.47235 13.75772 0.4585 13.74253 0.44608 13.72619 0.43521 13.70886 0.42599 13.69071 0.41852 13.67191 0.41286 12.05356 0.01101 12.03431 0.00722 12.01477 0.00534 11.99514 0.00538 11.97561 0.00734 11.95637 0.01121 11.9376 0.01695 11.91948 0.02449 11.90219 0.03378 11.8859 0.04472 11.87075 0.0572 11.8569 0.07111 11.84448 0.08631 11.83361 0.10265 11.82439 0.11998 11.81692 0.13813 11.81126 0.15692 11.40941 1.77527 11.40562 1.79453 11.40374 1.81406 11.40378 1.83369 11.40574 1.85322 11.40961 1.87246 11.41535 1.89123 11.42289 1.90935 11.43218 1.92664 11.44312 1.94294 11.4556 1.95808 11.46951 1.97193 11.48471 1.98435 11.50105 1.99522 11.51838 2.00444 11.53652 2.01191 11.55532 2.01757 11.57458 2.02136 11.59411 2.02325 11.61374 2.02321 11.63327 2.02124 11.65251 2.01737 11.67128 2.01164 11.6894 2.00409 11.70669 1.9948 11.72299 1.98386 11.73813 1.97138 11.75198 1.95748 11.7644 1.94228 11.77527 1.92594 11.78449 1.90861 11.79196 1.89046 11.79762 1.87167 

84
35.35863 31.80506 35.27219 30.40626 35.27002 30.38676 35.26594 30.36756 35.26001 30.34885 35.25227 30.33081 35.2428 30.31362 35.23169 30.29744 35.21905 30.28243 35.205 30.26872 35.18967 30.25646 35.17321 30.24577 35.15579 30.23673 35.13756 30.22945 35.11871 30.22399 35.09941 30.22041 35.07986 30.21873 35.06023 30.21898 35.04072 30.22115 35.02152 30.22522 35.00282 30.23116 34.98478 30.23889 34.96759 30.24837 34.95141 30.25947 34.93639 30.27212 34.92269 30.28617 34.91043 30.3015 34.89974 30.31795 34.8907 30.33538 34.88342 30.3536 34.87796 30.37246 34.87438 30.39175 34.8727 30.41131 34.87295 30.43093 34.97173 32.02935 34.9739 32.04885 34.97797 32.06805 34.9839 32.08676 34.99164 32.1048 35.00111 32.12199 35.01222 32.13817 35.02487 32.15318 35.03892 32.16689 35.05425 32.17915 35.0707 32.18984 35.08813 32.19888 35.10635 32.20616 35.12521 32.21162 35.1445 32.2152 35.16406 32.21688 35.18368 32.21663 36.7821 32.11785 36.8016 32.11568 36.8208 32.11161 36.83951 32.10567 36.85755 32.09794 36.87474 32.08847 36.89092 32.07736 36.90593 32.06471 36.91964 32.05066 36.93189 32.03533 36.94259 32.01888 36.95162 32.00145 36.95891 31.98323 36.96437 31.96437 36.96795 31.94508 36.96963 31.92552 36.96938 31.9059 36.96721 31.88639 36.96314 31.86719 36.9572 31.84848 36.94946 31.83044 36.93999 31.81325 36.92888 31.79707 36.91624 31.78206 36.90219 31.76836 36.88686 31.7561 36.87041 31.7454 36.85298 31.73637 36.83475 31.72909 36.8159 31.72363 36.79661 31.72004 36.77705 31.71837 36.75742 31.71861 

