39
16
20.02699 23.4812 20.02129 23.49998 19.90207 23.97595 19.89824 23.9952 19.82624 24.48057 19.82432 24.5001 19.80024 24.99019 19.80024 25.00981 19.82432 25.4999 20.22384 25.48027 20.20024 25.0 20.22335 24.52954 20.29247 24.06361 20.40692 23.6067 20.56891 23.15396 20.19229 23.0192 

7
27.88067 29.32889 27.89699 29.31799 28.29111 29.02569 28.05283 28.70441 27.6666 28.99085 27.25416 29.23806 27.4598 29.58115 

13
21.70889 20.97431 21.69372 20.98676 21.33015 21.31628 21.31628 21.33015 20.98676 21.69372 20.97431 21.70889 20.68201 22.10301 21.00329 22.34129 21.28974 21.95507 21.60606 21.60606 21.95507 21.28974 22.34129 21.00329 22.10301 20.68201 

19
26.5188 20.02699 26.50002 20.02129 26.02405 19.90207 26.0048 19.89824 25.51943 19.82624 25.4999 19.82432 25.00981 19.80024 24.99019 19.80024 24.5001 19.82432 24.48057 19.82624 23.9952 19.89824 24.05389 20.29391 24.52954 20.22335 25.0 20.20024 25.47046 20.22335 25.93639 20.29247 26.3933 20.40692 26.84604 20.56891 26.9808 20.19229 

43
20.67111 27.88067 20.68201 27.89699 20.97431 28.29111 20.98676 28.30628 21.31628 28.66985 21.33015 28.68372 21.69372 29.01324 21.70889 29.02569 22.10301 29.31799 22.11933 29.32889 22.5402 29.58115 22.55751 29.5904 23.00107 29.8002 23.0192 29.80771 23.4812 29.97301 23.49998 29.97871 23.97595 30.09793 23.9952 30.10176 24.48057 30.17376 24.5001 30.17568 24.99019 30.19976 25.00981 30.19976 25.4999 30.17568 25.51943 30.17376 26.0048 30.10176 26.02405 30.09793 26.50002 29.97871 26.40283 29.5907 25.93639 29.70753 25.47046 29.77665 25.0 29.79976 24.52954 29.77665 24.06361 29.70753 23.6067 29.59308 23.16321 29.4344 22.73741 29.23301 22.3334 28.99085 21.95507 28.71026 21.60606 28.39394 21.28974 28.04493 21.00915 27.6666 20.76194 27.25416 20.41885 27.4598 

37
29.31799 27.89699 29.32889 27.88067 29.58115 27.4598 29.5904 27.44249 29.8002 26.99893 29.80771 26.9808 29.97301 26.5188 29.97871 26.50002 30.09793 26.02405 30.10176 26.0048 30.17376 25.51943 30.17568 25.4999 30.19976 25.00981 30.19976 24.99019 30.17568 24.5001 30.17376 24.48057 30.10176 23.9952 30.09793 23.97595 29.97871 23.49998 29.97301 23.4812 29.80771 23.0192 29.8002 23.00107 29.5904 22.55751 29.22881 22.72853 29.4344 23.16321 29.59308 23.6067 29.70753 24.06361 29.77665 24.52954 29.79976 25.0 29.77665 25.47046 29.70753 25.93639 29.59308 26.3933 29.4344 26.83679 29.23301 27.26259 28.99085 27.6666 28.70441 28.05283 29.02569 28.29111 

10
20.20052 15.99999 20.18321 16.00924 19.34148 16.51376 19.32516 16.52466 18.53693 17.10925 18.77521 17.43054 19.55555 16.8518 20.38043 16.35738 21.25868 15.942 21.08765 15.58041 

10
16.52466 19.32516 16.51376 19.34148 16.00924 20.18321 15.99999 20.20052 15.58041 21.08765 15.942 21.25868 16.35738 20.38043 16.8518 19.55555 17.43054 18.77521 17.10925 18.53693 

16
14.85032 23.99048 14.84839 24.01002 14.80024 24.99019 14.80024 25.00981 14.84839 25.98998 14.85032 26.00952 14.99431 26.98025 14.99814 26.9995 15.23659 27.95144 15.6246 27.85425 15.38854 26.91184 15.24743 25.96054 15.20024 25.0 15.24743 24.03946 15.38998 23.07844 14.99431 23.01975 

40
35.00186 26.9995 35.00569 26.98025 35.14968 26.00952 35.15161 25.98998 35.19976 25.00981 35.19976 24.99019 35.15161 24.01002 35.14968 23.99048 35.00569 23.01975 35.00186 23.0005 34.76341 22.04856 34.75771 22.02978 34.4271 21.10579 34.41959 21.08765 34.00001 20.20052 33.99076 20.18321 33.48624 19.34148 33.47534 19.32516 32.89075 18.53693 32.87829 18.52176 32.21926 17.79462 32.20538 17.78074 31.47824 17.12171 31.46307 17.10925 30.67484 16.52466 30.43656 16.84595 31.2169 17.42468 31.92948 18.07052 32.57532 18.7831 33.1482 19.55555 33.64262 20.38043 34.0538 21.24979 34.37778 22.15528 34.61146 23.08816 34.75257 24.03946 34.79976 25.0 34.75257 25.96054 34.61146 26.91184 34.3754 27.85425 34.76341 27.95144 

19
27.97022 15.24229 27.95144 15.23659 26.9995 14.99814 26.98025 14.99431 26.00952 14.85032 25.98998 14.84839 25.00981 14.80024 24.99019 14.80024 24.01002 14.84839 23.99048 14.85032 23.01975 14.99431 23.07844 15.38998 24.03946 15.24743 25.0 15.20024 25.96054 15.24743 26.91184 15.38854 27.84472 15.62222 28.75946 15.94951 28.89421 15.5729 

25
17.10925 31.46307 17.12171 31.47824 17.78074 32.20538 17.79462 32.21926 18.52176 32.87829 18.53693 32.89075 19.32516 33.47534 19.34148 33.48624 20.18321 33.99076 20.20052 34.00001 21.08765 34.41959 21.10579 34.4271 22.02978 34.75771 22.04856 34.76341 23.0005 35.00186 23.09769 34.61385 22.15528 34.37778 21.24979 34.0538 20.38043 33.64262 19.55555 33.1482 18.7831 32.57532 18.07052 31.92948 17.42468 31.2169 16.84595 30.43656 16.52466 30.67484 

16
27.95144 34.76341 27.97022 34.75771 28.89421 34.4271 28.91235 34.41959 29.79948 34.00001 29.81679 33.99076 30.65852 33.48624 30.67484 33.47534 31.46307 32.89075 31.22479 32.56946 30.44445 33.1482 29.61957 33.64262 28.75021 34.0538 27.84472 34.37778 26.90231 34.61385 26.9995 35.00186 

4
33.43637 37.64359 33.23073 37.3005 31.96813 38.05727 32.17377 38.40036 

13
24.99019 40.19976 25.00981 40.19976 26.48007 40.12753 26.4996 40.12561 27.9557 39.90961 27.97495 39.90579 29.40287 39.54811 29.30567 39.1601 27.88729 39.51539 26.45063 39.72849 25.0 39.79976 23.53956 39.72801 23.51993 40.12753 

7
9.87439 23.5004 9.87247 23.51993 9.80024 24.99019 10.19976 25.00981 10.27151 23.54937 10.48606 22.10299 10.09039 22.0443 

55
40.12753 23.51993 40.12561 23.5004 39.90961 22.0443 39.90579 22.02505 39.54811 20.59713 39.54241 20.57835 39.0465 19.19237 39.03899 19.17424 38.40962 17.84354 38.40036 17.82623 37.64359 16.56363 37.63269 16.54731 36.7558 15.36496 36.74335 15.34979 35.75479 14.25909 35.74091 14.24521 34.65021 13.25665 34.63504 13.2442 33.45269 12.36731 33.43637 12.35641 32.17377 11.59964 32.15646 11.59038 30.82576 10.96101 30.80763 10.9535 29.42165 10.45759 29.40287 10.45189 27.97495 10.09421 27.9557 10.09039 26.4996 9.87439 26.48007 9.87247 25.00981 9.80024 24.99019 9.80024 23.51993 9.87247 23.5004 9.87439 22.0443 10.09039 22.10299 10.48606 23.54937 10.27151 25.0 10.20024 26.45063 10.27151 27.88729 10.48461 29.29614 10.83751 30.66362 11.32681 31.97656 11.94778 33.22231 12.69445 34.38887 13.55963 35.46501 14.53499 36.44037 15.61113 37.30555 16.77769 38.05222 18.02344 38.67319 19.33638 39.16249 20.70386 39.51539 22.11271 39.72849 23.54937 39.80024 25.00981 40.19976 24.99019 

13
17.84354 11.59038 17.82623 11.59964 16.56363 12.35641 16.54731 12.36731 15.36496 13.2442 15.34979 13.25665 14.25909 14.24521 14.52771 14.54159 15.61113 13.55963 16.77769 12.69445 18.02344 11.94778 19.34526 11.3226 19.17424 10.96101 

28
10.45189 29.40287 10.45759 29.42165 10.9535 30.80763 10.96101 30.82576 11.59038 32.15646 11.59964 32.17377 12.35641 33.43637 12.36731 33.45269 13.2442 34.63504 13.25665 34.65021 14.24521 35.74091 14.25909 35.75479 15.34979 36.74335 15.36496 36.7558 16.54731 37.63269 16.56363 37.64359 17.82623 38.40036 18.03187 38.05727 16.77769 37.30555 15.61113 36.44037 14.53499 35.46501 13.55963 34.38887 12.69445 33.22231 11.94778 31.97656 11.32681 30.66362 10.83751 29.29614 10.48223 27.87776 10.09421 27.97495 

22
35.74091 35.75479 35.75479 35.74091 36.74335 34.65021 36.7558 34.63504 37.63269 33.45269 37.64359 33.43637 38.40036 32.17377 38.40962 32.15646 39.03899 30.82576 39.0465 30.80763 39.54241 29.42165 39.54811 29.40287 39.90579 27.97495 39.51777 27.87776 39.16249 29.29614 38.67319 30.66362 38.05222 31.97656 37.30555 33.22231 36.44037 34.38887 35.46501 35.46501 34.38159 36.44697 34.65021 36.74335 

7
21.0496 44.80971 21.06885 44.81354 23.01031 45.10153 23.069 44.70586 21.13726 44.41931 19.2429 43.9448 19.14571 44.33281 

13
5.67288 19.12693 5.66719 19.14571 5.19029 21.0496 5.18646 21.06885 4.89847 23.01031 4.89655 23.02984 4.80024 24.99019 5.19976 25.00981 5.29558 23.05928 5.58069 21.13726 6.05281 19.25243 6.71072 17.41371 6.3341 17.27895 

10
9.3916 12.17782 9.37915 12.19299 8.20997 13.76946 8.19906 13.78577 7.19003 15.46924 7.53312 15.67489 8.5371 13.99984 9.69458 12.43917 11.00605 10.99218 10.70967 10.72355 

25
32.72105 43.6659 32.73918 43.65839 34.51345 42.81922 34.53076 42.80997 36.21423 41.80094 36.23054 41.79003 37.80701 40.62085 37.82218 40.6084 39.27645 39.29033 39.29033 39.27645 40.6084 37.82218 40.62085 37.80701 41.79003 36.23054 41.80094 36.21423 42.80997 34.53076 42.46688 34.32511 41.4629 36.00016 40.30542 37.56083 39.00054 39.00054 37.56083 40.30542 36.00016 41.4629 34.33354 42.46183 32.57704 43.29259 30.73832 43.9505 30.87307 44.32712 

16
44.81354 21.06885 44.80971 21.0496 44.33281 19.14571 44.32712 19.12693 43.6659 17.27895 43.65839 17.26082 42.81922 15.48655 42.80997 15.46924 41.80094 13.78577 41.45785 13.99142 42.46183 15.66646 43.29259 17.42296 43.94719 19.25243 44.41931 21.13726 44.70586 23.069 45.10153 23.01031 

43
37.82218 9.3916 37.80701 9.37915 36.23054 8.20997 36.21423 8.19906 34.53076 7.19003 34.51345 7.18078 32.73918 6.34161 32.72105 6.3341 30.87307 5.67288 30.85429 5.66719 28.9504 5.19029 28.93115 5.18646 26.98969 4.89847 26.97016 4.89655 25.00981 4.80024 24.99019 4.80024 23.02984 4.89655 23.01031 4.89847 21.06885 5.18646 21.0496 5.19029 19.14571 5.66719 19.12693 5.67288 17.27895 6.3341 17.26082 6.34161 15.48655 7.18078 15.46924 7.19003 13.78577 8.19906 13.99142 8.54215 15.66646 7.53817 17.42296 6.70741 19.25243 6.05281 21.13726 5.58069 23.05928 5.29558 25.0 5.20024 26.94072 5.29558 28.86274 5.58069 30.74757 6.05281 32.57704 6.70741 34.33354 7.53817 36.00016 8.5371 37.56083 9.69458 39.00782 11.00605 39.27645 10.70967 

19
8.19906 36.21423 8.20997 36.23054 9.37915 37.80701 9.3916 37.82218 10.70967 39.27645 10.72355 39.29033 12.17782 40.6084 12.19299 40.62085 13.76946 41.79003 13.78577 41.80094 15.46924 42.80997 15.67489 42.46688 13.99984 41.4629 12.43917 40.30542 10.99946 39.00054 9.69458 37.56083 8.5371 36.00016 7.53312 34.32511 7.19003 34.53076 

4
15.19659 0.43521 12.55654 1.86003 13.98135 4.50009 16.62141 3.07527 

3
49.6113 8.93205 47.417 5.49873 45.85955 8.10604 

3
2.64724 39.70189 5.30012 42.14945 6.04754 39.56501 

3
5.12978 31.01607 1.87063 30.05742 2.31791 32.54974 

102
48.14807 44.95386 47.28069 45.97268 47.26871 45.98823 47.25832 46.00488 47.24961 46.02247 47.24266 46.04083 47.23755 46.05978 47.23432 46.07914 47.233 46.09872 47.23361 46.11834 47.23614 46.1378 47.24057 46.15692 47.24684 46.17552 47.25491 46.19341 47.2647 46.21043 47.2761 46.2264 47.28902 46.24118 47.30332 46.25462 48.47443 47.25166 48.48998 47.26363 48.50663 47.27402 48.52422 47.28273 48.54258 47.28968 48.56153 47.29479 48.58089 47.29802 48.60047 47.29934 48.62009 47.29873 48.63955 47.2962 48.65867 47.29178 48.67727 47.2855 48.69516 47.27743 48.71217 47.26764 48.72815 47.25624 48.74293 47.24332 48.75637 47.22902 48.76834 47.21347 48.77873 47.19682 48.78745 47.17923 48.79439 47.16087 48.7995 47.14193 48.80273 47.12257 48.80405 47.10298 48.80344 47.08337 48.80091 47.0639 48.79649 47.04478 48.79021 47.02618 48.78214 47.00829 48.77236 46.99128 48.76095 46.97531 48.74803 46.96053 48.73373 46.94709 47.71491 46.0797 48.5823 45.06087 48.59427 45.04532 48.60466 45.02867 48.61337 45.01109 48.62032 44.99273 48.62543 44.97378 48.62866 44.95442 48.62998 44.93484 48.62937 44.91522 48.62684 44.89575 48.62242 44.87663 48.61614 44.85804 48.60807 44.84015 48.59828 44.82313 48.58688 44.80716 48.57396 44.79238 48.55966 44.77894 46.21744 42.78486 46.20189 42.77289 46.18524 42.7625 46.16765 42.75379 46.14929 42.74684 46.13034 42.74173 46.11099 42.7385 46.0914 42.73718 46.07178 42.73779 46.05232 42.74032 46.0332 42.74474 46.0146 42.75102 45.99671 42.75909 45.9797 42.76888 45.96372 42.78028 45.94895 42.7932 45.9355 42.8075 45.92353 42.82305 45.91314 42.8397 45.90443 42.85729 45.89748 42.87565 45.89237 42.89459 45.88914 42.91395 45.88782 42.93354 45.88843 42.95315 45.89096 42.97262 45.89539 42.99174 45.90166 43.01034 45.90973 43.02823 45.91952 43.04524 45.93092 43.06121 45.94384 43.07599 45.95814 43.08943 

136
9.62087 1.5655 9.31757 2.73872 8.14435 2.43542 8.12513 2.43144 8.10562 2.42937 8.08599 2.42922 8.06644 2.431 8.04717 2.43468 8.02834 2.44024 8.01015 2.44761 7.99277 2.45674 7.97637 2.46752 7.96111 2.47985 7.94712 2.49363 7.93456 2.5087 7.92353 2.52494 7.91415 2.54218 7.9065 2.56026 7.90066 2.57899 7.89669 2.59821 7.89462 2.61773 7.89447 2.63736 7.89624 2.6569 7.89993 2.67618 7.90548 2.69501 7.91286 2.7132 7.92198 2.73058 7.93276 2.74698 7.9451 2.76224 7.95887 2.77622 7.97395 2.78879 7.99018 2.79982 8.00742 2.8092 8.0255 2.81685 8.04424 2.82269 9.21745 3.12599 8.91415 4.29921 8.91018 4.31843 8.90811 4.33794 8.90796 4.35757 8.90973 4.37712 8.91342 4.3964 8.91897 4.41522 8.92635 4.43341 8.93547 4.45079 8.94625 4.46719 8.95859 4.48245 8.97236 4.49644 8.98744 4.509 9.00367 4.52003 9.02091 4.52941 9.03899 4.53706 9.05773 4.5429 9.07695 4.54687 9.09646 4.54894 9.11609 4.54909 9.13564 4.54732 9.15492 4.54363 9.17374 4.53808 9.19193 4.5307 9.20931 4.52158 9.22571 4.5108 9.24097 4.49846 9.25496 4.48469 9.26752 4.46961 9.27855 4.45338 9.28793 4.43614 9.29558 4.41806 9.30142 4.39932 9.60472 3.22611 10.77794 3.52941 10.79716 3.53338 10.81668 3.53546 10.8363 3.5356 10.85585 3.53383 10.87513 3.53014 10.89395 3.52459 10.91214 3.51721 10.92952 3.50809 10.94592 3.49731 10.96119 3.48498 10.97517 3.4712 10.98774 3.45612 10.99876 3.43989 11.00814 3.42265 11.01579 3.40457 11.02163 3.38583 11.02561 3.36661 11.02768 3.3471 11.02782 3.32747 11.02605 3.30792 11.02236 3.28865 11.01681 3.26982 11.00944 3.25163 11.00031 3.23425 10.98953 3.21785 10.9772 3.20259 10.96342 3.1886 10.94835 3.17604 10.93211 3.16501 10.91487 3.15563 10.89679 3.14798 10.87806 3.14214 9.70484 2.83884 10.00814 1.66562 10.01212 1.6464 10.01419 1.62688 10.01434 1.60726 10.01256 1.58771 10.00888 1.56843 10.00332 1.54961 9.99595 1.53142 9.98683 1.51404 9.97604 1.49764 9.96371 1.48237 9.94993 1.46839 9.93486 1.45583 9.91862 1.4448 9.90138 1.43542 9.88331 1.42777 9.86457 1.42193 9.84535 1.41796 9.82583 1.41588 9.8062 1.41574 9.78666 1.41751 9.76738 1.4212 9.74855 1.42675 9.73036 1.43413 9.71299 1.44325 9.69658 1.45403 9.68132 1.46636 9.66734 1.48014 9.65477 1.49521 9.64374 1.51145 9.63436 1.52869 9.62671 1.54677 

136
2.7164 9.06001 3.44466 9.95761 2.54707 10.68588 2.53245 10.69898 2.51919 10.71345 2.50741 10.72915 2.49722 10.74593 2.48873 10.76362 2.48202 10.78206 2.47714 10.80108 2.47415 10.82047 2.47308 10.84007 2.47393 10.85968 2.4767 10.87911 2.48137 10.89818 2.48788 10.91669 2.49617 10.93448 2.50616 10.95137 2.51777 10.9672 2.53087 10.98182 2.54533 10.99508 2.56103 11.00686 2.57781 11.01705 2.59551 11.02554 2.61395 11.03225 2.63296 11.03713 2.65236 11.04012 2.67196 11.04119 2.69157 11.04033 2.711 11.03756 2.73006 11.0329 2.74858 11.02639 2.76637 11.0181 2.78326 11.0081 2.79909 10.9965 3.69669 10.26823 4.42496 11.16583 4.43806 11.18045 4.45252 11.19371 4.46822 11.20549 4.485 11.21567 4.5027 11.22416 4.52114 11.23088 4.54015 11.23576 4.55955 11.23874 4.57915 11.23982 4.59876 11.23896 4.61819 11.23619 4.63725 11.23153 4.65577 11.22502 4.67356 11.21673 4.69045 11.20673 4.70628 11.19513 4.72089 11.18203 4.73416 11.16756 4.74594 11.15186 4.75612 11.13509 4.76461 11.11739 4.77133 11.09895 4.7762 11.07994 4.77919 11.06054 4.78026 11.04094 4.77941 11.02133 4.77664 11.0019 4.77198 10.98284 4.76547 10.96432 4.75718 10.94653 4.74718 10.92964 4.73558 10.91381 4.00731 10.01621 4.90491 9.28794 4.91952 9.27484 4.93278 9.26037 4.94456 9.24467 4.95475 9.2279 4.96324 9.2102 4.96996 9.19176 4.97483 9.17275 4.97782 9.15335 4.97889 9.13375 4.97804 9.11414 4.97527 9.09471 4.97061 9.07565 4.9641 9.05713 4.9558 9.03934 4.94581 9.02245 4.93421 9.00662 4.92111 8.992 4.90664 8.97874 4.89094 8.96696 4.87416 8.95678 4.85647 8.94829 4.83802 8.94157 4.81901 8.93669 4.79961 8.93371 4.78002 8.93263 4.76041 8.93349 4.74098 8.93626 4.72191 8.94092 4.70339 8.94743 4.6856 8.95572 4.66871 8.96572 4.65288 8.97732 3.75528 9.70559 3.02702 8.80799 3.01392 8.79337 2.99945 8.78011 2.98375 8.76833 2.96697 8.75815 2.94928 8.74966 2.93083 8.74294 2.91182 8.73807 2.89242 8.73508 2.87282 8.734 2.85322 8.73486 2.83379 8.73763 2.81472 8.74229 2.7962 8.7488 2.77841 8.75709 2.76152 8.76709 2.74569 8.77869 2.73108 8.79179 2.71782 8.80626 2.70604 8.82196 2.69585 8.83874 2.68736 8.85643 2.68065 8.87487 2.67577 8.89389 2.67278 8.91328 2.67171 8.93288 2.67256 8.95249 2.67533 8.97192 2.68 8.99099 2.6865 9.0095 2.6948 9.02729 2.70479 9.04418 

136
4.35941 36.02579 3.73213 36.93207 2.82585 36.30479 2.80919 36.29442 2.79158 36.28574 2.77322 36.27883 2.75426 36.27375 2.73489 36.27055 2.71531 36.26926 2.69569 36.2699 2.67623 36.27247 2.65712 36.27692 2.63853 36.28323 2.62065 36.29133 2.60366 36.30114 2.5877 36.31258 2.57295 36.32552 2.55953 36.33984 2.54758 36.35541 2.53721 36.37208 2.52853 36.38968 2.52162 36.40805 2.51654 36.42701 2.51334 36.44637 2.51206 36.46596 2.5127 36.48557 2.51526 36.50503 2.51972 36.52415 2.52602 36.54273 2.53412 36.56061 2.54394 36.57761 2.55537 36.59356 2.56831 36.60832 2.58263 36.62174 2.5982 36.63369 3.50448 37.26097 2.8772 38.16724 2.86683 38.18391 2.85815 38.20151 2.85124 38.21988 2.84616 38.23884 2.84296 38.25821 2.84168 38.27779 2.84232 38.29741 2.84488 38.31687 2.84933 38.33598 2.85564 38.35457 2.86374 38.37245 2.87356 38.38944 2.88499 38.4054 2.89793 38.42015 2.91225 38.43357 2.92782 38.44552 2.94449 38.45588 2.96209 38.46457 2.98046 38.47148 2.99942 38.47656 3.01879 38.47976 3.03837 38.48104 3.05799 38.4804 3.07745 38.47784 3.09656 38.47338 3.11515 38.46708 3.13302 38.45898 3.15002 38.44916 3.16598 38.43773 3.18073 38.42479 3.19415 38.41047 3.2061 38.39489 3.83338 37.48862 4.73966 38.1159 4.75632 38.12627 4.77393 38.13495 4.7923 38.14186 4.81125 38.14694 4.83062 38.15014 4.8502 38.15142 4.86982 38.15078 4.88928 38.14822 4.90839 38.14376 4.92698 38.13746 4.94486 38.12936 4.96186 38.11954 4.97781 38.10811 4.99257 38.09517 5.00598 38.08085 5.01793 38.06528 5.0283 38.04861 5.03698 38.03101 5.04389 38.01264 5.04897 37.99368 5.05217 37.97431 5.05346 37.95473 5.05281 37.93511 5.05025 37.91565 5.0458 37.89654 5.03949 37.87795 5.03139 37.86007 5.02157 37.84308 5.01014 37.82712 4.9972 37.81237 4.98288 37.79895 4.96731 37.787 4.06103 37.15972 4.68831 36.25344 4.69868 36.23677 4.70736 36.21917 4.71427 36.2008 4.71935 36.18185 4.72255 36.16248 4.72384 36.1429 4.72319 36.12328 4.72063 36.10382 4.71618 36.08471 4.70987 36.06612 4.70177 36.04824 4.69196 36.03124 4.68052 36.01529 4.66758 36.00053 4.65326 35.98712 4.63769 35.97517 4.62102 35.9648 4.60342 35.95612 4.58505 35.94921 4.56609 35.94413 4.54673 35.94093 4.52714 35.93964 4.50752 35.94029 4.48807 35.94285 4.46895 35.9473 4.45037 35.95361 4.43249 35.96171 4.41549 35.97152 4.39954 35.98296 4.38478 35.9959 4.37136 36.01022 

136
15.02271 44.87847 15.95442 45.24467 15.58822 46.17638 15.58194 46.19498 15.57752 46.2141 15.575 46.23357 15.57439 46.25319 15.57571 46.27277 15.57894 46.29213 15.58406 46.31108 15.59101 46.32943 15.59972 46.34702 15.61011 46.36367 15.62209 46.37922 15.63553 46.39352 15.65031 46.40643 15.66629 46.41783 15.6833 46.42762 15.7012 46.43568 15.71979 46.44196 15.73892 46.44638 15.75838 46.44891 15.778 46.44951 15.79758 46.44819 15.81694 46.44496 15.83589 46.43985 15.85425 46.4329 15.87183 46.42418 15.88848 46.41379 15.90403 46.40181 15.91833 46.38837 15.93124 46.37359 15.94265 46.35761 15.95243 46.3406 15.9605 46.32271 16.3267 45.39099 17.25841 45.7572 17.27701 45.76347 17.29613 45.76789 17.3156 45.77042 17.33522 45.77103 17.3548 45.76971 17.37416 45.76647 17.39311 45.76136 17.41146 45.75441 17.42905 45.7457 17.4457 45.7353 17.46125 45.72333 17.47555 45.70988 17.48846 45.6951 17.49986 45.67913 17.50965 45.66211 17.51771 45.64422 17.52399 45.62562 17.52841 45.6065 17.53094 45.58704 17.53154 45.56742 17.53022 45.54784 17.52699 45.52848 17.52187 45.50953 17.51493 45.49117 17.50621 45.47359 17.49582 45.45694 17.48384 45.44139 17.4704 45.42709 17.45562 45.41417 17.43964 45.40277 17.42263 45.39299 17.40474 45.38492 16.47302 45.01872 16.83923 44.087 16.8455 44.06841 16.84992 44.04928 16.85245 44.02982 16.85306 44.0102 16.85174 43.99062 16.8485 43.97126 16.84339 43.95231 16.83644 43.93396 16.82773 43.91637 16.81733 43.89972 16.80536 43.88417 16.79191 43.86987 16.77713 43.85696 16.76116 43.84555 16.74414 43.83577 16.72625 43.8277 16.70765 43.82143 16.68853 43.81701 16.66907 43.81448 16.64945 43.81388 16.62987 43.8152 16.61051 43.81843 16.59156 43.82354 16.5732 43.83049 16.55561 43.8392 16.53897 43.8496 16.52342 43.86158 16.50912 43.87502 16.4962 43.8898 16.4848 43.90577 16.47502 43.92279 16.46695 43.94068 16.10075 44.87239 15.16903 44.50619 15.15044 44.49992 15.13131 44.49549 15.11185 44.49297 15.09223 44.49236 15.07265 44.49368 15.05329 44.49691 15.03434 44.50203 15.01598 44.50898 14.9984 44.51769 14.98175 44.52808 14.9662 44.54006 14.9519 44.5535 14.93899 44.56829 14.92758 44.58426 14.9178 44.60128 14.90973 44.61917 14.90346 44.63776 14.89904 44.65689 14.89651 44.67635 14.8959 44.69597 14.89722 44.71555 14.90046 44.73491 14.90557 44.75386 14.91252 44.77222 14.92123 44.7898 14.93163 44.80645 14.9436 44.822 14.95705 44.8363 14.97183 44.84921 14.9878 44.86062 15.00482 44.8704 

84
45.66081 32.39563 44.23942 33.14717 44.22254 33.15719 44.20673 33.16881 44.19212 33.18193 44.17888 33.19641 44.16712 33.21212 44.15695 33.22891 44.14848 33.24661 44.14178 33.26506 44.13693 33.28408 44.13396 33.30348 44.13291 33.32308 44.13379 33.34269 44.13658 33.36212 44.14126 33.38118 44.14779 33.39969 44.1561 33.41747 44.16612 33.43435 44.17774 33.45016 44.19085 33.46476 44.20534 33.47801 44.22105 33.48977 44.23784 33.49994 44.25554 33.50841 44.27399 33.51511 44.29301 33.51996 44.31241 33.52293 44.33201 33.52398 44.35162 33.5231 44.37104 33.52031 44.3901 33.51563 44.40861 33.5091 44.42639 33.50079 46.02458 32.65576 46.04146 32.64574 46.05728 32.63412 46.07188 32.621 46.08513 32.60652 46.09689 32.59081 46.10706 32.57402 46.11553 32.55632 46.12222 32.53787 46.12708 32.51885 46.13005 32.49945 46.1311 32.47985 46.13022 32.46024 46.12743 32.44081 46.12275 32.42175 46.11622 32.40324 46.10791 32.38546 45.26287 30.78727 45.25286 30.77039 45.24124 30.75458 45.22812 30.73997 45.21364 30.72673 45.19793 30.71497 45.18114 30.7048 45.16343 30.69633 45.14498 30.68963 45.12597 30.68478 45.10657 30.68181 45.08697 30.68076 45.06736 30.68164 45.04793 30.68443 45.02887 30.68911 45.01036 30.69564 44.99258 30.70395 44.9757 30.71397 44.95988 30.72559 44.94528 30.7387 44.93204 30.75319 44.92027 30.7689 44.91011 30.78569 44.90164 30.80339 44.89494 30.82184 44.89009 30.84086 44.88712 30.86026 44.88607 30.87986 44.88694 30.89947 44.88974 30.91889 44.89442 30.93795 44.90095 30.95646 44.90926 30.97424 

84
44.89011 4.5959 45.32636 3.12289 45.331 3.10382 45.33375 3.08439 45.33458 3.06478 45.33349 3.04518 45.33048 3.02579 45.32559 3.00678 45.31886 2.98834 45.31035 2.97066 45.30015 2.95389 45.28835 2.9382 45.27507 2.92375 45.26044 2.91066 45.2446 2.89908 45.2277 2.8891 45.2099 2.88082 45.19138 2.87433 45.17231 2.86969 45.15288 2.86694 45.13327 2.8661 45.11367 2.8672 45.09428 2.8702 45.07527 2.8751 45.05683 2.88183 45.03915 2.89034 45.02238 2.90054 45.00669 2.91234 44.99224 2.92561 44.97915 2.94024 44.96757 2.95608 44.95759 2.97299 44.94931 2.99078 44.94282 3.00931 44.44979 4.67408 44.44514 4.69315 44.44239 4.71259 44.44156 4.7322 44.44265 4.75179 44.44566 4.77119 44.45055 4.79019 44.45729 4.80863 44.46579 4.82632 44.476 4.84309 44.48779 4.85877 44.50107 4.87323 44.5157 4.88631 44.53154 4.8979 44.54844 4.90788 44.56624 4.91615 44.58476 4.92264 46.24954 5.41568 46.26861 5.42032 46.28804 5.42307 46.30765 5.42391 46.32725 5.42281 46.34664 5.41981 46.36565 5.41491 46.38408 5.40818 46.40177 5.39967 46.41854 5.38947 46.43423 5.37767 46.44868 5.3644 46.46177 5.34977 46.47335 5.33393 46.48333 5.31703 46.49161 5.29923 46.4981 5.2807 46.50274 5.26163 46.50549 5.2422 46.50633 5.22259 46.50523 5.203 46.50223 5.1836 46.49733 5.16459 46.4906 5.14616 46.48209 5.12847 46.47189 5.1117 46.46009 5.09602 46.44682 5.08156 46.43219 5.06848 46.41635 5.05689 46.39944 5.04691 46.38165 5.03863 46.36312 5.03214 

84
22.24299 18.97314 21.64713 17.55715 21.63864 17.53946 21.62845 17.52268 21.61667 17.50698 21.60341 17.49251 21.58879 17.47941 21.57296 17.46781 21.55607 17.45782 21.53828 17.44952 21.51977 17.44302 21.5007 17.43835 21.48127 17.43558 21.46166 17.43473 21.44206 17.4358 21.42267 17.43879 21.40365 17.44367 21.38521 17.45038 21.36752 17.45887 21.35074 17.46906 21.33504 17.48084 21.32057 17.4941 21.30747 17.50872 21.29587 17.52455 21.28587 17.54144 21.27758 17.55923 21.27107 17.57775 21.26641 17.59681 21.26364 17.61624 21.26279 17.63585 21.26386 17.65545 21.26685 17.67485 21.27173 17.69386 21.27844 17.7123 21.95188 19.31263 21.96037 19.33032 21.97055 19.3471 21.98233 19.3628 21.99559 19.37727 22.01021 19.39037 22.02604 19.40197 22.04293 19.41197 22.06072 19.42026 22.07924 19.42677 22.0983 19.43143 22.11773 19.4342 22.13734 19.43505 22.15694 19.43398 22.17634 19.43099 22.19535 19.42612 22.21379 19.4194 23.81412 18.74597 23.83182 18.73748 23.84859 18.72729 23.86429 18.71551 23.87876 18.70225 23.89186 18.68763 23.90346 18.6718 23.91346 18.65491 23.92175 18.63712 23.92826 18.6186 23.93292 18.59954 23.93569 18.58011 23.93655 18.5605 23.93547 18.5409 23.93248 18.5215 23.92761 18.50249 23.92089 18.48405 23.9124 18.46635 23.90222 18.44958 23.89044 18.43388 23.87717 18.41941 23.86256 18.40631 23.84673 18.39471 23.82984 18.38471 23.81205 18.37642 23.79353 18.36991 23.77446 18.36525 23.75503 18.36248 23.73543 18.36163 23.71583 18.3627 23.69643 18.36569 23.67742 18.37056 23.65898 18.37728 

