48
13
30.17568 24.5001 30.17376 24.48057 30.10176 23.9952 30.09793 23.97595 29.97871 23.49998 29.97301 23.4812 29.80771 23.0192 29.43109 23.15396 29.59308 23.6067 29.70753 24.06361 29.77665 24.52954 29.80024 25.00981 30.19976 24.99019 

13
23.97595 30.09793 23.9952 30.10176 24.48057 30.17376 24.5001 30.17568 24.99019 30.19976 25.00981 30.19976 25.4999 30.17568 25.48027 29.77616 25.0 29.79976 24.52954 29.77665 24.06361 29.70753 23.59717 29.5907 23.49998 29.97871 

16
26.9808 29.80771 26.99893 29.8002 27.44249 29.5904 27.4598 29.58115 27.88067 29.32889 27.89699 29.31799 28.29111 29.02569 28.30628 29.01324 28.66985 28.68372 28.40122 28.38734 28.04493 28.71026 27.6666 28.99085 27.26259 29.23301 26.83679 29.4344 26.38405 29.59639 26.5188 29.97301 

10
29.58115 27.4598 29.5904 27.44249 29.8002 26.99893 29.80771 26.9808 29.97301 26.5188 29.59639 26.38405 29.4344 26.83679 29.23301 27.26259 28.9858 27.67503 29.32889 27.88067 

22
29.02569 21.70889 29.01324 21.69372 28.68372 21.33015 28.66985 21.31628 28.30628 20.98676 28.29111 20.97431 27.89699 20.68201 27.88067 20.67111 27.4598 20.41885 27.44249 20.4096 26.99893 20.1998 26.9808 20.19229 26.5188 20.02699 26.38405 20.40361 26.83679 20.5656 27.26259 20.76699 27.6666 21.00915 28.04493 21.28974 28.39394 21.60606 28.71026 21.95507 28.99671 22.34129 29.31799 22.10301 

10
25.00981 19.80024 24.99019 19.80024 24.5001 19.82432 24.48057 19.82624 23.9952 19.89824 24.05389 20.29391 24.52954 20.22335 25.0 20.20024 25.48027 20.22384 25.4999 19.82432 

25
22.55751 20.4096 22.5402 20.41885 22.11933 20.67111 22.10301 20.68201 21.70889 20.97431 21.69372 20.98676 21.33015 21.31628 21.31628 21.33015 20.98676 21.69372 20.97431 21.70889 20.68201 22.10301 20.67111 22.11933 20.41885 22.5402 20.4096 22.55751 20.1998 23.00107 20.5614 23.17209 20.76699 22.73741 21.00915 22.3334 21.28974 21.95507 21.60606 21.60606 21.95507 21.28974 22.3334 21.00915 22.73741 20.76699 23.17209 20.5614 23.00107 20.1998 

25
19.89824 26.0048 19.90207 26.02405 20.02129 26.50002 20.02699 26.5188 20.19229 26.9808 20.1998 26.99893 20.4096 27.44249 20.41885 27.4598 20.67111 27.88067 20.68201 27.89699 20.97431 28.29111 20.98676 28.30628 21.31628 28.66985 21.33015 28.68372 21.69372 29.01324 21.96235 28.71686 21.60606 28.39394 21.28974 28.04493 21.00915 27.6666 20.76699 27.26259 20.5656 26.83679 20.40692 26.3933 20.29247 25.93639 20.22191 25.46074 19.82624 25.51943 

7
18.53693 17.10925 18.52176 17.12171 17.79462 17.78074 18.06324 18.07712 18.7831 17.42468 19.56344 16.84595 19.32516 16.52466 

13
16.00924 20.18321 15.99999 20.20052 15.58041 21.08765 15.5729 21.10579 15.24229 22.02978 15.23659 22.04856 14.99814 23.0005 15.38615 23.09769 15.62222 22.15528 15.9462 21.24979 16.35738 20.38043 16.85685 19.54712 16.51376 19.34148 

7
25.98998 35.15161 26.00952 35.14968 26.98025 35.00569 26.92156 34.61002 25.96054 34.75257 24.99019 34.80024 25.00981 35.19976 

22
35.00186 26.9995 35.00569 26.98025 35.14968 26.00952 35.15161 25.98998 35.19976 25.00981 35.19976 24.99019 35.15161 24.01002 35.14968 23.99048 35.00569 23.01975 35.00186 23.0005 34.76341 22.04856 34.75771 22.02978 34.4271 21.10579 34.05049 21.24054 34.37778 22.15528 34.61146 23.08816 34.75257 24.03946 34.79976 25.0 34.75257 25.96054 34.61146 26.91184 34.3754 27.85425 34.76341 27.95144 

37
32.89075 18.53693 32.87829 18.52176 32.21926 17.79462 32.20538 17.78074 31.47824 17.12171 31.46307 17.10925 30.67484 16.52466 30.65852 16.51376 29.81679 16.00924 29.79948 15.99999 28.91235 15.58041 28.89421 15.5729 27.97022 15.24229 27.95144 15.23659 26.9995 14.99814 26.98025 14.99431 26.00952 14.85032 25.98998 14.84839 25.00981 14.80024 24.99019 14.80024 24.01002 14.84839 23.99048 14.85032 23.01975 14.99431 23.07844 15.38998 24.03946 15.24743 25.0 15.20024 25.96054 15.24743 26.91184 15.38854 27.84472 15.62222 28.75021 15.9462 29.61957 16.35738 30.44445 16.8518 31.2169 17.42468 31.92948 18.07052 32.57532 18.7831 33.15405 19.56344 33.47534 19.32516 

22
14.84839 25.98998 14.85032 26.00952 14.99431 26.98025 14.99814 26.9995 15.23659 27.95144 15.24229 27.97022 15.5729 28.89421 15.58041 28.91235 15.99999 29.79948 16.00924 29.81679 16.51376 30.65852 16.52466 30.67484 17.10925 31.46307 17.43054 31.22479 16.8518 30.44445 16.35738 29.61957 15.9462 28.75021 15.62222 27.84472 15.38854 26.91184 15.24743 25.96054 15.19976 24.99019 14.80024 25.00981 

10
19.32516 33.47534 19.34148 33.48624 20.18321 33.99076 20.20052 34.00001 21.08765 34.41959 21.25868 34.058 20.38043 33.64262 19.55555 33.1482 18.77521 32.56946 18.53693 32.89075 

13
32.20538 32.21926 32.21926 32.20538 32.87829 31.47824 32.89075 31.46307 33.47534 30.67484 33.48624 30.65852 33.99076 29.81679 33.64767 29.61115 33.1482 30.44445 32.57532 31.2169 31.92948 31.92948 31.20962 32.58191 31.47824 32.87829 

13
26.48007 40.12753 26.4996 40.12561 27.9557 39.90961 27.97495 39.90579 29.40287 39.54811 29.42165 39.54241 30.80763 39.0465 30.67287 38.66988 29.29614 39.16249 27.88729 39.51539 26.45063 39.72849 24.99019 39.80024 25.00981 40.19976 

13
26.4996 9.87439 26.48007 9.87247 25.00981 9.80024 24.99019 9.80024 23.51993 9.87247 23.5004 9.87439 22.0443 10.09039 22.10299 10.48606 23.54937 10.27151 25.0 10.20024 26.45063 10.27151 27.89701 10.48606 27.9557 10.09039 

4
17.84354 11.59038 18.01456 11.95198 19.34526 11.3226 19.17424 10.96101 

28
12.35641 33.43637 12.36731 33.45269 13.2442 34.63504 13.25665 34.65021 14.24521 35.74091 14.25909 35.75479 15.34979 36.74335 15.36496 36.7558 16.54731 37.63269 16.56363 37.64359 17.82623 38.40036 17.84354 38.40962 19.17424 39.03899 19.19237 39.0465 20.57835 39.54241 20.59713 39.54811 22.02505 39.90579 22.12224 39.51777 20.70386 39.16249 19.33638 38.67319 18.02344 38.05222 16.77769 37.30555 15.61113 36.44037 14.53499 35.46501 13.55963 34.38887 12.69445 33.22231 11.94273 31.96813 11.59964 32.17377 

22
34.63504 36.7558 34.65021 36.74335 35.74091 35.75479 35.75479 35.74091 36.74335 34.65021 36.7558 34.63504 37.63269 33.45269 37.64359 33.43637 38.40036 32.17377 38.40962 32.15646 39.03899 30.82576 39.0465 30.80763 39.54241 29.42165 39.1658 29.28689 38.67319 30.66362 38.05222 31.97656 37.30555 33.22231 36.44037 34.38887 35.46501 35.46501 34.38887 36.44037 33.21441 37.3114 33.45269 37.63269 

10
40.19976 25.00981 40.19976 24.99019 40.12753 23.51993 40.12561 23.5004 39.90961 22.0443 39.51394 22.10299 39.72849 23.54937 39.79976 25.0 39.72801 26.46044 40.12753 26.48007 

10
37.64359 16.56363 37.63269 16.54731 36.7558 15.36496 36.74335 15.34979 35.75479 14.25909 35.45841 14.52771 36.44037 15.61113 37.30555 16.77769 38.05727 18.03187 38.40036 17.82623 

16
15.36496 13.2442 15.34979 13.25665 14.25909 14.24521 14.24521 14.25909 13.25665 15.34979 13.2442 15.36496 12.36731 16.54731 12.35641 16.56363 11.59964 17.82623 11.94273 18.03187 12.69445 16.77769 13.55963 15.61113 14.53499 14.53499 15.61113 13.55963 16.78559 12.6886 16.54731 12.36731 

19
10.09421 22.02505 10.09039 22.0443 9.87439 23.5004 9.87247 23.51993 9.80024 24.99019 9.80024 25.00981 9.87247 26.48007 9.87439 26.4996 10.09039 27.9557 10.09421 27.97495 10.45189 29.40287 10.8399 29.30567 10.48461 27.88729 10.27151 26.45063 10.20024 25.0 10.27151 23.54937 10.48461 22.11271 10.8399 20.69433 10.45189 20.59713 

13
43.6659 17.27895 43.65839 17.26082 42.81922 15.48655 42.80997 15.46924 41.80094 13.78577 41.79003 13.76946 40.62085 12.19299 40.29957 12.43127 41.4629 13.99984 42.46183 15.66646 43.29259 17.42296 43.9505 19.26168 44.32712 19.12693 

13
7.19003 15.46924 7.18078 15.48655 6.34161 17.26082 6.3341 17.27895 5.67288 19.12693 5.66719 19.14571 5.19029 21.0496 5.5783 21.14679 6.05281 19.25243 6.70741 17.42296 7.53817 15.66646 8.54215 13.99142 8.19906 13.78577 

7
4.89655 26.97016 4.89847 26.98969 5.18646 28.93115 5.58213 28.87246 5.29558 26.94072 5.19976 24.99019 4.80024 25.00981 

19
36.23054 8.20997 36.21423 8.19906 34.53076 7.19003 34.51345 7.18078 32.73918 6.34161 32.72105 6.3341 30.87307 5.67288 30.85429 5.66719 28.9504 5.19029 28.93115 5.18646 26.98969 4.89847 26.931 5.29414 28.86274 5.58069 30.74757 6.05281 32.57704 6.70741 34.33354 7.53817 36.00016 8.5371 37.56873 9.70043 37.80701 9.37915 

22
21.06885 5.18646 21.0496 5.19029 19.14571 5.66719 19.12693 5.67288 17.27895 6.3341 17.26082 6.34161 15.48655 7.18078 15.46924 7.19003 13.78577 8.19906 13.76946 8.20997 12.19299 9.37915 12.17782 9.3916 10.72355 10.70967 10.99218 11.00605 12.43917 9.69458 13.99984 8.5371 15.66646 7.53817 17.42296 6.70741 19.25243 6.05281 21.13726 5.58069 23.069 5.29414 23.01031 4.89847 

13
7.18078 34.51345 7.19003 34.53076 8.19906 36.21423 8.20997 36.23054 9.37915 37.80701 9.3916 37.82218 10.70967 39.27645 11.00605 39.00782 9.69458 37.56083 8.5371 36.00016 7.53817 34.33354 6.70321 32.56816 6.34161 32.73918 

16
19.12693 44.32712 19.14571 44.33281 21.0496 44.80971 21.06885 44.81354 23.01031 45.10153 23.02984 45.10345 24.99019 45.19976 25.00981 45.19976 26.97016 45.10345 26.95053 44.70394 25.0 44.79976 23.05928 44.70442 21.13726 44.41931 19.25243 43.94719 17.41371 43.28928 17.27895 43.6659 

37
36.21423 41.80094 36.23054 41.79003 37.80701 40.62085 37.82218 40.6084 39.27645 39.29033 39.29033 39.27645 40.6084 37.82218 40.62085 37.80701 41.79003 36.23054 41.80094 36.21423 42.80997 34.53076 42.81922 34.51345 43.65839 32.73918 43.6659 32.72105 44.32712 30.87307 44.33281 30.85429 44.80971 28.9504 44.81354 28.93115 45.10153 26.98969 45.10345 26.97016 45.19976 25.00981 45.19976 24.99019 45.10345 23.02984 44.70394 23.04947 44.79976 25.0 44.70442 26.94072 44.41931 28.86274 43.94719 30.74757 43.29259 32.57704 42.46183 34.33354 41.4629 36.00016 40.30542 37.56083 39.00054 39.00054 37.56083 40.30542 36.00016 41.4629 34.32511 42.46688 34.53076 42.80997 

4
45.14016 17.22105 47.84638 17.04783 47.67316 14.34161 44.96694 14.51483 

4
5.10422 31.01101 3.74084 28.91401 1.64384 30.27739 3.00722 32.37439 

4
37.69431 3.23416 35.40333 3.77587 35.94503 6.06685 38.23601 5.52514 

3
16.50569 22.91276 16.66833 26.37548 18.9226 25.11282 

102
41.02529 47.50723 39.68865 46.61363 39.67181 46.60353 39.65407 46.59513 39.6356 46.58852 39.61656 46.58374 39.59714 46.58086 39.57754 46.57989 39.55794 46.58085 39.53852 46.58372 39.51948 46.58849 39.501 46.5951 39.48326 46.60348 39.46642 46.61357 39.45065 46.62526 39.43611 46.63843 39.42292 46.65297 39.41122 46.66874 38.40646 48.17165 38.39637 48.18848 38.38797 48.20622 38.38135 48.2247 38.37658 48.24373 38.3737 48.26315 38.37273 48.28275 38.37369 48.30236 38.37656 48.32177 38.38133 48.34081 38.38793 48.35929 38.39632 48.37704 38.40641 48.39387 38.41809 48.40964 38.43127 48.42419 38.44581 48.43737 38.46157 48.44907 38.4784 48.45916 38.49614 48.46756 38.51462 48.47418 38.53366 48.47895 38.55307 48.48183 38.57268 48.4828 38.59228 48.48184 38.6117 48.47897 38.63074 48.47421 38.64922 48.4676 38.66696 48.45921 38.6838 48.44912 38.69957 48.43744 38.71411 48.42426 38.7273 48.40972 38.73899 48.39396 39.6326 47.05731 40.96925 47.95092 40.98608 47.96101 41.00382 47.96941 41.0223 47.97603 41.04133 47.9808 41.06075 47.98369 41.08035 47.98465 41.09996 47.9837 41.11937 47.98082 41.13841 47.97606 41.15689 47.96945 41.17464 47.96106 41.19147 47.95098 41.20724 47.93929 41.22179 47.92611 41.23497 47.91157 41.24667 47.89581 43.25619 44.88999 43.26629 44.87316 43.27468 44.85541 43.2813 44.83694 43.28608 44.8179 43.28896 44.79848 43.28993 44.77888 43.28897 44.75928 43.28609 44.73986 43.28133 44.72082 43.27472 44.70234 43.26634 44.6846 43.25625 44.66776 43.24456 44.65199 43.23138 44.63745 43.21685 44.62426 43.20108 44.61257 43.18425 44.60247 43.16651 44.59407 43.14803 44.58746 43.129 44.58268 43.10958 44.5798 43.08998 44.57883 43.07037 44.57979 43.05096 44.58266 43.03192 44.58743 43.01344 44.59404 42.99569 44.60242 42.97886 44.61251 42.96309 44.6242 42.94854 44.63737 42.93536 44.65191 42.92366 44.66768 

102
27.25626 46.44341 28.6975 45.8165 28.71509 45.8078 28.73174 45.79741 28.7473 45.78545 28.76161 45.77201 28.77453 45.75724 28.78595 45.74127 28.79574 45.72426 28.80382 45.70637 28.8101 45.68778 28.81454 45.66866 28.81707 45.6492 28.81769 45.62958 28.81638 45.61 28.81316 45.59064 28.80806 45.57168 28.80112 45.55332 28.09443 43.92868 28.08573 43.91109 28.07535 43.89444 28.06338 43.87888 28.04994 43.86457 28.03517 43.85165 28.0192 43.84024 28.00219 43.83044 27.98431 43.82237 27.96571 43.81608 27.94659 43.81165 27.92713 43.80911 27.90751 43.80849 27.88793 43.8098 27.86857 43.81302 27.84962 43.81812 27.83126 43.82506 27.81366 43.83376 27.79701 43.84415 27.78145 43.85611 27.76715 43.86955 27.75422 43.88432 27.74281 43.90029 27.73302 43.9173 27.72494 43.93519 27.71865 43.95378 27.71422 43.9729 27.71168 43.99236 27.71106 44.01198 27.71237 44.03156 27.71559 44.05092 27.7207 44.06987 27.72763 44.08823 28.35455 45.52948 26.91331 46.15639 26.89571 46.16509 26.87906 46.17548 26.8635 46.18744 26.84919 46.20088 26.83627 46.21565 26.82486 46.23162 26.81507 46.24863 26.80699 46.26651 26.8007 46.28511 26.79627 46.30423 26.79373 46.32369 26.79311 46.34331 26.79442 46.36289 26.79764 46.38225 26.80274 46.4012 26.80968 46.41956 28.22306 49.66885 28.23176 49.68644 28.24215 49.70309 28.25411 49.71865 28.26755 49.73296 28.28232 49.74588 28.29829 49.75729 28.3153 49.76709 28.33319 49.77516 28.35178 49.78145 28.3709 49.78588 28.39036 49.78842 28.40998 49.78904 28.42956 49.78773 28.44892 49.78451 28.46787 49.77941 28.48623 49.77247 28.50383 49.76377 28.52048 49.75338 28.53604 49.74142 28.55035 49.72798 28.56327 49.71321 28.57468 49.69724 28.58447 49.68023 28.59255 49.66234 28.59884 49.64375 28.60327 49.62463 28.60581 49.60517 28.60643 49.58555 28.60512 49.56597 28.6019 49.54661 28.5968 49.52765 28.58986 49.50929 

102
45.98637 39.39704 45.74217 37.88032 45.7381 37.86112 45.73217 37.84241 45.72444 37.82437 45.71497 37.80718 45.70386 37.79099 45.69123 37.77598 45.67718 37.76227 45.66185 37.75001 45.6454 37.73931 45.62798 37.73027 45.60975 37.72298 45.5909 37.71752 45.57161 37.71393 45.55205 37.71225 45.53242 37.71249 45.51292 37.71465 43.79874 37.99064 43.77954 37.99471 43.76083 38.00064 43.74279 38.00838 43.7256 38.01784 43.70942 38.02895 43.6944 38.04158 43.68069 38.05563 43.66843 38.07096 43.65773 38.08741 43.64869 38.10483 43.64141 38.12306 43.63594 38.14191 43.63235 38.16121 43.63067 38.18076 43.63091 38.20039 43.63308 38.21989 43.63714 38.23909 43.64307 38.2578 43.65081 38.27584 43.66027 38.29304 43.67138 38.30922 43.68402 38.32424 43.69807 38.33794 43.71339 38.35021 43.72984 38.36091 43.74727 38.36994 43.76549 38.37723 43.78434 38.38269 43.80364 38.38629 43.82319 38.38797 43.84282 38.38772 43.86233 38.38556 45.37904 38.14136 45.62324 39.65808 45.62731 39.67728 45.63324 39.69599 45.64097 39.71403 45.65044 39.73122 45.66154 39.7474 45.67418 39.76242 45.68823 39.77613 45.70356 39.78839 45.72001 39.79909 45.73743 39.80813 45.75566 39.81541 45.77451 39.82088 45.7938 39.82447 45.81336 39.82615 45.83298 39.82591 45.85249 39.82374 49.28084 39.27176 49.30004 39.2677 49.31875 39.26177 49.33679 39.25403 49.35399 39.24457 49.37017 39.23346 49.38519 39.22082 49.39889 39.20677 49.41115 39.19145 49.42186 39.175 49.43089 39.15757 49.43818 39.13935 49.44364 39.1205 49.44723 39.1012 49.44892 39.08165 49.44867 39.06202 49.44651 39.04251 49.44244 39.02331 49.43651 39.0046 49.42878 38.98656 49.41931 38.96937 49.40821 38.95319 49.39557 38.93817 49.38152 38.92446 49.36619 38.9122 49.34974 38.9015 49.33232 38.89246 49.31409 38.88518 49.29524 38.87971 49.27595 38.87612 49.25639 38.87444 49.23677 38.87468 49.21726 38.87685 

136
47.37006 4.84769 47.32226 6.11679 46.05316 6.069 46.03354 6.06922 46.01403 6.07137 45.99482 6.07542 45.97611 6.08133 45.95806 6.08905 45.94086 6.0985 45.92467 6.10959 45.90964 6.12221 45.89592 6.13625 45.88364 6.15156 45.87293 6.168 45.86387 6.18542 45.85657 6.20364 45.85109 6.22248 45.84748 6.24177 45.84578 6.26133 45.846 6.28095 45.84815 6.30046 45.8522 6.31967 45.85811 6.33838 45.86583 6.35643 45.87528 6.37363 45.88637 6.38982 45.89899 6.40485 45.91303 6.41857 45.92834 6.43085 45.94479 6.44157 45.9622 6.45062 45.98042 6.45792 45.99926 6.4634 46.01856 6.46701 46.03811 6.46871 47.30721 6.51651 47.25941 7.78561 47.25964 7.80523 47.26179 7.82474 47.26584 7.84395 47.27175 7.86266 47.27946 7.88071 47.28891 7.89791 47.3 7.91411 47.31263 7.92913 47.32667 7.94285 47.34198 7.95513 47.35842 7.96585 47.37584 7.9749 47.39405 7.9822 47.4129 7.98768 47.43219 7.99129 47.45175 7.99299 47.47137 7.99277 47.49088 7.99062 47.51009 7.98657 47.5288 7.98066 47.54685 7.97294 47.56405 7.96349 47.58024 7.9524 47.59527 7.93978 47.60899 7.92574 47.62127 7.91043 47.63198 7.89399 47.64104 7.87657 47.64834 7.85835 47.65382 7.83951 47.65743 7.82022 47.65913 7.80066 47.70693 6.53156 48.97603 6.57936 48.99565 6.57913 49.01516 6.57699 49.03437 6.57294 49.05308 6.56702 49.07113 6.55931 49.08833 6.54986 49.10452 6.53877 49.11955 6.52614 49.13327 6.51211 49.14555 6.49679 49.15626 6.48035 49.16532 6.46294 49.17262 6.44472 49.1781 6.42587 49.18171 6.40658 49.18341 6.38703 49.18319 6.3674 49.18104 6.34789 49.17699 6.32869 49.17108 6.30997 49.16336 6.29192 49.15391 6.27472 49.14282 6.25853 49.1302 6.2435 49.11616 6.22978 49.10085 6.2175 49.0844 6.20679 49.06699 6.19773 49.04877 6.19043 49.02993 6.18495 49.01063 6.18134 48.99108 6.17964 47.72198 6.13184 47.76978 4.86274 47.76955 4.84312 47.7674 4.82361 47.76335 4.8044 47.75744 4.78569 47.74972 4.76764 47.74028 4.75044 47.72918 4.73425 47.71656 4.71922 47.70252 4.7055 47.68721 4.69322 47.67077 4.68251 47.65335 4.67345 47.63514 4.66615 47.61629 4.66067 47.597 4.65706 47.57744 4.65536 47.55782 4.65558 47.53831 4.65773 47.5191 4.66178 47.50039 4.66769 47.48234 4.67541 47.46514 4.68486 47.44895 4.69595 47.43392 4.70857 47.4202 4.72261 47.40792 4.73792 47.39721 4.75437 47.38815 4.77178 47.38085 4.79 47.37537 4.80885 47.37176 4.82814 

136
35.19524 48.48493 34.07221 48.21131 34.34582 47.08828 34.34953 47.06901 34.35133 47.04946 34.3512 47.02984 34.34915 47.01032 34.3452 46.99109 34.33938 46.97235 34.33175 46.95426 34.32239 46.93701 34.31138 46.92076 34.29883 46.90567 34.28486 46.89188 34.26961 46.87953 34.25322 46.86873 34.23585 46.85959 34.21767 46.8522 34.19885 46.84662 34.17958 46.84292 34.16003 46.84112 34.14041 46.84125 34.12089 46.8433 34.10166 46.84725 34.08292 46.85307 34.06483 46.8607 34.04758 46.87006 34.03133 46.88107 34.01624 46.89362 34.00245 46.90759 33.9901 46.92284 33.9793 46.93923 33.97016 46.9566 33.96277 46.97478 33.95719 46.99359 33.68358 48.11662 32.56055 47.84301 32.54127 47.8393 32.52173 47.8375 32.5021 47.83763 32.48258 47.83968 32.46336 47.84363 32.44461 47.84945 32.42653 47.85708 32.40928 47.86644 32.39303 47.87745 32.37794 47.89 32.36415 47.90397 32.3518 47.91922 32.341 47.93561 32.33186 47.95298 32.32446 47.97116 32.31889 47.98998 32.31518 48.00925 32.31338 48.0288 32.31351 48.04842 32.31556 48.06794 32.31951 48.08717 32.32533 48.10591 32.33296 48.124 32.34232 48.14125 32.35333 48.1575 32.36588 48.17259 32.37985 48.18638 32.3951 48.19873 32.41149 48.20953 32.42886 48.21867 32.44704 48.22606 32.46586 48.23164 33.58889 48.50526 33.31527 49.62828 33.31157 49.64756 33.30977 49.6671 33.3099 49.68673 33.31195 49.70625 33.3159 49.72547 33.32172 49.74422 33.32935 49.7623 33.33871 49.77955 33.34972 49.7958 33.36227 49.81089 33.37623 49.82468 33.39149 49.83704 33.40788 49.84783 33.42524 49.85697 33.44343 49.86437 33.46224 49.86994 33.48152 49.87365 33.50106 49.87545 33.52069 49.87532 33.54021 49.87327 33.55943 49.86932 33.57818 49.8635 33.59626 49.85587 33.61351 49.84651 33.62976 49.8355 33.64485 49.82295 33.65864 49.80898 33.67099 49.79373 33.68179 49.77734 33.69093 49.75997 33.69833 49.74179 33.7039 49.72297 33.97752 48.59994 35.10055 48.87356 35.11982 48.87726 35.13937 48.87906 35.15899 48.87894 35.17851 48.87689 35.19774 48.87293 35.21648 48.86711 35.23457 48.85949 35.25182 48.85012 35.26807 48.83911 35.28316 48.82656 35.29695 48.8126 35.3093 48.79734 35.3201 48.78096 35.32924 48.76359 35.33663 48.74541 35.34221 48.72659 35.34591 48.70731 35.34771 48.68777 35.34758 48.66814 35.34553 48.64862 35.34158 48.6294 35.33576 48.61065 35.32814 48.59257 35.31877 48.57532 35.30776 48.55907 35.29521 48.54398 35.28125 48.53019 35.26599 48.51784 35.2496 48.50704 35.23224 48.4979 35.21405 48.4905 

136
47.6424 33.09864 48.36728 32.23339 49.23253 32.95828 49.24818 32.97013 49.26491 32.98039 49.28256 32.98896 49.30098 32.99576 49.31996 33.00072 49.33935 33.00379 49.35894 33.00496 49.37855 33.00419 49.398 33.00151 49.41708 32.99693 49.43563 32.99051 49.45346 32.9823 49.47039 32.97238 49.48627 32.96085 49.50095 32.94781 49.51428 32.9334 49.52613 32.91776 49.53639 32.90103 49.54496 32.88337 49.55176 32.86496 49.55672 32.84597 49.5598 32.82658 49.56096 32.80699 49.56019 32.78738 49.55751 32.76794 49.55293 32.74885 49.54651 32.73031 49.5383 32.71248 49.52838 32.69554 49.51685 32.67966 49.50381 32.66498 49.48941 32.65166 48.62416 31.92678 49.34904 31.06153 49.36089 31.04588 49.37115 31.02915 49.37972 31.01149 49.38652 30.99308 49.39148 30.97409 49.39456 30.95471 49.39572 30.93512 49.39496 30.9155 49.39227 30.89606 49.3877 30.87697 49.38127 30.85843 49.37306 30.8406 49.36314 30.82367 49.35161 30.80778 49.33858 30.79311 49.32417 30.77978 49.30853 30.76793 49.29179 30.75767 49.27414 30.7491 49.25573 30.7423 49.23674 30.73734 49.21735 30.73426 49.19776 30.7331 49.17815 30.73386 49.1587 30.73655 49.13962 30.74112 49.12107 30.74755 49.10324 30.75576 49.08631 30.76568 49.07043 30.77721 49.05575 30.79024 49.04242 30.80465 48.31754 31.6699 47.45229 30.94502 47.43665 30.93317 47.41992 30.9229 47.40226 30.91433 47.38385 30.90753 47.36486 30.90257 47.34547 30.8995 47.32588 30.89834 47.30627 30.8991 47.28683 30.90178 47.26774 30.90636 47.24919 30.91278 47.23137 30.92099 47.21443 30.93091 47.19855 30.94245 47.18387 30.95548 47.17055 30.96989 47.1587 30.98553 47.14844 31.00226 47.13986 31.01992 47.13307 31.03833 47.1281 31.05732 47.12503 31.07671 47.12387 31.0963 47.12463 31.11591 47.12731 31.13535 47.13189 31.15444 47.13831 31.17299 47.14653 31.19081 47.15644 31.20775 47.16798 31.22363 47.18101 31.23831 47.19542 31.25163 48.06066 31.97652 47.33578 32.84176 47.32393 32.85741 47.31367 32.87414 47.3051 32.8918 47.2983 32.91021 47.29334 32.9292 47.29026 32.94858 47.2891 32.96818 47.28987 32.98779 47.29255 33.00723 47.29713 33.02632 47.30355 33.04486 47.31176 33.06269 47.32168 33.07963 47.33321 33.09551 47.34624 33.11018 47.36065 33.12351 47.3763 33.13536 47.39303 33.14562 47.41069 33.15419 47.4291 33.16099 47.44809 33.16595 47.46747 33.16903 47.48707 33.17019 47.50668 33.16943 47.52612 33.16674 47.54521 33.16217 47.56375 33.15574 47.58158 33.14753 47.59852 33.13761 47.6144 33.12608 47.62907 33.11305 

136
15.01333 30.52505 14.12626 29.96209 14.68922 29.07502 14.69891 29.05796 14.70688 29.04002 14.71306 29.02139 14.71737 29.00225 14.7198 28.98277 14.7203 28.96315 14.71887 28.94357 14.71554 28.92423 14.71032 28.90531 14.70327 28.88699 14.69447 28.86945 14.68398 28.85286 14.67192 28.83737 14.6584 28.82315 14.64355 28.81031 14.62752 28.79899 14.61045 28.7893 14.59252 28.78133 14.57389 28.77516 14.55474 28.77084 14.53526 28.76842 14.51564 28.76791 14.49607 28.76934 14.47673 28.77268 14.4578 28.77789 14.43949 28.78494 14.42195 28.79374 14.40535 28.80423 14.38987 28.81629 14.37564 28.82981 14.36281 28.84466 14.35149 28.86069 13.78853 29.74776 12.90147 29.18481 12.8844 29.17511 12.86646 29.16714 12.84783 29.16097 12.82869 29.15665 12.80921 29.15423 12.78959 29.15373 12.77001 29.15515 12.75067 29.15849 12.73175 29.1637 12.71343 29.17075 12.69589 29.17956 12.6793 29.19004 12.66382 29.2021 12.64959 29.21562 12.63675 29.23047 12.62544 29.2465 12.61574 29.26357 12.60777 29.28151 12.6016 29.30014 12.59728 29.31928 12.59486 29.33876 12.59436 29.35838 12.59578 29.37796 12.59912 29.3973 12.60433 29.41622 12.61138 29.43454 12.62019 29.45208 12.63067 29.46867 12.64273 29.48416 12.65625 29.49838 12.6711 29.51122 12.68713 29.52254 13.5742 30.08549 13.01125 30.97256 13.00156 30.98962 12.99358 31.00756 12.98741 31.02619 12.98309 31.04534 12.98067 31.06481 12.98017 31.08443 12.98159 31.10401 12.98493 31.12335 12.99014 31.14227 12.99719 31.16059 13.006 31.17813 13.01648 31.19472 13.02854 31.21021 13.04206 31.22444 13.05691 31.23727 13.07295 31.24859 13.09001 31.25828 13.10795 31.26625 13.12658 31.27243 13.14573 31.27674 13.1652 31.27917 13.18482 31.27967 13.2044 31.27824 13.22374 31.27491 13.24266 31.26969 13.26098 31.26264 13.27852 31.25384 13.29511 31.24335 13.3106 31.23129 13.32483 31.21777 13.33766 31.20292 13.34898 31.18689 13.91193 30.29982 14.799 30.86278 14.81607 30.87247 14.834 30.88044 14.85263 30.88661 14.87178 30.89093 14.89126 30.89336 14.91088 30.89386 14.93045 30.89243 14.94979 30.8891 14.96871 30.88388 14.98703 30.87683 15.00457 30.86803 15.02116 30.85754 15.03665 30.84548 15.05088 30.83196 15.06371 30.81711 15.07503 30.80108 15.08472 30.78401 15.09269 30.76607 15.09887 30.74744 15.10319 30.7283 15.10561 30.70882 15.10611 30.6892 15.10468 30.66963 15.10135 30.65028 15.09613 30.63136 15.08909 30.61304 15.08028 30.5955 15.06979 30.57891 15.05774 30.56343 15.04422 30.5492 15.02937 30.53636 

84
30.6765 11.95773 29.08504 12.50331 29.06681 12.51057 29.04937 12.51959 29.03291 12.53028 29.01757 12.54253 29.00351 12.55622 28.99086 12.57122 28.97974 12.58739 28.97025 12.60458 28.9625 12.62261 28.95655 12.64131 28.95247 12.66051 28.95028 12.68002 28.95002 12.69964 28.95168 12.7192 28.95526 12.7385 28.9607 12.75735 28.96797 12.77559 28.97699 12.79302 28.98768 12.80948 28.99992 12.82482 29.01362 12.83888 29.02862 12.85153 29.04479 12.86265 29.06198 12.87214 29.08001 12.87989 29.09871 12.88584 29.11791 12.88992 29.13741 12.89211 29.15704 12.89237 29.1766 12.89071 29.1959 12.88714 29.21475 12.88169 30.99541 12.27126 31.01364 12.26399 31.03107 12.25497 31.04754 12.24428 31.06287 12.23204 31.07694 12.21834 31.08959 12.20334 31.10071 12.18717 31.11019 12.16998 31.11794 12.15195 31.12389 12.13325 31.12798 12.11405 31.13016 12.09455 31.13042 12.07492 31.12876 12.05536 31.12519 12.03606 31.11974 12.01721 30.50931 10.23655 30.50204 10.21832 30.49302 10.20089 30.48234 10.18442 30.47009 10.16909 30.4564 10.15502 30.44139 10.14237 30.42522 10.13125 30.40804 10.12177 30.39001 10.11401 30.3713 10.10807 30.35211 10.10398 30.3326 10.1018 30.31297 10.10153 30.29342 10.1032 30.27412 10.10677 30.25526 10.11222 30.23703 10.11948 30.2196 10.1285 30.20314 10.13919 30.1878 10.15144 30.17374 10.16513 30.16108 10.18013 30.14996 10.19631 30.14048 10.21349 30.13273 10.23152 30.12678 10.25022 30.12269 10.26942 30.12051 10.28893 30.12025 10.30855 30.12191 10.32811 30.12548 10.34741 30.13093 10.36626 

84
21.19384 36.8557 22.29524 35.68434 22.30797 35.6694 22.31917 35.65328 22.32874 35.63614 22.33658 35.61815 22.34262 35.59948 22.3468 35.5803 22.34908 35.56081 22.34944 35.54118 22.34787 35.52162 22.3444 35.5023 22.33905 35.48342 22.33187 35.46515 22.32294 35.44767 22.31233 35.43116 22.30016 35.41576 22.28654 35.40163 22.2716 35.3889 22.25548 35.3777 22.23834 35.36813 22.22035 35.36029 22.20168 35.35425 22.1825 35.35007 22.16301 35.34779 22.14338 35.34743 22.12382 35.349 22.1045 35.35247 22.08562 35.35782 22.06735 35.365 22.04987 35.37393 22.03336 35.38454 22.01796 35.39671 22.00383 35.41033 20.76543 36.7274 20.7527 36.74234 20.7415 36.75845 20.73193 36.77559 20.72409 36.79358 20.71805 36.81226 20.71387 36.83143 20.71159 36.85093 20.71123 36.87055 20.7128 36.89012 20.71627 36.90943 20.72162 36.92832 20.7288 36.94658 20.73774 36.96406 20.74834 36.98058 20.76051 36.99597 20.77413 37.0101 22.0912 38.2485 22.10614 38.26123 22.12225 38.27243 22.13939 38.282 22.15738 38.28984 22.17606 38.29588 22.19523 38.30006 22.21473 38.30234 22.23435 38.3027 22.25392 38.30114 22.27323 38.29766 22.29212 38.29231 22.31038 38.28513 22.32786 38.2762 22.34438 38.26559 22.35977 38.25342 22.3739 38.2398 22.38663 38.22486 22.39783 38.20874 22.4074 38.19161 22.41524 38.17361 22.42128 38.15494 22.42546 38.13576 22.42774 38.11627 22.4281 38.09664 22.42654 38.07708 22.42306 38.05776 22.41771 38.03888 22.41053 38.02061 22.4016 38.00314 22.391 37.98662 22.37882 37.97122 22.3652 37.95709 

84
1.77595 7.00428 2.74533 8.24141 2.75818 8.25624 2.77242 8.26975 2.78792 8.28179 2.80452 8.29226 2.82207 8.30105 2.8404 8.30808 2.85932 8.31328 2.87867 8.31659 2.89824 8.318 2.91786 8.31748 2.93734 8.31504 2.95648 8.3107 2.9751 8.30451 2.99303 8.29652 3.01009 8.28681 3.02611 8.27548 3.04095 8.26263 3.05446 8.24839 3.0665 8.23289 3.07697 8.21629 3.08576 8.19874 3.09279 8.18041 3.09798 8.16149 3.1013 8.14214 3.10271 8.12257 3.10219 8.10294 3.09975 8.08347 3.09541 8.06433 3.08922 8.0457 3.08123 8.02778 3.07152 8.01072 3.06019 7.99469 1.96745 6.60014 1.9546 6.5853 1.94036 6.57179 1.92486 6.55975 1.90826 6.54928 1.89071 6.54049 1.87238 6.53346 1.85346 6.52827 1.83411 6.52495 1.81454 6.52354 1.79492 6.52406 1.77544 6.5265 1.7563 6.53084 1.73767 6.53704 1.71975 6.54502 1.70269 6.55473 1.68666 6.56607 0.29211 7.6588 0.27727 7.67165 0.26376 7.68589 0.25172 7.70139 0.24125 7.71799 0.23246 7.73554 0.22543 7.75387 0.22024 7.77279 0.21692 7.79214 0.21551 7.81172 0.21603 7.83134 0.21848 7.85081 0.22281 7.86995 0.22901 7.88858 0.237 7.9065 0.2467 7.92356 0.25804 7.93959 0.27088 7.95442 0.28513 7.96793 0.30062 7.97997 0.31723 7.99044 0.33477 7.99923 0.3531 8.00626 0.37203 8.01146 0.39137 8.01477 0.41095 8.01618 0.43057 8.01566 0.45004 8.01322 0.46918 8.00888 0.48781 8.00269 0.50574 7.9947 0.52279 7.98499 0.53882 7.97366 

84
13.11122 24.93587 12.05294 25.95252 12.03947 25.9668 12.02746 25.98233 12.01704 25.99895 12.00829 26.01652 12.00131 26.03487 11.99616 26.05381 11.99289 26.07316 11.99153 26.09274 11.9921 26.11236 11.99459 26.13183 11.99898 26.15096 12.00522 26.16957 12.01325 26.18747 12.023 26.20451 12.03438 26.2205 12.04726 26.23531 12.06154 26.24878 12.07707 26.26078 12.0937 26.27121 12.11127 26.27996 12.12961 26.28694 12.14855 26.29209 12.1679 26.29536 12.18748 26.29671 12.2071 26.29614 12.22657 26.29365 12.2457 26.28927 12.26431 26.28303 12.28222 26.27499 12.29925 26.26524 12.31525 26.25387 12.33005 26.24098 13.53256 25.08578 13.54603 25.0715 13.55804 25.05597 13.56847 25.03935 13.57721 25.02177 13.58419 25.00343 13.58934 24.98449 13.59261 24.96514 13.59397 24.94556 13.5934 24.92594 13.59091 24.90647 13.58652 24.88734 13.58028 24.86873 13.57225 24.85082 13.5625 24.83379 13.55112 24.81779 13.53824 24.80299 12.38303 23.60048 12.36876 23.58701 12.35323 23.575 12.3366 23.56458 12.31903 23.55583 12.30069 23.54885 12.28175 23.5437 12.26239 23.54043 12.24281 23.53907 12.2232 23.53964 12.20373 23.54213 12.1846 23.54652 12.16599 23.55276 12.14808 23.56079 12.13105 23.57054 12.11505 23.58192 12.10025 23.5948 12.08678 23.60908 12.07477 23.6246 12.06434 23.64123 12.0556 23.6588 12.04862 23.67715 12.04347 23.69609 12.0402 23.71544 12.03884 23.73502 12.03941 23.75464 12.0419 23.77411 12.04629 23.79324 12.05253 23.81185 12.06056 23.82975 12.07031 23.84679 12.08169 23.86278 12.09457 23.87759 

