52
16
27.44249 29.5904 27.4598 29.58115 27.88067 29.32889 27.89699 29.31799 28.29111 29.02569 28.30628 29.01324 28.66985 28.68372 28.68372 28.66985 29.01324 28.30628 28.71686 28.03765 28.39394 28.39394 28.04493 28.71026 27.6666 28.99085 27.26259 29.23301 26.82791 29.4386 26.99893 29.8002 

16
29.8002 26.99893 29.80771 26.9808 29.97301 26.5188 29.97871 26.50002 30.09793 26.02405 30.10176 26.0048 30.17376 25.51943 30.17568 25.4999 30.19976 25.00981 29.80024 24.99019 29.77665 25.47046 29.70753 25.93639 29.59308 26.3933 29.4344 26.83679 29.22881 27.27147 29.5904 27.44249 

13
24.99019 30.19976 25.00981 30.19976 25.4999 30.17568 25.51943 30.17376 26.0048 30.10176 26.02405 30.09793 26.50002 29.97871 26.40283 29.5907 25.93639 29.70753 25.47046 29.77665 25.0 29.79976 24.51973 29.77616 24.5001 30.17568 

4
27.4598 20.41885 27.25416 20.76194 27.67503 21.0142 27.88067 20.67111 

4
20.02129 26.50002 20.4093 26.40283 20.29008 25.92686 19.90207 26.02405 

10
20.67111 27.88067 20.68201 27.89699 20.97431 28.29111 20.98676 28.30628 21.31628 28.66985 21.61266 28.40122 21.28974 28.04493 21.00915 27.6666 20.76194 27.25416 20.41885 27.4598 

10
22.5402 29.58115 22.55751 29.5904 23.00107 29.8002 23.0192 29.80771 23.4812 29.97301 23.61595 29.59639 23.16321 29.4344 22.73741 29.23301 22.32497 28.9858 22.11933 29.32889 

10
29.32889 22.11933 29.31799 22.10301 29.02569 21.70889 29.01324 21.69372 28.68372 21.33015 28.38734 21.59878 28.71026 21.95507 28.99085 22.3334 29.23806 22.74584 29.58115 22.5402 

13
26.02405 19.90207 26.0048 19.89824 25.51943 19.82624 25.4999 19.82432 25.00981 19.80024 24.99019 19.80024 24.5001 19.82432 24.51973 20.22384 25.0 20.20024 25.47046 20.22335 25.93639 20.29247 26.40283 20.4093 26.50002 20.02129 

37
22.55751 20.4096 22.5402 20.41885 22.11933 20.67111 22.10301 20.68201 21.70889 20.97431 21.69372 20.98676 21.33015 21.31628 21.31628 21.33015 20.98676 21.69372 20.97431 21.70889 20.68201 22.10301 20.67111 22.11933 20.41885 22.5402 20.4096 22.55751 20.1998 23.00107 20.19229 23.0192 20.02699 23.4812 20.02129 23.49998 19.90207 23.97595 19.89824 23.9952 19.82624 24.48057 19.82432 24.5001 19.80024 24.99019 20.19976 25.00981 20.22335 24.52954 20.29247 24.06361 20.40692 23.6067 20.5656 23.16321 20.76699 22.73741 21.00915 22.3334 21.28974 21.95507 21.60606 21.60606 21.95507 21.28974 22.3334 21.00915 22.73741 20.76699 23.17209 20.5614 23.00107 20.1998 

16
14.85032 23.99048 14.84839 24.01002 14.80024 24.99019 14.80024 25.00981 14.84839 25.98998 14.85032 26.00952 14.99431 26.98025 14.99814 26.9995 15.23659 27.95144 15.6246 27.85425 15.38854 26.91184 15.24743 25.96054 15.20024 25.0 15.24743 24.03946 15.38998 23.07844 14.99431 23.01975 

7
16.51376 30.65852 16.52466 30.67484 17.10925 31.46307 17.43054 31.22479 16.8518 30.44445 16.35233 29.61115 16.00924 29.81679 

10
19.32516 33.47534 19.34148 33.48624 20.18321 33.99076 20.20052 34.00001 21.08765 34.41959 21.25868 34.058 20.38043 33.64262 19.55555 33.1482 18.77521 32.56946 18.53693 32.89075 

7
16.00924 20.18321 15.99999 20.20052 15.58041 21.08765 15.942 21.25868 16.35738 20.38043 16.85685 19.54712 16.51376 19.34148 

19
34.00001 20.20052 33.99076 20.18321 33.48624 19.34148 33.47534 19.32516 32.89075 18.53693 32.87829 18.52176 32.21926 17.79462 32.20538 17.78074 31.47824 17.12171 31.46307 17.10925 30.67484 16.52466 30.43656 16.84595 31.2169 17.42468 31.92948 18.07052 32.57532 18.7831 33.1482 19.55555 33.64262 20.38043 34.058 21.25868 34.41959 21.08765 

31
27.97022 15.24229 27.95144 15.23659 26.9995 14.99814 26.98025 14.99431 26.00952 14.85032 25.98998 14.84839 25.00981 14.80024 24.99019 14.80024 24.01002 14.84839 23.99048 14.85032 23.01975 14.99431 23.0005 14.99814 22.04856 15.23659 22.02978 15.24229 21.10579 15.5729 21.08765 15.58041 20.20052 15.99999 20.18321 16.00924 19.34148 16.51376 19.54712 16.85685 20.38043 16.35738 21.24979 15.9462 22.15528 15.62222 23.08816 15.38854 24.03946 15.24743 25.0 15.20024 25.96054 15.24743 26.91184 15.38854 27.84472 15.62222 28.75946 15.94951 28.89421 15.5729 

13
23.0005 35.00186 23.01975 35.00569 23.99048 35.14968 24.01002 35.15161 24.99019 35.19976 25.00981 35.19976 25.98998 35.15161 25.97036 34.75209 25.0 34.79976 24.03946 34.75257 23.08816 34.61146 22.14575 34.3754 22.04856 34.76341 

13
32.87829 31.47824 32.89075 31.46307 33.47534 30.67484 33.48624 30.65852 33.99076 29.81679 34.00001 29.79948 34.41959 28.91235 34.058 28.74132 33.64262 29.61957 33.1482 30.44445 32.57532 31.2169 31.92288 31.93676 32.21926 32.20538 

13
35.14968 26.00952 35.15161 25.98998 35.19976 25.00981 35.19976 24.99019 35.15161 24.01002 35.14968 23.99048 35.00569 23.01975 34.61002 23.07844 34.75257 24.03946 34.79976 25.0 34.75257 25.96054 34.61002 26.92156 35.00569 26.98025 

16
23.51993 9.87247 23.5004 9.87439 22.0443 10.09039 22.02505 10.09421 20.59713 10.45189 20.57835 10.45759 19.19237 10.9535 19.17424 10.96101 17.84354 11.59038 18.01456 11.95198 19.33638 11.32681 20.70386 10.83751 22.11271 10.48461 23.54937 10.27151 25.00981 10.19976 24.99019 9.80024 

13
30.82576 10.96101 30.80763 10.9535 29.42165 10.45759 29.40287 10.45189 27.97495 10.09421 27.9557 10.09039 26.4996 9.87439 26.44091 10.27006 27.88729 10.48461 29.29614 10.83751 30.66362 11.32681 31.98544 11.95198 32.15646 11.59038 

16
22.02505 39.90579 22.0443 39.90961 23.5004 40.12561 23.51993 40.12753 24.99019 40.19976 25.00981 40.19976 26.48007 40.12753 26.4996 40.12561 27.9557 39.90961 27.89701 39.51394 26.45063 39.72849 25.0 39.79976 23.54937 39.72849 22.11271 39.51539 20.69433 39.1601 20.59713 39.54811 

16
35.74091 35.75479 35.75479 35.74091 36.74335 34.65021 36.7558 34.63504 37.63269 33.45269 37.64359 33.43637 38.40036 32.17377 38.40962 32.15646 39.03899 30.82576 38.6774 30.65474 38.05222 31.97656 37.30555 33.22231 36.44037 34.38887 35.46501 35.46501 34.38159 36.44697 34.65021 36.74335 

16
40.12561 26.4996 40.12753 26.48007 40.19976 25.00981 40.19976 24.99019 40.12753 23.51993 40.12561 23.5004 39.90961 22.0443 39.90579 22.02505 39.54811 20.59713 39.1601 20.69433 39.51539 22.11271 39.72849 23.54937 39.79976 25.0 39.72849 26.45063 39.51394 27.89701 39.90961 27.9557 

13
37.64359 16.56363 37.63269 16.54731 36.7558 15.36496 36.74335 15.34979 35.75479 14.25909 35.74091 14.24521 34.65021 13.25665 34.38159 13.55303 35.46501 14.53499 36.44037 15.61113 37.30555 16.77769 38.05727 18.03187 38.40036 17.82623 

16
13.2442 34.63504 13.25665 34.65021 14.24521 35.74091 14.25909 35.75479 15.34979 36.74335 15.36496 36.7558 16.54731 37.63269 16.56363 37.64359 17.82623 38.40036 18.03187 38.05727 16.77769 37.30555 15.61113 36.44037 14.53499 35.46501 13.55963 34.38887 12.6886 33.21441 12.36731 33.45269 

28
10.96101 19.17424 10.9535 19.19237 10.45759 20.57835 10.45189 20.59713 10.09421 22.02505 10.09039 22.0443 9.87439 23.5004 9.87247 23.51993 9.80024 24.99019 9.80024 25.00981 9.87247 26.48007 9.87439 26.4996 10.09039 27.9557 10.09421 27.97495 10.45189 29.40287 10.45759 29.42165 10.9535 30.80763 11.33012 30.67287 10.83751 29.29614 10.48461 27.88729 10.27151 26.45063 10.20024 25.0 10.27151 23.54937 10.48461 22.11271 10.83751 20.70386 11.32681 19.33638 11.95198 18.01456 11.59038 17.84354 

10
6.34161 17.26082 6.3341 17.27895 5.67288 19.12693 5.66719 19.14571 5.19029 21.0496 5.5783 21.14679 6.05281 19.25243 6.70741 17.42296 7.54237 15.65758 7.18078 15.48655 

7
23.01031 45.10153 23.02984 45.10345 24.99019 45.19976 25.00981 44.80024 23.05928 44.70442 21.12754 44.41787 21.06885 44.81354 

19
26.98969 4.89847 26.97016 4.89655 25.00981 4.80024 24.99019 4.80024 23.02984 4.89655 23.01031 4.89847 21.06885 5.18646 21.0496 5.19029 19.14571 5.66719 19.12693 5.67288 17.27895 6.3341 17.41371 6.71072 19.25243 6.05281 21.13726 5.58069 23.05928 5.29558 25.0 5.20024 26.94072 5.29558 28.87246 5.58213 28.93115 5.18646 

10
12.19299 9.37915 12.17782 9.3916 10.72355 10.70967 10.70967 10.72355 9.3916 12.17782 9.68798 12.44645 10.99946 10.99946 12.43917 9.69458 14.00774 8.53125 13.76946 8.20997 

16
4.89655 26.97016 4.89847 26.98969 5.18646 28.93115 5.19029 28.9504 5.66719 30.85429 5.67288 30.87307 6.3341 32.72105 6.34161 32.73918 7.18078 34.51345 7.54237 34.34242 6.70741 32.57704 6.05281 30.74757 5.58069 28.86274 5.29558 26.94072 5.19976 24.99019 4.80024 25.00981 

16
10.70967 39.27645 10.72355 39.29033 12.17782 40.6084 12.19299 40.62085 13.76946 41.79003 13.78577 41.80094 15.46924 42.80997 15.48655 42.81922 17.26082 43.65839 17.43184 43.29679 15.66646 42.46183 13.99984 41.4629 12.43917 40.30542 10.99946 39.00054 9.68798 37.55355 9.3916 37.82218 

22
34.51345 42.81922 34.53076 42.80997 36.21423 41.80094 36.23054 41.79003 37.80701 40.62085 37.82218 40.6084 39.27645 39.29033 39.29033 39.27645 40.6084 37.82218 40.62085 37.80701 41.79003 36.23054 41.80094 36.21423 42.80997 34.53076 42.46688 34.32511 41.4629 36.00016 40.30542 37.56083 39.00054 39.00054 37.56083 40.30542 36.00016 41.4629 34.33354 42.46183 32.56816 43.29679 32.73918 43.65839 

10
44.80971 28.9504 44.81354 28.93115 45.10153 26.98969 45.10345 26.97016 45.19976 25.00981 44.80024 24.99019 44.70442 26.94072 44.41931 28.86274 43.9448 30.7571 44.33281 30.85429 

25
44.81354 21.06885 44.80971 21.0496 44.33281 19.14571 44.32712 19.12693 43.6659 17.27895 43.65839 17.26082 42.81922 15.48655 42.80997 15.46924 41.80094 13.78577 41.79003 13.76946 40.62085 12.19299 40.6084 12.17782 39.29033 10.72355 39.27645 10.70967 37.82218 9.3916 37.55355 9.68798 39.00054 10.99946 40.30542 12.43917 41.4629 13.99984 42.46183 15.66646 43.29259 17.42296 43.94719 19.25243 44.41931 21.13726 44.70586 23.069 45.10153 23.01031 

4
32.58808 40.96836 32.42983 37.97254 29.43401 38.13079 29.59226 41.12661 

4
46.86142 34.47935 44.27494 33.86898 43.66457 36.45547 46.25106 37.06583 

4
4.59841 45.55017 4.92373 48.08165 7.45521 47.75633 7.12989 45.22486 

4
2.90005 43.27709 4.97081 44.67999 6.37372 42.60922 4.30295 41.20632 

3
43.55672 4.89928 46.30071 2.33112 43.67394 1.35785 

3
20.44437 45.95249 21.66636 49.272 23.47204 47.35084 

3
4.72005 22.04656 3.68841 18.66304 1.77661 20.47864 

4
2.59665 7.67135 5.04391 5.77402 3.14658 3.32676 0.69932 5.22409 

8
48.15997 42.22539 46.09212 42.13243 44.56421 43.52889 44.47125 45.59674 45.86771 47.12466 47.93555 47.21761 49.46347 45.82116 49.55643 43.75331 

102
36.40632 46.36781 36.32245 47.8329 36.32229 47.85253 36.32406 47.87208 36.32773 47.89136 36.33328 47.91019 36.34064 47.92838 36.34975 47.94576 36.36052 47.96217 36.37285 47.97744 36.38662 47.99143 36.40169 48.00401 36.41792 48.01504 36.43515 48.02443 36.45322 48.03209 36.47196 48.03794 36.49118 48.04192 36.51069 48.04401 38.17546 48.13931 38.19509 48.13946 38.21464 48.1377 38.23392 48.13403 38.25275 48.12848 38.27094 48.12112 38.28832 48.11201 38.30473 48.10123 38.32 48.08891 38.33399 48.07514 38.34657 48.06007 38.3576 48.04384 38.36699 48.0266 38.37465 48.00853 38.3805 47.9898 38.38449 47.97058 38.38657 47.95106 38.38673 47.93144 38.38496 47.91189 38.38129 47.89261 38.37574 47.87378 38.36838 47.85559 38.35927 47.8382 38.3485 47.8218 38.33617 47.80653 38.3224 47.79253 38.30733 47.77996 38.2911 47.76893 38.27387 47.75953 38.25579 47.75188 38.23706 47.74603 38.21784 47.74204 38.19832 47.73996 36.73323 47.65609 36.8171 46.19099 36.81726 46.17137 36.81549 46.15182 36.81182 46.13254 36.80627 46.11371 36.79891 46.09552 36.7898 46.07814 36.77902 46.06173 36.7667 46.04646 36.75293 46.03247 36.73786 46.01989 36.72163 46.00886 36.7044 45.99946 36.68632 45.99181 36.66759 45.98596 36.64837 45.98197 36.62885 45.97989 33.29931 45.78929 33.27969 45.78913 33.26014 45.7909 33.24086 45.79457 33.22203 45.80012 33.20384 45.80748 33.18646 45.81659 33.17005 45.82736 33.15478 45.83969 33.14079 45.85346 33.12821 45.86853 33.11718 45.88476 33.10778 45.90199 33.10013 45.92006 33.09428 45.9388 33.09029 45.95802 33.08821 45.97753 33.08805 45.99716 33.08982 46.01671 33.09349 46.03599 33.09904 46.05482 33.1064 46.07301 33.11551 46.09039 33.12628 46.1068 33.13861 46.12207 33.15238 46.13606 33.16745 46.14864 33.18368 46.15967 33.20091 46.16906 33.21898 46.17672 33.23772 46.18257 33.25694 46.18656 33.27645 46.18864 

102
19.20014 14.92345 17.95013 14.22043 17.93257 14.21166 17.91423 14.20466 17.8953 14.19948 17.87595 14.19618 17.85638 14.1948 17.83676 14.19534 17.81728 14.19781 17.79815 14.20217 17.77953 14.20838 17.76161 14.21639 17.74456 14.22612 17.72855 14.23747 17.71373 14.25033 17.70024 14.26459 17.68821 14.2801 17.67776 14.29672 16.87671 15.72105 16.86794 15.73861 16.86093 15.75695 16.85575 15.77588 16.85246 15.79523 16.85108 15.8148 16.85162 15.83442 16.85408 15.8539 16.85844 15.87303 16.86466 15.89165 16.87266 15.90957 16.88239 15.92662 16.89374 15.94263 16.90661 15.95745 16.92087 15.97094 16.93638 15.98297 16.95299 15.99342 16.97055 16.00219 16.98888 16.00919 17.00781 16.01437 17.02716 16.01766 17.04674 16.01905 17.06636 16.0185 17.08583 16.01604 17.10497 16.01168 17.12359 16.00547 17.14151 15.99746 17.15855 15.98773 17.17456 15.97638 17.18939 15.96351 17.20288 15.94926 17.2149 15.93375 17.22535 15.91713 17.92837 14.66712 19.17839 15.37013 19.19594 15.3789 19.21428 15.38591 19.23321 15.39109 19.25256 15.39438 19.27214 15.39577 19.29176 15.39522 19.31123 15.39276 19.33036 15.3884 19.34898 15.38219 19.3669 15.37418 19.38395 15.36445 19.39996 15.3531 19.41478 15.34023 19.42827 15.32598 19.4403 15.31047 19.45075 15.29385 21.05286 12.44518 21.06163 12.42762 21.06864 12.40928 21.07381 12.39035 21.07711 12.371 21.07849 12.35142 21.07795 12.3318 21.07549 12.31233 21.07113 12.2932 21.06491 12.27458 21.0569 12.25666 21.04718 12.23961 21.03583 12.2236 21.02296 12.20878 21.0087 12.19529 20.99319 12.18326 20.97658 12.17281 20.95902 12.16404 20.94069 12.15704 20.92175 12.15186 20.90241 12.14856 20.88283 12.14718 20.86321 12.14772 20.84374 12.15019 20.8246 12.15455 20.80598 12.16076 20.78806 12.16877 20.77102 12.1785 20.75501 12.18985 20.74018 12.20271 20.72669 12.21697 20.71467 12.23248 20.70422 12.2491 

136
5.54862 12.45193 5.99535 11.2311 7.21619 11.67783 7.23493 11.68366 7.25415 11.68763 7.27367 11.68969 7.29329 11.68983 7.31284 11.68805 7.33212 11.68436 7.35094 11.6788 7.36912 11.67142 7.3865 11.66229 7.4029 11.6515 7.41816 11.63916 7.43214 11.62538 7.4447 11.6103 7.45572 11.59406 7.46509 11.57682 7.47273 11.55874 7.47857 11.54 7.48253 11.52078 7.4846 11.50126 7.48474 11.48163 7.48295 11.46209 7.47926 11.44281 7.4737 11.42399 7.46632 11.4058 7.45719 11.38842 7.44641 11.37203 7.43406 11.35677 7.42029 11.34279 7.4052 11.33023 7.38896 11.31921 7.37172 11.30983 7.35364 11.30219 6.13281 10.85546 6.57954 9.63463 6.58537 9.61589 6.58934 9.59666 6.5914 9.57715 6.59154 9.55752 6.58976 9.53797 6.58607 9.5187 6.58051 9.49987 6.57313 9.48169 6.564 9.46431 6.55321 9.44792 6.54087 9.43265 6.52709 9.41868 6.51201 9.40612 6.49577 9.3951 6.47853 9.38572 6.46045 9.37808 6.44171 9.37225 6.42248 9.36828 6.40297 9.36622 6.38334 9.36607 6.36379 9.36786 6.34452 9.37155 6.32569 9.37711 6.30751 9.38449 6.29013 9.39362 6.27374 9.40441 6.25847 9.41675 6.2445 9.43053 6.23194 9.44561 6.22092 9.46185 6.21154 9.47909 6.2039 9.49717 5.75717 10.718 4.53634 10.27127 4.5176 10.26544 4.49837 10.26147 4.47886 10.25941 4.45923 10.25927 4.43968 10.26105 4.42041 10.26474 4.40158 10.27031 4.3834 10.27769 4.36602 10.28681 4.34962 10.2976 4.33436 10.30994 4.32039 10.32372 4.30783 10.3388 4.2968 10.35504 4.28743 10.37229 4.27979 10.39036 4.27396 10.40911 4.26999 10.42833 4.26792 10.44785 4.26778 10.46747 4.26957 10.48702 4.27326 10.50629 4.27882 10.52512 4.2862 10.5433 4.29533 10.56068 4.30612 10.57708 4.31846 10.59234 4.33224 10.60632 4.34732 10.61887 4.36356 10.6299 4.3808 10.63927 4.39888 10.64691 5.61971 11.09364 5.17298 12.31448 5.16715 12.33322 5.16318 12.35244 5.16112 12.37196 5.16098 12.39158 5.16276 12.41113 5.16645 12.43041 5.17201 12.44923 5.17939 12.46742 5.18852 12.48479 5.19931 12.50119 5.21165 12.51645 5.22543 12.53043 5.24051 12.54299 5.25675 12.55401 5.274 12.56338 5.29207 12.57102 5.31081 12.57686 5.33004 12.58082 5.34955 12.58289 5.36918 12.58303 5.38873 12.58125 5.408 12.57755 5.42683 12.57199 5.44501 12.56461 5.46239 12.55548 5.47879 12.5447 5.49405 12.53235 5.50802 12.51858 5.52058 12.50349 5.5316 12.48725 5.54098 12.47001 

136
33.18829 25.26564 32.37653 26.04996 31.59222 25.2382 31.5779 25.22477 31.56234 25.21281 31.54568 25.20244 31.52809 25.19374 31.50972 25.18681 31.49077 25.18172 31.47141 25.1785 31.45182 25.1772 31.43221 25.17783 31.41274 25.18037 31.39363 25.18482 31.37504 25.19111 31.35715 25.19919 31.34015 25.20899 31.32418 25.22041 31.30942 25.23334 31.29599 25.24766 31.28403 25.26322 31.27365 25.27988 31.26495 25.29747 31.25802 25.31583 31.25293 25.33479 31.24971 25.35415 31.24841 25.37374 31.24904 25.39335 31.25159 25.41281 31.25603 25.43193 31.26232 25.45052 31.27041 25.46841 31.28021 25.48541 31.29162 25.50138 31.30455 25.51614 32.08887 26.3279 31.27711 27.11222 31.26368 27.12653 31.25172 27.14209 31.24134 27.15875 31.23265 27.17635 31.22572 27.19471 31.22062 27.21367 31.21741 27.23303 31.21611 27.25261 31.21674 27.27223 31.21928 27.29169 31.22372 27.31081 31.23002 27.3294 31.2381 27.34728 31.2479 27.36429 31.25932 27.38025 31.27225 27.39502 31.28656 27.40845 31.30213 27.42041 31.31878 27.43079 31.33638 27.43948 31.35474 27.44641 31.3737 27.45151 31.39306 27.45472 31.41264 27.45602 31.43226 27.4554 31.45172 27.45285 31.47084 27.44841 31.48943 27.44212 31.50732 27.43403 31.52432 27.42423 31.54028 27.41281 31.55505 27.39988 32.36681 26.61556 33.15113 27.42732 33.16544 27.44075 33.181 27.45271 33.19766 27.46309 33.21526 27.47179 33.23362 27.47872 33.25258 27.48381 33.27194 27.48702 33.29152 27.48832 33.31114 27.4877 33.3306 27.48515 33.34972 27.48071 33.36831 27.47442 33.38619 27.46633 33.4032 27.45653 33.41916 27.44511 33.43393 27.43219 33.44736 27.41787 33.45932 27.40231 33.4697 27.38565 33.47839 27.36806 33.48532 27.34969 33.49042 27.33074 33.49363 27.31138 33.49493 27.29179 33.4943 27.27217 33.49176 27.25271 33.48732 27.2336 33.48102 27.215 33.47294 27.19712 33.46314 27.18011 33.45172 27.16415 33.43879 27.14938 32.65447 26.33763 33.46623 25.55331 33.47966 25.53899 33.49162 25.52343 33.502 25.50677 33.5107 25.48918 33.51762 25.47081 33.52272 25.45186 33.52593 25.4325 33.52723 25.41291 33.52661 25.3933 33.52406 25.37384 33.51962 25.35472 33.51333 25.33613 33.50524 25.31824 33.49544 25.30124 33.48402 25.28527 33.47109 25.27051 33.45678 25.25708 33.44122 25.24512 33.42456 25.23474 33.40696 25.22604 33.3886 25.21911 33.36965 25.21402 33.35028 25.21081 33.3307 25.20951 33.31108 25.21013 33.29162 25.21268 33.2725 25.21712 33.25391 25.22341 33.23603 25.2315 33.21902 25.2413 33.20306 25.25272 

84
29.53725 47.02679 30.20612 45.72059 30.21419 45.7027 30.22048 45.6841 30.22491 45.66498 30.22745 45.64552 30.22807 45.62591 30.22676 45.60632 30.22354 45.58696 30.21843 45.56801 30.2115 45.54965 30.20279 45.53206 30.19241 45.5154 30.18044 45.49985 30.167 45.48554 30.15223 45.47262 30.13626 45.4612 30.11925 45.45141 30.10137 45.44333 30.08277 45.43705 30.06365 45.43261 30.04419 45.43008 30.02457 45.42946 30.00499 45.43077 29.98563 45.43399 29.96668 45.43909 29.94832 45.44603 29.93072 45.45473 29.91407 45.46512 29.89851 45.47709 29.88421 45.49052 29.87128 45.50529 29.85987 45.52126 29.85008 45.53827 29.09006 47.02249 29.08198 47.04038 29.0757 47.05897 29.07126 47.07809 29.06873 47.09756 29.06811 47.11717 29.06942 47.13676 29.07264 47.15612 29.07774 47.17507 29.08468 47.19343 29.09338 47.21102 29.10377 47.22768 29.11574 47.24323 29.12917 47.25754 29.14394 47.27046 29.15991 47.28188 29.17692 47.29167 30.66114 48.05169 30.67903 48.05976 30.69762 48.06605 30.71674 48.07048 30.73621 48.07302 30.75582 48.07364 30.77541 48.07233 30.79477 48.06911 30.81372 48.064 30.83208 48.05707 30.84967 48.04836 30.86633 48.03798 30.88188 48.02601 30.89619 48.01258 30.90911 47.9978 30.92053 47.98184 30.93032 47.96483 30.9384 47.94694 30.94468 47.92834 30.94911 47.90923 30.95165 47.88976 30.95227 47.87015 30.95096 47.85056 30.94774 47.8312 30.94263 47.81225 30.9357 47.79389 30.927 47.7763 30.91661 47.75964 30.90464 47.74409 30.89121 47.72978 30.87643 47.71686 30.86047 47.70544 30.84346 47.69565 

84
12.26373 37.19258 12.38884 35.76391 12.3896 35.74429 12.38842 35.7247 12.38533 35.70532 12.38036 35.68633 12.37354 35.66793 12.36496 35.65028 12.35469 35.63355 12.34283 35.61791 12.32949 35.60352 12.31481 35.59049 12.29892 35.57897 12.28197 35.56906 12.26414 35.56087 12.24559 35.55445 12.2265 35.54989 12.20706 35.54722 12.18744 35.54647 12.16785 35.54765 12.14847 35.55074 12.12948 35.55571 12.11108 35.56252 12.09342 35.57111 12.0767 35.58138 12.06106 35.59324 12.04666 35.60658 12.03364 35.62126 12.02212 35.63715 12.01221 35.65409 12.00401 35.67193 11.9976 35.69048 11.99304 35.70957 11.99037 35.72901 11.8478 37.35693 11.84705 37.37654 11.84823 37.39613 11.85132 37.41551 11.85629 37.4345 11.8631 37.45291 11.87169 37.47056 11.88196 37.48728 11.89382 37.50292 11.90716 37.51732 11.92184 37.53034 11.93773 37.54186 11.95467 37.55177 11.97251 37.55997 11.99106 37.56638 12.01015 37.57094 12.02959 37.57361 13.65751 37.71618 13.67712 37.71693 13.69671 37.71575 13.71609 37.71266 13.73508 37.70769 13.75349 37.70088 13.77114 37.69229 13.78786 37.68202 13.8035 37.67016 13.8179 37.65682 13.83092 37.64214 13.84244 37.62625 13.85235 37.60931 13.86055 37.59147 13.86696 37.57292 13.87152 37.55383 13.87419 37.53439 13.87494 37.51478 13.87377 37.49518 13.87068 37.4758 13.8657 37.45682 13.85889 37.43841 13.85031 37.42076 13.84004 37.40403 13.82817 37.3884 13.81484 37.374 13.80015 37.36097 13.78426 37.34945 13.76732 37.33955 13.74949 37.33135 13.73094 37.32494 13.71185 37.32037 13.6924 37.3177 

84
10.71441 33.64629 9.28358 33.74372 9.26409 33.74602 9.24491 33.75021 9.22624 33.75626 9.20825 33.76411 9.19112 33.77369 9.17501 33.7849 9.16008 33.79764 9.14646 33.81178 9.1343 33.82718 9.12371 33.8437 9.11478 33.86118 9.10762 33.87946 9.10228 33.89834 9.09881 33.91766 9.09726 33.93723 9.09763 33.95685 9.09992 33.97634 9.10411 33.99552 9.11016 34.01419 9.11802 34.03218 9.12759 34.04931 9.13881 34.06542 9.15154 34.08035 9.16568 34.09396 9.18108 34.10613 9.19761 34.11672 9.21509 34.12564 9.23336 34.13281 9.25225 34.13815 9.27157 34.14162 9.29113 34.14317 9.31075 34.1428 10.94112 34.03178 10.96062 34.02948 10.97979 34.02529 10.99846 34.01924 11.01645 34.01139 11.03358 34.00181 11.04969 33.9906 11.06463 33.97786 11.07824 33.96372 11.0904 33.94832 11.10099 33.9318 11.10992 33.91432 11.11708 33.89604 11.12243 33.87716 11.12589 33.85784 11.12744 33.83827 11.12707 33.81865 11.01605 32.18828 11.01376 32.16879 11.00957 32.14961 11.00351 32.13094 10.99566 32.11296 10.98608 32.09582 10.97487 32.07971 10.96214 32.06478 10.948 32.05117 10.93259 32.039 10.91607 32.02841 10.89859 32.01949 10.88032 32.01232 10.86143 32.00698 10.84211 32.00351 10.82255 32.00196 10.80292 32.00233 10.78343 32.00462 10.76426 32.00882 10.74559 32.01487 10.7276 32.02272 10.71047 32.0323 10.69436 32.04351 10.67942 32.05624 10.66581 32.07038 10.65365 32.08579 10.64305 32.10231 10.63413 32.11979 10.62696 32.13806 10.62162 32.15695 10.61816 32.17627 10.6166 32.19583 10.61697 32.21546 

