5.0 5.0
4.6 6.0
3.8 7.1
3.0 8.2
2.1 9.1
1.1 9.7
1.7 10.6
1.7 11.8
1.5 12.9
2.1 14.1
3.1 14.6
4.2 15.2
4.4 16.5
4.0 17.6
3.9 18.6
4.8 19.7
5.9 20.2
7.1 20.6
7.9 21.3
8.3 22.5
8.6 23.7
8.7 25.1
8.7 26.3
9.1 27.5
9.7 28.6
10.4 29.5
9.8 30.3
8.6 30.7
7.4 30.8
6.4 30.9
5.9 31.8
5.8 33.0
5.7 34.3
5.6 35.5
5.4 36.7
4.3 37.6
3.2 38.2
2.4 39.1
1.9 40.0
1.8 41.1
2.2 42.3
2.9 43.4
3.7 44.0
4.8 44.4
5.6 45.3
5.8 46.5
5.9 47.6
6.8 48.2
7.9 47.9
8.8 47.3
9.1 46.1
9.0 44.8
9.6 43.5
10.1 42.3
10.5 41.0
11.3 40.4
12.4 40.3
13.6 40.4
14.8 39.9
15.6 39.1
16.3 38.0
17.3 37.4
18.4 37.2
18.9 36.2
18.9 35.0
19.1 33.9
19.7 32.7
20.4 31.6
21.3 30.8
22.3 30.9
23.5 31.2
24.7 31.2
26.0 31.1
27.3 30.9
28.5 30.6
29.8 30.4
31.0 30.5
32.1 30.9
33.0 29.9
33.3 28.7
33.6 27.4
34.1 26.2
34.6 25.0
35.3 23.8
35.8 22.7
