18.0 8.5
17.1 9.1
16.7 8.1
15.5 7.6
14.3 7.8
13.2 8.3
12.0 8.9
10.8 9.4
10.1 10.3
10.8 11.5
11.8 12.2
12.5 13.1
12.5 14.2
12.0 15.3
11.8 16.3
12.1 17.5
12.8 18.6
13.7 19.5
14.0 20.7
13.3 21.5
12.7 22.3
12.6 23.4
12.8 24.6
13.2 25.8
13.8 26.9
14.3 28.1
14.7 29.2
14.8 30.2
14.4 31.3
15.5 32.1
16.7 32.7
17.3 33.7
17.3 34.8
17.9 35.6
18.9 36.0
20.1 36.1
21.4 36.0
22.6 36.1
23.9 36.4
25.1 36.7
26.4 37.1
27.7 37.3
29.0 37.4
30.3 37.5
31.5 37.5
31.9 36.3
31.7 35.2
32.7 34.4
33.9 34.2
35.2 34.2
36.5 34.2
37.7 34.3
38.8 34.4
39.7 33.9
40.5 33.0
41.1 31.9
41.6 30.7
41.7 29.4
41.7 28.1
41.5 26.8
41.1 25.6
41.1 24.4
41.4 23.1
41.9 21.9
42.1 20.9
42.0 19.7
41.4 18.6
40.8 17.5
40.0 16.6
38.9 16.0
38.2 15.2
37.8 14.1
37.3 13.2
36.4 12.5
35.2 12.1
34.1 11.4
33.1 10.6
32.3 9.6
