18.0 8.5
16.9 8.9
17.2 9.9
17.0 10.9
16.5 11.9
15.7 12.9
15.3 14.2
15.4 15.4
15.4 16.7
15.0 17.9
14.5 19.1
14.0 20.3
13.7 21.5
13.5 22.8
13.5 24.1
13.4 25.3
13.3 26.6
13.1 27.9
13.5 28.9
14.5 29.6
15.2 30.8
15.3 32.0
15.2 33.2
15.5 34.2
16.3 35.1
17.3 35.8
18.4 36.5
19.3 37.2
19.8 38.2
19.9 39.5
19.8 40.8
19.6 42.0
19.9 43.2
20.4 44.3
21.0 45.3
22.0 45.7
23.2 46.1
24.4 46.4
25.4 47.2
26.3 48.0
27.5 48.3
28.6 48.1
29.6 47.4
30.6 46.5
31.4 45.6
32.3 44.8
33.5 44.4
34.8 44.2
35.9 44.1
36.7 43.5
37.3 42.5
37.8 41.3
38.0 40.1
38.4 38.9
39.1 37.8
39.8 36.7
40.6 35.7
41.4 34.7
42.0 33.6
42.4 32.4
42.6 31.2
42.7 29.9
42.5 28.6
42.3 27.3
42.0 26.1
41.9 24.9
42.1 23.7
42.5 22.7
42.4 21.6
41.8 20.5
40.9 19.7
40.1 18.9
39.5 17.8
39.1 16.6
38.6 15.4
37.9 14.3
37.1 13.3
36.2 12.3
35.2 11.4
34.2 10.6
33.1 9.9
32.0 9.4
