5.0 5.0
6.0 4.6
6.6 3.4
7.0 2.3
8.2 1.9
9.4 2.1
10.6 2.5
11.8 3.0
13.0 3.6
14.1 4.3
15.1 4.9
16.4 5.3
17.7 5.4
18.9 5.5
19.9 5.8
20.7 6.6
21.4 7.7
21.9 8.8
22.7 9.8
23.6 10.7
24.5 11.3
25.6 11.5
26.8 11.2
28.0 10.6
28.9 10.0
29.5 8.9
29.9 7.8
31.0 7.5
32.2 7.8
33.3 8.4
34.1 9.0
35.1 9.8
36.0 10.7
36.9 11.7
37.9 12.5
38.6 13.4
39.2 14.6
39.6 15.8
40.0 17.1
40.2 18.4
40.5 19.7
40.7 21.0
40.9 22.2
41.1 23.5
41.1 24.9
41.0 26.2
40.9 27.4
40.9 28.7
40.8 30.0
40.8 31.3
41.0 32.6
41.1 33.8
40.6 34.8
39.3 35.0
38.1 35.2
37.4 36.0
36.9 37.1
37.1 38.3
37.9 39.2
39.0 39.8
40.2 40.3
40.2 41.4
39.3 42.1
38.1 42.5
36.9 42.6
35.8 42.6
34.9 43.2
34.2 44.1
