35.0 35.0
36.3 35.0
37.3 35.2
38.5 35.6
39.7 36.2
40.3 37.1
40.1 38.2
39.4 39.2
38.6 40.2
37.7 41.1
36.8 42.0
35.9 42.9
35.0 43.9
33.8 44.3
32.8 43.9
31.8 43.2
30.6 42.6
29.4 42.3
28.2 42.6
27.5 43.5
27.2 44.6
26.4 45.4
25.4 45.1
24.3 44.5
23.3 43.7
22.2 43.3
21.0 43.0
19.7 42.9
18.4 42.8
17.3 42.6
16.4 42.0
15.8 41.0
15.5 39.8
15.2 38.7
14.5 37.6
13.6 36.7
12.7 36.0
11.6 35.8
10.4 36.0
9.2 36.3
8.1 36.2
7.1 35.5
6.5 34.4
6.1 33.1
5.7 31.9
5.4 30.7
5.3 29.4
5.4 28.1
5.5 26.8
4.4 26.6
3.3 26.3
3.7 25.2
