45.0 13.0
45.4 14.2
46.6 13.9
47.8 13.7
48.2 12.4
48.6 11.1
48.6 9.9
48.4 8.6
47.9 7.4
47.3 6.2
46.7 5.0
46.2 4.1
45.3 4.8
44.8 5.8
44.7 7.0
44.1 6.1
43.7 4.9
43.7 3.6
43.7 2.5
42.6 2.1
41.5 2.3
40.6 2.8
40.0 3.7
39.9 4.9
39.9 6.2
39.7 7.3
39.1 8.2
38.1 8.9
37.3 9.5
37.2 10.5
37.6 11.5
38.3 12.4
37.3 12.6
36.2 12.5
35.1 12.0
33.9 12.3
33.0 13.1
32.2 14.1
31.5 15.2
30.9 16.2
31.3 17.4
32.2 18.2
32.7 19.2
33.4 20.3
34.2 21.3
34.7 22.5
34.9 23.7
35.6 24.8
36.6 25.4
37.8 25.7
39.1 26.0
40.1 26.7
40.6 27.8
40.8 29.0
41.1 30.0
42.2 30.7
43.4 31.0
44.5 31.2
45.3 32.1
45.6 33.3
45.7 34.6
45.6 35.9
