3.5 17.5
4.3 18.3
5.5 18.0
6.3 17.2
6.9 16.1
8.2 15.7
9.5 15.5
10.7 15.1
11.7 15.0
12.7 15.4
13.6 16.1
13.9 17.3
13.6 18.4
12.9 19.3
11.9 19.9
10.8 20.3
10.1 21.1
9.5 22.2
9.1 23.4
8.4 24.4
7.6 25.4
6.9 26.4
6.5 27.5
6.1 28.7
5.5 29.8
4.7 30.8
4.2 32.0
3.8 33.3
3.5 34.4
4.6 34.2
5.6 34.0
5.7 35.5
5.6 36.7
4.4 36.0
3.3 35.8
2.6 36.7
2.2 37.9
2.1 39.1
2.6 40.3
3.3 41.1
2.9 42.2
3.4 43.1
4.5 42.9
5.7 42.4
6.7 41.7
7.8 41.3
9.0 41.2
10.2 41.3
11.4 41.2
12.6 41.4
13.8 42.0
14.9 42.7
15.8 43.6
16.9 44.3
17.8 44.8
