35.0 29.0
36.0 28.4
35.4 27.3
35.1 26.2
35.4 25.2
36.1 24.2
36.8 23.3
36.6 22.1
35.8 21.3
34.8 20.6
33.8 19.8
33.0 18.8
32.0 18.1
31.0 17.7
29.8 17.6
28.5 17.8
27.2 18.0
25.9 18.3
24.7 18.5
23.4 18.7
22.4 19.2
21.6 20.1
21.7 21.5
21.9 22.8
22.2 24.1
22.3 25.3
21.9 26.3
21.1 27.3
20.5 28.4
20.2 29.6
20.0 30.7
18.8 31.0
17.6 30.6
16.5 30.0
15.6 29.5
14.3 29.3
13.2 28.8
12.2 28.2
11.1 28.4
10.1 29.0
9.0 29.7
7.8 30.1
6.6 30.4
5.9 31.3
5.7 32.4
5.6 33.7
5.7 35.0
5.9 36.3
6.0 37.5
4.9 38.2
3.8 38.1
2.7 37.8
2.2 38.7
2.1 39.9
2.4 41.1
2.4 42.3
2.1 43.6
2.6 44.7
3.7 45.0
4.9 45.0
6.0 45.1
6.7 45.9
7.1 47.0
7.6 48.0
8.5 47.5
9.2 46.3
9.4 45.1
10.0 43.9
10.6 42.8
11.4 41.9
12.5 41.4
13.6 40.7
14.5 39.9
14.9 38.8
15.7 38.1
16.8 38.2
