5.0 5.0
5.9 4.3
5.9 3.2
6.2 2.2
7.1 1.6
8.3 1.4
9.3 1.8
9.9 2.7
10.3 4.0
10.4 5.3
10.5 6.6
10.8 7.8
11.3 9.0
12.0 10.2
13.0 11.0
14.2 11.1
15.5 11.0
16.7 10.7
17.8 10.1
18.8 9.6
20.0 9.4
21.0 8.8
22.0 8.4
23.0 8.8
24.0 9.6
24.9 10.6
25.8 11.4
26.9 12.1
28.1 12.4
29.1 12.0
30.0 11.4
31.1 11.4
32.2 11.8
33.2 12.5
33.8 13.4
33.4 14.7
32.8 15.8
32.5 17.0
32.4 18.3
32.4 19.5
32.9 20.7
33.6 21.7
34.2 22.7
34.5 23.8
34.5 25.1
34.5 26.4
34.5 27.7
34.3 28.7
33.3 29.7
32.4 30.4
31.5 31.4
30.8 32.3
29.7 33.0
28.6 33.6
27.4 34.1
26.2 34.6
25.0 35.0
23.9 35.7
22.9 36.5
21.9 36.9
20.7 37.0
19.5 36.8
18.2 36.7
17.2 36.3
16.4 35.4
15.9 34.3
16.0 33.0
16.3 31.9
16.1 30.7
