12.0 28.0
12.9 28.5
12.9 27.3
13.1 26.1
13.6 24.9
14.5 23.8
15.4 22.9
15.8 21.7
16.4 20.5
16.8 19.3
17.1 18.0
17.7 17.0
18.7 16.7
20.0 16.7
21.3 16.7
22.4 16.9
23.5 17.5
24.4 18.4
25.5 19.2
26.5 20.0
27.5 20.7
28.2 21.7
28.7 22.8
29.1 24.1
29.4 25.4
29.7 26.7
29.9 28.0
29.8 29.3
29.1 30.1
28.1 30.8
28.0 31.8
28.6 32.8
29.5 33.7
30.4 34.6
31.4 35.1
32.5 35.1
33.8 34.8
34.8 34.4
35.5 35.2
35.8 36.5
36.1 37.7
36.4 39.0
36.8 40.2
37.5 41.2
38.5 42.0
39.3 42.8
39.8 44.0
40.2 45.2
40.4 46.4
41.4 47.1
42.5 46.8
43.6 46.0
