12.0 22.0
13.1 21.6
13.5 22.6
12.5 22.7
12.3 23.8
12.8 24.8
13.6 25.8
14.5 26.6
15.2 27.7
15.8 28.9
16.3 30.1
16.8 31.2
17.6 31.9
18.7 32.5
20.0 32.9
21.1 33.3
22.0 34.0
22.7 35.0
23.3 36.1
23.8 37.3
24.4 38.4
24.9 39.6
25.8 40.5
27.0 40.8
28.3 40.9
29.6 40.7
30.8 40.5
31.9 39.8
32.4 38.8
32.8 37.6
33.5 36.7
34.0 35.7
34.1 34.5
34.1 33.2
33.9 32.0
33.7 30.8
34.0 29.7
34.9 28.8
35.9 28.1
37.0 27.8
38.2 27.8
39.4 28.1
40.5 28.6
41.6 29.3
42.4 30.1
42.9 31.2
43.1 32.4
43.4 33.7
43.9 34.9
44.4 36.0
