25.0 12.5
23.9 12.9
22.9 13.4
22.2 14.3
21.6 15.4
21.0 16.4
20.9 17.4
21.3 18.5
21.2 19.5
20.4 20.3
19.3 20.9
18.3 21.4
17.7 22.5
17.6 23.8
17.8 25.0
18.2 26.3
18.7 27.5
17.7 28.2
16.5 28.1
15.3 28.7
14.5 29.4
13.4 29.6
12.2 30.0
11.1 30.3
9.9 30.2
8.6 29.9
7.9 29.1
7.9 28.0
8.4 26.8
8.3 25.6
7.5 24.8
6.9 23.9
6.6 22.7
6.6 21.5
7.5 20.8
8.6 20.6
9.4 19.8
10.1 18.8
10.5 17.5
10.7 16.2
11.1 15.0
11.5 13.8
11.9 12.6
12.5 11.6
13.4 10.9
14.6 10.4
15.9 10.2
17.2 10.0
18.2 9.8
18.9 9.0
19.4 7.9
20.4 7.1
21.5 7.2
22.7 7.7
23.9 8.2
25.1 8.4
26.4 8.5
27.7 8.7
29.0 9.1
30.0 9.3
30.8 8.5
31.5 7.7
32.5 7.3
33.7 7.2
35.0 7.4
36.3 7.5
37.6 7.5
38.9 7.4
40.2 7.3
41.5 7.0
42.7 6.6
44.0 6.2
