5.0 45.0
5.7 46.1
5.9 47.1
6.9 47.7
8.1 47.4
9.4 47.0
10.7 46.7
11.6 46.1
11.9 45.0
11.9 43.8
11.6 42.6
11.0 41.6
10.2 40.6
10.3 39.2
10.7 38.0
11.4 37.0
12.2 36.1
13.3 35.5
14.5 35.1
15.5 34.5
16.0 33.4
16.7 32.3
17.2 31.2
17.2 30.1
16.8 28.9
16.4 27.6
16.1 26.3
15.8 25.0
15.5 23.8
15.6 22.6
16.0 21.5
16.4 20.4
16.5 19.3
16.2 18.1
16.2 17.0
16.8 16.1
17.9 15.4
19.0 14.7
20.0 13.9
20.9 13.0
21.4 12.0
21.5 10.8
21.8 9.8
22.6 8.9
23.6 8.3
24.8 8.2
26.0 8.4
27.0 8.8
27.7 9.7
28.4 10.6
29.4 11.3
30.6 11.8
31.6 12.4
32.4 13.4
33.0 14.4
33.6 15.6
33.8 16.8
33.8 18.0
33.7 19.3
33.5 20.4
34.2 21.3
35.3 21.8
35.5 23.1
35.0 24.1
34.2 25.1
33.8 26.1
33.7 27.3
33.9 28.6
