5.0 45.0
4.9 43.8
4.2 42.8
3.3 41.9
2.6 40.9
2.5 39.7
3.0 38.6
3.7 37.6
4.4 36.5
4.9 35.3
5.2 34.1
5.3 32.8
5.2 31.5
5.6 30.4
6.5 29.6
7.6 29.0
8.8 28.6
10.0 28.4
11.2 28.7
12.4 28.8
13.4 27.9
13.9 26.9
14.4 25.9
15.3 25.1
15.9 24.0
16.3 22.8
16.5 21.5
16.5 20.2
16.5 18.9
16.7 17.6
16.6 16.4
16.3 15.2
15.8 14.0
15.9 12.9
17.2 12.8
18.4 13.2
19.6 13.8
20.7 14.5
21.7 15.2
22.9 15.5
24.0 15.7
24.7 16.8
25.5 17.7
26.6 18.0
27.4 18.8
28.1 19.8
29.4 20.0
30.4 19.6
31.4 19.2
32.4 19.4
33.3 20.0
34.1 20.9
34.6 22.0
34.8 23.2
34.7 24.4
34.2 25.5
33.9 26.8
33.7 28.1
33.5 29.3
