35.0 45.0
36.1 45.0
35.0 45.3
34.0 45.1
32.9 45.3
31.9 45.8
31.1 46.8
30.5 47.7
29.4 48.0
28.3 47.8
27.2 47.2
26.1 46.8
24.9 46.9
23.7 47.3
22.5 47.4
21.5 46.9
20.7 45.9
20.1 44.9
18.9 44.3
17.6 44.3
16.3 44.5
15.3 44.7
14.5 43.7
14.2 42.4
13.2 41.7
12.2 42.0
11.3 42.5
10.8 41.2
11.0 40.0
11.5 38.9
12.1 37.8
12.5 36.6
13.0 35.5
13.8 34.5
14.7 33.7
15.8 32.9
16.4 32.0
16.0 30.9
16.0 29.8
16.3 28.6
16.3 27.5
15.8 26.3
15.1 25.3
14.1 24.5
13.2 23.9
13.0 22.9
13.3 21.7
13.9 20.6
14.7 19.6
15.2 18.7
14.3 17.8
13.2 17.3
12.1 16.8
11.1 16.0
10.2 15.0
9.4 14.0
8.7 12.9
8.1 11.7
7.5 10.6
6.9 9.5
6.3 8.3
5.8 7.1
5.5 6.0
