35.0 45.0
36.1 45.4
36.7 44.5
36.2 43.3
35.4 42.3
34.6 41.4
33.5 40.7
32.5 40.1
31.7 39.2
31.1 38.2
31.0 37.1
31.2 35.9
31.5 34.8
31.2 33.8
30.6 32.8
29.7 31.9
28.8 31.2
28.3 30.1
28.4 28.9
28.8 27.8
28.5 26.7
27.7 25.9
26.5 25.3
25.1 24.8
24.0 23.9
23.4 22.8
23.6 21.8
24.6 20.9
23.6 20.1
22.3 20.0
21.3 19.9
20.3 19.3
19.4 18.4
18.5 17.6
17.5 16.9
16.3 16.3
15.1 15.8
13.9 15.5
12.7 15.3
11.7 15.0
10.9 13.9
10.7 12.7
10.6 11.5
10.7 10.2
10.8 9.1
9.9 8.2
8.7 7.9
7.5 7.9
6.2 8.1
5.1 8.0
4.3 7.2
3.6 6.1
