40.0 20.0
39.8 21.0
39.2 22.0
39.2 23.2
39.8 24.3
40.6 25.2
41.2 26.2
40.9 27.2
40.2 28.2
39.2 29.0
38.6 30.0
38.7 31.1
39.2 32.2
39.9 33.3
40.3 34.5
40.5 35.7
40.6 37.0
39.6 37.5
38.6 37.2
37.4 36.8
36.1 36.6
34.8 36.5
33.8 36.8
32.9 37.6
32.2 38.6
31.6 39.8
30.9 40.8
29.8 41.5
28.6 41.4
27.4 41.1
26.0 41.2
24.9 41.8
24.0 42.4
22.9 42.6
21.7 42.4
20.6 41.9
19.6 41.3
18.9 40.4
18.2 39.3
17.5 38.2
17.0 37.1
17.0 35.9
17.0 34.6
16.0 33.8
14.8 33.9
13.5 34.2
12.4 34.8
11.3 34.8
10.8 33.8
10.6 32.7
10.4 31.4
10.2 30.1
9.9 28.9
10.0 27.7
10.5 26.6
10.5 25.4
9.8 24.4
9.5 23.2
10.0 22.2
10.8 21.4
