35.0 13.0
33.8 12.7
32.7 12.3
31.6 12.3
31.1 11.3
30.2 10.8
29.0 10.6
27.8 10.7
26.8 11.1
25.9 11.9
25.1 12.9
24.0 12.4
23.4 11.3
23.0 10.1
22.3 9.3
21.2 9.0
19.9 9.0
18.7 9.3
17.7 10.1
17.1 11.2
16.9 12.4
16.6 13.4
16.0 14.4
16.0 15.8
16.4 17.0
16.6 18.2
16.1 19.1
15.2 20.1
14.3 21.0
13.4 22.0
12.7 23.0
12.3 24.0
12.2 25.3
12.3 26.5
12.8 27.6
13.6 28.7
14.4 29.7
15.3 30.7
16.1 31.6
16.7 32.7
17.0 33.9
16.9 35.1
16.4 36.3
16.5 37.6
17.2 38.7
17.9 39.6
19.1 39.8
20.2 39.4
21.3 38.7
22.4 37.9
23.5 37.2
24.6 36.4
25.7 35.7
26.7 35.0
27.6 34.2
28.8 33.7
30.0 33.4
31.1 33.5
32.1 34.0
33.1 34.7
33.9 35.6
33.6 36.7
32.9 37.6
33.2 38.6
34.0 39.4
35.1 40.0
36.3 40.3
37.5 40.6
38.4 41.1
39.1 42.0
39.5 43.2
39.7 44.4
39.7 45.6
39.6 46.8
40.7 47.3
41.9 47.1
43.2 46.7
