45.0 45.0
45.6 44.0
45.4 42.9
44.9 41.8
44.0 40.8
43.5 39.7
44.0 38.7
44.8 37.8
45.6 37.1
45.9 36.1
45.8 34.9
45.4 33.7
45.0 32.7
45.6 31.7
46.2 30.7
46.5 29.4
46.6 28.2
46.4 27.0
45.7 25.9
44.9 25.1
43.9 24.5
42.7 24.2
41.6 23.8
40.3 23.7
39.1 23.9
37.9 24.2
37.1 23.5
36.9 22.3
37.0 21.1
36.8 19.8
36.4 18.6
36.0 17.4
35.4 16.4
34.4 15.6
33.3 15.0
32.1 14.4
30.9 13.9
29.7 13.4
28.6 13.0
27.5 13.0
26.5 13.5
25.3 13.4
23.9 13.3
22.6 13.3
21.3 13.3
20.0 13.5
18.8 13.9
17.5 14.3
16.3 14.9
15.2 15.5
14.5 16.3
