41.5 41.0
42.1 40.1
42.3 38.8
42.7 37.6
43.2 36.5
43.9 35.4
44.5 34.3
45.2 33.2
45.9 32.1
46.1 31.1
46.1 29.8
46.2 28.6
46.4 27.5
45.8 26.6
44.5 26.2
43.2 26.4
42.2 26.8
41.6 27.6
41.2 28.8
41.1 30.0
41.1 31.3
40.5 32.4
39.4 33.1
38.6 33.9
38.0 34.9
37.5 36.1
37.3 37.3
37.2 38.6
36.2 38.9
35.1 38.7
34.0 39.2
33.2 40.1
32.1 40.5
30.9 40.4
29.7 40.0
28.8 39.3
27.9 38.4
26.8 37.7
25.7 37.3
24.5 36.9
23.3 36.3
22.1 35.7
21.0 35.1
19.8 34.5
18.7 33.9
17.5 33.3
16.4 32.8
15.3 33.1
14.6 34.0
13.6 34.5
12.5 34.3
11.5 33.7
10.4 33.1
9.2 32.6
8.1 32.0
7.6 31.1
