5.0 15.0
5.2 13.8
6.0 13.0
7.0 13.1
8.1 13.7
9.2 13.4
9.2 12.3
9.0 11.2
9.3 10.1
10.0 9.0
10.9 8.1
11.8 7.6
12.8 8.1
13.7 9.0
14.5 10.0
15.3 10.9
15.6 12.0
15.8 13.2
16.4 14.4
17.1 15.5
17.9 16.5
19.0 16.7
19.8 16.0
20.4 15.0
21.4 14.5
22.6 14.2
23.9 14.2
25.1 14.6
25.7 15.5
26.1 16.7
26.4 17.8
26.6 18.9
26.3 20.0
26.1 21.3
25.9 22.6
25.9 23.9
25.8 25.1
25.3 26.3
24.7 27.4
24.1 28.6
23.5 29.7
22.9 30.7
22.0 31.6
20.9 32.3
19.8 33.0
18.7 33.5
17.6 33.7
16.4 33.5
15.1 33.3
13.8 33.1
12.4 33.1
11.2 33.2
10.0 33.6
8.9 34.2
7.8 34.9
6.6 35.5
