40.0 20.0
41.1 20.1
41.1 18.8
40.5 17.8
39.8 16.9
40.5 15.9
41.6 15.7
42.3 14.7
41.9 13.6
41.3 12.5
40.4 11.5
39.5 10.6
38.6 9.9
37.5 9.6
36.3 9.8
35.1 10.2
33.8 10.6
33.5 11.6
34.0 12.7
34.7 13.8
35.6 14.7
35.6 16.0
34.9 16.9
33.9 17.6
32.7 18.2
31.6 18.6
31.0 19.5
30.9 20.6
31.3 21.9
31.8 23.0
32.2 24.2
32.4 25.5
32.2 26.5
31.6 27.5
31.0 28.5
30.7 29.6
30.7 30.9
30.8 32.1
29.7 32.4
29.9 33.7
30.1 35.0
30.3 36.2
30.4 37.5
30.0 38.7
29.2 39.4
28.1 39.9
26.9 39.7
25.7 39.5
24.4 39.5
23.1 39.6
21.8 39.8
