25.0 4.0
24.8 5.2
24.2 6.2
23.4 7.2
22.6 8.2
21.8 9.1
20.8 9.8
19.6 10.3
18.5 10.8
17.5 11.5
17.2 12.6
17.3 13.9
17.5 15.2
17.9 16.4
18.2 17.5
18.1 18.7
17.5 19.9
16.7 20.9
15.9 21.9
15.1 22.9
15.0 24.2
15.5 25.2
15.9 26.2
15.7 27.2
15.1 28.2
14.4 29.1
14.7 30.1
15.6 30.9
16.5 31.8
17.5 32.7
18.4 33.5
19.5 34.0
20.5 34.7
21.6 35.1
22.8 35.2
24.1 35.1
25.3 34.7
26.4 34.1
27.5 33.4
28.5 33.5
29.3 34.1
30.0 35.1
30.9 35.9
32.1 36.5
33.3 36.9
34.4 37.3
35.5 38.1
36.3 38.9
37.0 40.0
37.4 41.1
37.9 42.3
38.2 43.5
38.6 44.7
39.3 45.7
40.2 46.6
41.2 47.4
42.3 48.1
43.3 48.0
43.8 47.0
44.0 45.9
44.0 44.6
43.8 43.3
44.0 42.2
45.0 41.5
46.3 41.1
47.5 40.7
48.2 39.9
48.2 38.8
47.8 37.7
47.1 36.6
46.2 35.6
45.4 34.6
44.5 33.7
43.8 32.6
43.1 31.5
42.3 30.4
41.4 29.4
40.5 28.4
40.0 27.4
39.9 26.3
40.0 25.0
40.1 23.8
39.2 22.8
