41.5 8.5
40.9 9.5
41.0 10.8
41.0 11.9
40.6 13.1
40.4 14.4
40.3 15.7
40.3 16.9
40.4 18.2
40.4 19.5
39.9 20.7
38.9 21.5
37.8 22.1
36.9 22.9
36.8 24.1
36.4 25.2
36.0 26.3
36.0 27.4
36.4 28.6
37.0 29.7
37.0 30.9
36.4 31.9
35.5 32.8
34.4 33.6
33.3 34.3
32.1 34.9
31.0 35.5
29.9 36.1
28.7 36.8
27.6 37.4
26.6 37.9
25.4 38.0
24.2 37.7
23.2 37.0
22.4 36.2
21.6 35.3
20.5 35.0
19.3 35.0
18.2 35.3
17.1 34.8
16.4 33.8
15.8 32.7
15.4 31.5
15.0 30.5
14.2 29.8
13.2 29.2
12.2 28.5
11.4 27.5
10.6 26.5
9.6 25.6
8.8 24.8
8.6 23.5
8.8 22.3
9.4 21.1
10.0 20.0
10.5 18.9
10.7 17.6
10.8 16.4
10.8 15.1
11.1 14.0
12.0 13.2
13.1 12.7
14.3 12.2
15.4 11.6
16.5 10.9
17.5 10.2
18.3 9.5
