19.5 20.0
19.2 21.1
18.7 22.1
18.0 23.0
17.7 24.2
17.8 25.4
18.0 26.7
17.7 27.9
17.2 29.0
16.3 29.8
15.2 30.5
14.0 31.0
12.7 31.3
11.5 31.4
10.5 31.2
9.5 30.5
8.6 29.6
7.9 28.8
7.7 27.7
7.9 26.5
7.6 25.4
7.7 24.3
8.3 23.2
8.8 22.2
9.0 20.9
9.0 19.7
9.1 18.4
9.5 17.2
9.9 16.0
10.6 14.9
11.5 14.0
12.6 13.4
13.8 12.9
14.8 12.0
15.4 11.0
16.6 10.9
17.9 10.8
18.9 10.5
19.8 9.8
20.5 8.8
21.4 8.1
22.5 8.0
23.6 8.3
24.9 7.7
26.0 7.7
26.9 8.4
28.0 8.8
29.2 8.8
30.3 8.5
31.5 7.9
32.6 7.3
33.7 6.6
34.8 5.9
35.9 5.3
37.1 4.6
38.1 3.9
39.1 3.0
39.8 2.2
40.8 1.9
42.0 1.9
43.1 2.2
43.7 3.1
43.8 4.3
43.3 5.2
42.4 6.0
41.3 6.6
40.3 7.1
40.3 8.2
