16.0 17.5
16.1 18.1
15.5 18.7
14.8 18.8
14.0 18.7
13.1 18.6
12.3 18.4
11.8 18.3
11.0 18.0
10.4 17.9
10.0 18.5
9.9 19.2
10.0 20.0
10.2 20.9
10.5 21.7
11.0 22.4
11.3 22.8
11.8 23.0
12.5 23.0
13.3 22.8
14.0 22.5
14.7 22.3
15.4 22.4
16.1 22.6
16.8 23.1
17.5 23.6
18.1 24.0
18.7 24.1
19.4 24.1
20.1 23.8
20.9 23.6
21.8 23.5
22.6 23.5
23.4 23.7
24.3 23.9
25.1 24.2
25.9 24.5
26.6 24.8
27.4 25.1
28.2 25.4
28.8 25.8
29.3 26.4
29.7 27.2
29.8 27.8
30.3 27.5
31.0 27.0
31.7 27.0
32.3 27.0
33.0 26.7
33.4 26.3
33.7 25.8
33.7 25.1
33.4 24.4
33.2 23.8
33.5 23.3
34.1 22.9
34.8 22.7
35.7 22.6
36.5 22.7
37.3 22.8
37.9 22.9
38.2 22.4
38.6 21.6
38.8 20.9
38.8 20.2
38.5 19.5
38.2 18.8
37.9 18.4
37.4 17.8
36.8 17.3
36.3 17.1
36.1 17.6
35.5 17.6
35.0 17.4
34.0 17.5
