45.0 46.0
45.7 47.1
46.9 46.7
47.5 45.7
47.8 44.5
48.0 43.2
48.2 42.0
48.3 40.7
48.3 39.4
48.2 38.2
48.4 36.9
48.5 35.9
47.9 34.8
46.9 34.1
45.7 33.7
44.6 33.1
43.6 32.3
42.7 31.3
42.0 30.2
41.3 29.1
40.6 28.0
40.1 26.9
39.2 26.0
38.0 25.7
37.0 25.4
36.3 24.6
35.8 23.5
35.1 22.4
34.3 21.5
33.4 20.6
32.9 19.6
32.9 18.4
33.2 17.3
33.8 16.1
34.5 15.1
34.3 13.8
33.5 12.9
32.5 12.3
31.4 12.0
30.2 12.0
28.9 12.3
27.6 12.6
26.4 12.9
25.2 12.8
24.1 12.4
22.9 11.9
21.7 11.3
20.6 10.8
19.5 10.3
18.3 10.1
17.0 10.2
15.8 10.5
14.6 10.9
13.5 10.8
12.7 9.8
12.5 8.6
12.1 7.5
11.4 6.4
10.5 5.5
9.7 4.5
8.9 3.5
8.1 2.7
6.9 2.3
5.8 2.5
4.9 3.1
