45.0 46.0
44.2 46.8
43.4 47.5
42.3 48.0
41.1 48.1
39.8 47.9
38.6 47.6
38.0 46.7
37.5 45.5
37.1 44.3
37.4 43.3
38.6 42.5
37.9 41.7
36.9 41.0
35.8 40.3
34.5 40.0
33.4 40.4
32.3 40.7
31.1 40.7
29.8 40.4
28.7 39.9
27.6 39.2
26.6 38.4
25.6 37.6
24.7 36.7
23.6 36.0
22.4 35.4
21.2 34.8
20.0 34.2
18.9 33.6
17.9 32.6
17.2 31.6
16.3 30.7
15.2 30.1
14.6 29.3
14.2 28.1
14.2 26.9
14.2 25.8
13.6 24.7
12.6 24.2
11.7 23.5
12.1 22.5
12.2 21.5
11.8 20.4
10.8 19.5
9.7 19.1
8.4 19.0
7.1 19.1
6.0 19.0
5.0 18.6
4.0 17.8
3.5 16.9
3.8 15.9
4.3 14.8
4.5 13.5
4.5 12.4
3.4 11.5
2.5 11.0
2.0 9.9
2.2 8.7
2.7 7.5
3.2 6.4
3.8 5.2
