45.0 46.0
44.7 47.1
45.8 47.1
46.8 46.4
47.5 45.4
48.1 44.3
48.3 43.1
48.2 41.8
48.0 40.5
47.5 39.5
46.7 38.5
45.8 37.6
45.0 36.6
44.4 35.5
43.8 34.4
43.7 33.3
44.0 32.1
43.8 30.8
42.9 30.0
41.8 29.8
40.5 29.7
39.2 29.8
37.9 30.1
36.7 30.6
35.6 30.8
34.3 30.7
33.3 30.6
32.6 31.5
32.8 32.6
33.2 33.8
33.3 35.0
32.7 36.1
31.7 36.8
30.7 37.6
29.7 38.5
28.8 39.4
27.8 40.0
26.8 40.1
25.5 39.7
24.4 39.1
23.3 38.4
22.5 37.8
21.5 37.0
20.4 36.5
19.2 36.3
17.9 36.3
16.9 35.7
16.3 34.7
15.9 33.6
16.0 32.4
15.9 31.4
15.2 30.5
14.2 29.8
13.2 29.1
13.0 28.1
12.7 26.9
12.2 25.8
11.3 24.8
10.4 24.0
9.3 23.2
8.2 22.5
7.4 21.7
6.9 20.7
6.6 19.5
6.5 18.2
6.0 17.1
5.2 16.1
4.5 15.0
3.9 13.9
3.4 12.6
2.7 11.5
2.1 10.4
2.1 9.3
2.6 8.3
3.4 7.4
3.8 6.3
3.8 5.2
