15.0 25.0
13.9 25.7
13.4 26.6
13.4 27.8
13.6 29.0
13.8 30.2
13.9 31.5
13.8 32.8
13.9 33.9
14.8 34.6
16.0 34.8
17.2 34.8
18.4 34.4
19.6 34.1
20.9 34.0
22.1 34.2
23.4 34.4
24.7 34.7
25.8 34.8
27.0 34.4
28.1 33.8
29.3 33.2
30.5 32.7
31.7 32.2
32.9 31.7
34.0 31.3
34.5 30.3
34.4 29.1
34.5 27.7
35.1 26.8
35.5 25.6
35.5 24.3
35.4 23.0
35.1 21.7
34.6 20.8
34.0 19.7
33.5 18.5
33.0 17.3
32.1 16.5
30.9 16.3
29.7 16.4
28.5 16.9
27.5 17.0
26.3 16.9
25.2 17.0
24.0 17.5
23.1 18.5
22.8 19.7
22.7 21.0
23.0 22.2
23.5 23.3
24.2 24.4
