25.0 25.0
24.8 26.2
24.7 27.2
25.8 27.7
27.0 27.6
28.2 27.3
29.5 26.9
30.7 26.6
32.0 26.6
33.3 26.7
34.5 27.1
35.7 27.6
37.0 28.0
38.2 28.3
39.5 28.6
40.8 28.8
42.1 29.0
43.3 29.1
44.3 29.3
45.1 30.3
45.4 31.4
45.1 32.4
44.9 33.5
45.1 34.8
45.3 36.1
45.5 37.3
45.4 38.5
44.8 39.6
44.0 40.4
42.9 40.6
41.7 40.5
40.4 40.2
39.2 39.7
38.0 39.2
36.9 38.7
35.8 38.9
34.9 39.6
34.2 40.6
33.2 41.3
32.3 40.8
31.6 39.9
30.9 39.1
29.9 38.8
28.7 38.9
27.5 39.3
26.5 40.0
25.5 40.8
24.6 41.8
24.0 42.6
23.8 43.6
24.0 44.9
