15.0 46.0
14.2 46.6
13.3 47.3
12.2 47.6
10.8 47.8
9.5 48.0
8.2 48.2
7.2 48.1
6.2 47.4
5.4 46.5
4.8 45.5
4.4 44.3
4.1 43.0
3.3 41.9
2.3 41.2
1.7 40.3
1.6 39.2
1.9 38.0
2.4 36.9
3.2 35.9
4.2 35.1
5.0 34.1
5.7 33.1
5.9 32.0
5.8 30.7
5.4 29.5
5.6 28.4
6.5 27.9
7.7 27.8
8.9 28.0
9.5 27.1
9.5 25.9
9.2 24.7
8.8 23.6
9.5 22.5
10.7 22.1
11.9 21.9
13.1 21.8
13.9 20.8
15.1 20.1
16.3 20.0
17.3 19.6
18.3 18.8
19.1 17.9
19.8 16.8
20.5 15.8
21.5 15.1
22.7 14.7
23.9 14.7
24.9 14.5
25.8 13.7
26.5 12.7
26.9 11.7
26.9 10.6
26.5 9.4
26.0 8.2
25.5 7.0
25.0 5.7
