15.0 46.0
14.7 45.0
14.0 44.1
13.0 43.3
11.9 42.6
10.8 42.0
10.0 41.3
9.7 40.3
9.6 39.1
9.9 37.9
10.2 36.6
10.6 35.5
11.5 35.0
12.7 35.0
13.9 35.1
15.0 34.9
16.1 34.3
17.0 33.5
17.9 32.5
19.0 32.3
20.0 32.8
20.9 33.7
21.8 34.7
22.6 35.7
23.5 36.3
24.6 36.6
25.8 36.7
27.1 36.5
28.1 36.2
28.7 35.4
29.1 34.2
29.8 33.3
30.8 32.5
31.9 31.8
33.0 31.1
34.1 30.3
34.8 29.4
35.2 28.2
35.3 27.1
34.6 25.9
33.7 25.2
33.4 23.9
33.3 22.9
32.4 21.8
31.2 21.5
30.1 21.9
29.1 21.1
28.8 19.9
28.7 18.6
28.8 17.3
28.6 16.2
28.0 15.2
27.1 14.5
26.0 13.9
25.2 13.1
25.7 11.9
26.6 11.1
27.6 10.6
27.7 9.6
27.2 8.6
26.6 7.6
26.1 6.4
25.8 5.1
