15.0 46.0
15.1 44.9
14.6 44.0
13.5 43.4
12.3 42.8
11.2 42.3
10.9 41.2
11.5 40.2
12.5 39.5
13.5 39.0
13.7 37.7
13.6 36.6
14.8 36.8
15.8 37.5
16.6 38.4
17.2 39.3
18.2 39.8
19.4 40.2
20.5 40.9
21.5 41.6
22.5 41.5
23.4 40.7
24.2 39.7
24.8 38.6
25.6 37.9
26.7 37.4
27.6 36.7
28.3 35.8
28.9 34.7
29.4 33.7
30.2 33.1
31.3 32.5
32.3 31.7
33.3 30.8
34.2 29.8
35.0 28.9
35.8 27.8
36.6 26.8
37.5 25.9
38.6 25.2
39.4 24.3
39.5 23.2
39.2 22.1
39.1 20.9
39.9 20.2
41.0 20.2
42.1 20.5
43.2 21.0
44.1 20.4
44.5 19.3
44.6 18.1
44.6 16.8
44.6 15.5
44.7 14.3
45.5 13.6
46.6 13.2
47.7 12.8
48.1 11.8
48.2 10.6
48.1 9.3
47.8 8.0
47.3 6.9
46.6 5.9
45.7 5.0
45.1 4.0
44.5 3.1
43.5 2.8
42.4 2.9
41.3 2.7
40.3 2.0
39.2 2.1
38.7 3.0
38.4 4.2
38.5 5.4
38.7 6.7
38.8 8.1
38.5 9.1
37.6 9.7
36.5 10.0
35.2 10.0
34.0 10.2
33.2 11.0
32.6 11.9
31.5 11.9
30.6 11.2
29.5 10.5
28.4 9.9
27.2 9.4
26.3 8.8
25.8 7.8
25.4 6.7
24.7 5.7
23.8 4.9
23.8 3.7
