46.0 17.5
45.1 17.0
44.6 18.0
43.7 18.6
42.5 19.0
41.2 19.2
40.3 19.9
39.8 21.0
39.5 22.1
38.6 22.6
37.5 22.4
36.5 22.1
35.5 22.4
34.6 23.0
33.3 22.8
32.1 22.7
30.8 22.8
29.6 22.9
28.5 22.6
27.4 22.4
26.4 22.8
25.4 23.4
24.3 23.6
23.1 23.4
21.8 23.0
20.6 22.7
19.4 22.4
18.1 22.1
16.8 22.1
15.5 22.3
14.3 22.7
13.2 23.1
12.0 22.9
10.9 22.5
10.4 21.5
10.6 20.4
10.4 19.1
9.9 18.0
9.6 16.7
9.4 15.5
9.2 14.3
9.8 13.2
10.3 12.0
10.1 10.8
9.6 9.6
9.1 8.5
8.8 7.3
8.6 6.0
8.5 4.9
7.8 4.0
6.8 3.3
5.6 2.7
4.4 2.3
