18.0 41.0
19.0 40.6
19.5 39.7
20.2 38.8
21.3 38.2
22.5 37.9
23.7 37.6
24.9 37.1
26.0 36.5
27.0 35.8
28.2 35.6
29.5 35.7
30.8 35.6
31.8 34.9
32.7 34.0
33.4 32.9
34.2 32.1
35.2 31.6
36.3 31.3
36.5 30.3
36.2 29.1
36.3 27.8
36.8 26.7
36.2 25.7
35.0 25.2
33.9 24.5
32.9 23.7
32.2 22.7
32.0 21.6
33.3 21.0
34.4 20.4
35.5 19.8
36.7 19.4
38.0 19.0
39.1 18.5
40.1 18.4
41.1 19.3
41.4 20.3
41.3 21.5
40.9 22.6
41.0 23.8
41.5 24.9
41.6 26.0
41.1 27.1
40.8 28.3
40.8 29.6
40.3 30.6
39.7 31.6
40.0 32.7
40.7 33.7
41.6 34.6
42.7 35.3
43.8 36.1
44.6 36.7
44.8 37.9
44.4 39.0
43.8 40.1
43.0 41.1
