33.5 46.0
32.4 46.5
32.5 45.3
32.8 44.1
33.1 43.1
32.2 42.2
31.2 41.4
30.2 40.6
29.3 39.6
28.5 38.5
27.7 37.5
27.5 36.5
27.6 35.3
27.7 34.1
27.6 32.8
27.4 31.6
26.8 30.7
25.8 29.9
25.1 29.0
24.5 27.9
24.1 26.7
23.8 25.5
23.7 24.2
24.0 23.0
24.5 21.8
25.0 20.7
25.5 19.5
26.0 18.3
26.4 17.1
26.5 15.9
26.5 14.6
26.4 13.3
26.4 12.2
26.9 11.1
27.6 10.0
28.1 9.1
28.0 8.0
27.7 6.8
28.3 5.9
29.4 5.4
30.6 5.3
31.9 5.4
33.1 5.7
34.4 5.9
35.7 6.0
36.7 5.8
37.5 5.1
38.1 4.1
38.5 3.1
38.6 4.1
38.8 5.2
38.7 6.4
38.5 7.7
38.3 8.9
38.4 10.1
39.2 11.2
40.3 11.8
41.0 12.6
40.9 14.0
40.3 15.1
39.3 15.6
38.1 16.0
37.5 16.9
37.0 17.9
35.9 17.9
35.1 17.2
