25.0 37.0
24.3 38.1
23.1 38.0
21.9 38.2
20.7 38.7
19.5 39.0
18.5 38.8
17.8 37.9
17.0 37.0
15.9 36.9
14.9 37.1
14.5 35.9
14.6 34.7
15.0 33.7
15.7 32.7
16.0 31.6
15.9 30.4
15.5 29.1
14.9 27.9
14.3 26.8
14.3 25.6
15.0 24.7
15.4 23.7
15.1 22.7
14.3 21.7
14.1 20.7
14.6 19.7
15.4 18.7
16.3 17.7
16.7 16.6
17.0 15.4
17.0 14.1
17.0 12.8
16.9 11.5
16.8 10.2
17.9 9.4
19.1 9.4
20.3 9.6
21.6 10.0
22.8 10.5
23.8 11.2
24.7 12.1
25.4 13.2
25.9 14.2
26.9 14.5
27.9 14.1
29.0 13.4
30.1 12.8
31.3 12.3
32.6 11.8
33.7 11.3
34.7 10.6
35.7 9.8
36.8 9.1
38.0 8.6
39.1 8.1
38.5 7.2
37.4 6.7
36.2 6.4
35.1 5.9
34.1 5.2
33.2 4.2
34.0 3.3
