45.0 15.0
45.3 16.2
45.0 17.3
44.4 18.4
43.8 19.6
43.4 20.8
43.4 22.0
43.7 23.2
44.2 24.4
44.8 25.6
44.7 26.7
44.0 27.6
43.2 28.4
43.0 29.7
43.5 30.8
44.2 31.8
44.4 32.9
43.9 34.0
43.2 35.1
42.6 36.1
42.4 37.2
42.3 38.2
41.4 38.9
40.2 39.4
39.4 40.1
38.9 41.2
38.5 42.4
37.8 43.4
36.8 44.3
35.8 44.6
34.6 44.0
34.0 43.0
33.1 42.3
31.9 42.7
30.8 43.3
29.9 44.0
28.7 43.8
27.6 43.3
26.3 43.0
25.0 42.9
23.7 42.9
22.5 42.7
22.1 41.7
22.2 40.5
22.7 39.3
22.4 38.3
21.6 37.5
20.5 37.1
19.3 36.6
18.1 36.3
16.9 35.9
15.9 35.4
15.2 34.5
14.6 33.4
14.3 32.3
15.3 31.2
16.0 30.2
16.1 28.9
15.8 27.7
15.5 26.6
15.4 25.4
15.3 24.1
15.1 22.9
14.6 21.9
13.8 21.0
13.0 20.2
12.7 19.2
12.7 18.0
12.9 16.7
13.1 15.5
13.7 14.6
14.7 14.0
15.9 13.5
17.0 12.9
17.8 12.2
18.3 11.1
18.8 10.1
20.0 10.2
21.1 10.8
21.9 11.6
22.7 12.7
23.4 13.8
24.1 15.0
