45.0 4.0
46.1 4.1
45.1 3.6
44.1 3.1
42.9 2.9
41.6 2.8
40.6 3.1
39.8 3.9
39.3 4.9
39.3 6.0
39.7 7.2
40.0 8.2
39.0 8.4
37.7 8.7
36.6 9.3
35.4 9.7
34.2 9.8
32.9 9.6
31.6 9.3
30.4 9.0
29.3 9.4
28.4 10.2
27.8 11.3
27.0 12.1
25.9 12.1
24.9 11.7
23.9 10.9
23.1 10.0
22.5 9.1
21.4 8.9
20.3 9.3
19.4 10.0
18.5 10.9
17.5 11.7
16.8 12.7
16.8 13.8
17.1 14.9
17.2 16.0
16.8 17.1
16.2 18.1
16.0 19.2
16.1 20.3
15.4 21.4
14.6 22.4
13.7 23.3
12.8 24.3
11.8 25.2
11.0 26.2
10.3 27.3
9.5 28.3
8.6 29.2
7.6 30.0
6.7 30.8
6.1 31.9
5.6 33.1
5.1 34.3
4.7 35.5
