45.0 4.0
44.0 3.6
42.8 3.3
41.5 3.2
40.3 3.1
40.7 4.2
40.9 5.4
40.9 6.7
40.7 7.8
40.0 8.8
39.1 9.7
38.1 10.4
37.0 11.1
36.0 10.8
35.2 9.9
34.1 9.5
32.9 9.6
31.6 9.7
30.3 9.6
29.0 9.3
28.0 9.2
27.3 10.0
27.3 11.2
26.7 12.2
25.6 12.5
24.4 12.4
23.2 12.5
22.4 13.2
21.7 14.0
20.8 14.6
20.5 15.9
20.2 16.9
19.4 17.7
18.3 18.4
17.1 18.8
16.0 19.0
15.3 19.8
14.5 20.8
13.7 21.9
12.9 22.9
12.0 23.8
11.1 24.7
10.5 25.5
10.6 26.5
11.2 27.3
12.1 28.0
11.7 29.2
10.8 30.0
9.7 30.6
8.5 31.0
7.2 31.3
6.5 32.2
6.7 33.3
6.5 34.4
5.5 34.7
4.2 34.7
3.6 35.7
