45.0 4.0
45.9 3.4
46.3 2.4
45.4 1.9
44.3 2.1
43.1 2.6
41.9 3.1
40.7 3.5
39.7 4.3
39.0 5.2
38.5 6.3
38.3 7.5
38.0 8.8
37.7 10.1
37.4 11.3
36.8 12.4
36.0 13.3
35.0 14.1
33.9 14.8
32.7 15.3
31.5 15.5
30.3 15.4
29.0 15.0
27.8 14.6
26.6 14.4
25.3 14.4
24.1 14.6
23.0 15.0
22.0 15.7
21.1 16.6
20.2 17.4
19.1 17.9
17.9 18.3
16.7 18.9
15.6 19.6
14.6 20.4
13.6 21.2
12.5 21.9
11.7 22.6
11.3 23.8
11.9 24.9
12.7 25.8
13.2 27.0
13.8 27.9
14.7 28.8
15.4 29.8
16.0 30.9
16.5 32.1
16.6 33.2
16.3 34.4
15.7 35.6
15.0 36.7
14.2 37.8
13.5 38.8
12.8 39.9
12.1 41.0
11.2 41.8
10.4 42.5
10.3 43.7
10.7 44.8
11.2 45.8
10.5 46.8
9.4 47.5
8.2 47.9
6.9 48.2
5.9 48.1
5.0 47.4
4.3 46.5
3.8 45.3
3.4 44.1
3.3 42.9
2.9 41.7
2.4 40.6
2.1 39.4
2.1 38.2
2.3 36.9
2.6 35.7
3.6 35.6
