45.0 4.0
44.9 5.3
45.4 6.4
46.4 7.4
47.4 8.2
48.2 8.9
48.6 10.0
48.7 11.2
48.4 12.3
47.7 13.2
46.7 14.0
45.7 14.8
44.7 15.6
43.9 16.5
43.4 17.6
42.8 18.6
41.9 19.5
40.8 20.2
39.8 20.9
38.7 21.4
37.5 21.3
36.2 20.9
35.1 20.8
34.0 21.1
33.1 21.9
32.3 22.9
31.4 23.5
30.0 23.4
28.9 23.2
27.7 23.9
26.9 24.6
25.9 25.0
24.6 25.0
23.3 24.8
22.1 24.4
20.9 23.9
19.9 23.3
19.2 24.2
18.9 25.3
18.2 26.3
17.3 27.2
16.5 28.1
15.5 28.9
14.3 29.5
13.2 30.1
11.9 30.4
10.6 30.5
9.3 30.4
8.2 30.7
7.1 31.3
6.2 32.2
5.3 33.2
4.5 34.2
3.9 35.3
