25.0 5.0
26.1 4.8
27.0 4.3
28.0 3.5
29.1 2.7
30.2 2.1
31.3 1.7
32.2 2.4
32.6 3.4
32.7 4.6
33.3 5.5
34.2 6.3
35.4 6.8
36.7 7.2
37.8 7.6
38.9 8.2
39.9 8.7
41.1 8.8
42.2 8.4
43.3 7.7
44.4 7.4
45.1 8.2
45.4 9.3
45.4 10.5
44.9 11.6
44.7 12.9
45.1 14.0
45.2 15.2
45.1 16.5
45.2 17.8
45.4 19.1
45.8 20.4
45.9 21.6
45.6 22.9
45.2 24.1
44.8 25.4
44.6 26.6
44.5 27.9
44.4 29.2
44.5 30.2
45.1 31.2
46.0 32.2
46.8 33.0
46.3 34.1
45.4 34.8
45.9 35.9
46.7 36.7
47.0 37.9
46.5 38.9
45.7 39.9
44.8 40.7
44.4 41.7
44.3 42.9
44.4 43.9
