17.5 35.0
18.5 35.3
19.0 36.2
19.0 37.4
18.8 38.6
18.5 39.7
19.6 40.0
20.8 39.7
21.9 39.1
23.0 38.4
24.1 37.8
25.1 37.5
26.2 37.7
27.3 38.3
28.3 39.0
29.3 39.3
30.5 39.1
31.6 38.6
32.8 38.1
33.9 37.8
35.1 37.9
36.3 38.3
37.5 38.8
38.7 39.2
40.0 39.5
41.0 39.4
42.1 38.9
43.1 38.1
43.8 37.2
44.2 36.0
44.5 34.8
44.9 33.6
45.3 32.4
45.6 31.1
45.5 30.1
44.9 29.2
44.0 28.3
43.2 27.3
42.4 26.3
41.7 25.5
40.6 25.4
39.6 26.0
38.9 26.9
38.0 27.7
36.9 27.1
35.8 26.5
34.6 26.2
33.4 26.2
32.2 26.5
31.0 27.0
29.8 27.3
28.6 27.5
27.3 27.1
26.3 26.2
25.5 25.2
24.7 24.2
24.1 23.3
22.9 23.9
22.4 24.9
22.1 26.1
21.2 26.7
20.1 26.1
19.2 25.2
18.6 24.3
