4.0 37.0
2.9 37.7
2.0 38.3
2.0 39.4
1.9 40.7
1.5 41.9
2.0 43.0
2.9 43.7
4.1 44.0
5.2 44.8
5.7 45.9
6.3 47.1
7.0 48.0
8.2 48.0
9.3 47.6
10.3 46.9
11.1 45.9
11.7 44.7
12.2 43.5
12.3 42.2
12.3 40.9
12.8 39.8
13.8 39.5
14.8 40.1
15.8 40.6
17.0 40.7
18.3 40.5
19.5 40.1
20.8 39.7
22.0 39.2
23.2 38.8
24.5 38.5
23.7 37.8
22.6 37.7
23.2 36.6
24.1 35.8
25.3 35.3
26.5 34.9
27.6 34.5
28.3 33.7
28.3 32.3
27.8 31.1
27.1 30.1
26.2 29.2
25.5 28.2
25.6 27.1
26.1 25.9
26.6 24.8
26.9 23.5
27.1 22.4
27.7 21.3
28.4 20.4
28.5 19.3
28.1 18.2
28.9 17.4
30.0 17.4
31.1 17.5
32.1 17.1
33.1 16.2
34.0 15.2
34.6 14.1
