4.0 4.0
4.1 5.0
4.4 6.0
3.7 6.9
3.0 7.9
2.4 9.1
1.9 10.3
1.7 11.4
2.6 12.5
3.6 13.0
4.8 13.3
5.8 14.2
6.3 15.4
6.5 16.6
6.6 17.9
6.7 19.1
7.5 20.2
8.6 20.9
9.8 21.4
11.1 21.8
12.1 22.2
13.0 23.1
13.7 24.1
14.0 25.4
13.7 26.5
12.7 27.4
11.5 27.9
10.3 28.2
9.1 28.4
8.1 28.7
7.4 29.5
6.9 30.6
6.6 31.8
6.3 33.0
6.3 34.2
6.3 35.4
5.7 36.3
4.6 36.7
3.4 37.3
2.8 38.3
2.5 39.5
2.3 40.8
2.4 41.8
3.3 42.5
4.5 42.9
5.7 43.1
6.4 44.0
6.4 45.2
6.2 46.4
6.7 47.3
7.7 47.4
8.8 47.2
9.6 46.3
9.8 45.1
10.2 44.1
11.0 43.3
11.7 42.3
11.7 41.2
13.0 41.0
14.3 41.0
15.5 40.7
16.7 40.2
17.7 39.8
18.9 40.1
19.9 40.8
21.0 40.5
21.7 39.3
22.1 38.3
22.7 37.2
22.8 36.0
23.0 35.0
24.2 35.4
