15.0 45.0
15.4 46.0
16.4 46.8
17.5 47.1
18.8 47.1
20.1 47.0
21.4 46.8
22.7 46.5
23.9 46.3
24.9 45.9
25.6 44.9
25.8 43.7
25.3 42.7
24.4 41.7
24.3 40.6
24.5 39.5
25.1 38.4
25.9 37.4
26.7 36.4
27.4 35.3
28.0 34.1
28.5 33.2
29.7 32.6
30.9 32.7
32.0 32.7
33.1 31.7
33.6 30.6
33.9 29.4
34.2 28.1
34.8 27.1
35.6 26.1
36.6 25.3
37.7 24.5
38.6 23.7
39.7 22.8
40.7 22.0
41.6 21.2
42.3 20.1
42.8 18.9
43.2 17.6
43.8 16.5
44.6 15.4
44.9 14.4
44.7 13.3
44.4 12.1
44.2 10.8
44.3 9.8
44.9 8.7
45.8 7.9
46.9 7.2
47.8 6.6
47.3 5.4
46.3 4.9
