45.0 45.0
45.3 46.3
45.0 47.3
43.9 47.6
42.7 47.3
41.5 47.0
40.5 46.5
40.1 45.2
40.1 43.9
39.6 42.8
38.9 41.7
38.1 40.6
37.3 39.7
36.4 38.6
35.7 37.5
35.0 36.7
33.7 36.4
32.5 36.7
31.3 37.2
31.1 35.9
31.7 34.8
32.5 33.9
33.1 32.6
33.5 31.5
34.2 30.4
34.6 29.3
34.7 28.1
34.8 26.8
35.0 25.5
35.4 24.3
35.9 23.1
36.4 21.9
37.0 20.8
36.2 19.8
35.1 19.6
33.9 19.5
32.9 19.0
31.9 18.3
30.8 18.0
29.6 18.2
28.4 18.6
27.2 19.2
26.2 19.8
25.0 19.9
23.8 19.7
22.6 19.4
21.4 19.4
20.2 19.5
19.1 19.2
18.1 18.5
17.0 18.5
16.2 19.6
