37
4
34.26851 37.03003 37.2264 37.53092 37.72729 34.57303 34.7694 34.07214 

4
18.0063 20.19658 19.15893 17.42684 16.3892 16.2742 15.23656 19.04394 

4
5.40698 31.1209 6.65711 28.39378 3.92999 27.14365 2.67986 29.87077 

4
42.7429 0.79789 39.7584 1.10247 40.06298 4.08697 43.04748 3.78238 

4
48.47162 5.72828 45.74429 4.47863 44.49463 7.20597 47.22197 8.45562 

3
32.31948 19.76483 27.16801 22.49655 32.00257 25.75645 

3
10.3733 6.43412 4.87389 8.37227 9.17197 12.31263 

3
42.97637 10.72087 39.59795 6.1122 37.12131 11.26194 

3
39.42935 18.92904 34.59679 21.53001 39.16592 24.57004 

3
21.31786 37.76825 26.38551 39.56961 25.59017 34.25046 

8
11.61491 24.4175 11.42357 26.87831 13.02834 28.75367 15.48915 28.94501 17.36451 27.34024 17.55585 24.87943 15.95108 23.00407 13.49027 22.81273 

8
36.2231 13.17468 34.38853 13.76064 33.50563 15.47221 34.09158 17.30678 35.80315 18.18968 37.63772 17.60372 38.52062 15.89215 37.93467 14.05759 

4
7.62456 3.5151 10.67426 3.96306 11.12222 0.91336 8.07252 0.4654 

8
21.42144 8.88742 20.68833 6.82882 18.71429 5.89156 16.65569 6.62468 15.71843 8.59872 16.45154 10.65732 18.42558 11.59458 20.48418 10.86146 

4
30.47023 46.10766 29.94241 49.39945 33.2342 49.92727 33.76202 46.63547 

102
40.5934 41.83958 38.16871 44.76548 38.15694 44.78119 38.14677 44.79798 38.1383 44.81568 38.1316 44.83413 38.12674 44.85314 38.12376 44.87254 38.12271 44.89214 38.12358 44.91175 38.12636 44.93118 38.13104 44.95024 38.13757 44.96875 38.14587 44.98653 38.15588 45.00342 38.1675 45.01924 38.18061 45.03384 38.19509 45.04709 41.27498 47.5994 41.29069 47.61116 41.30748 47.62133 41.32518 47.62981 41.34363 47.63651 41.36264 47.64137 41.38204 47.64434 41.40164 47.6454 41.42125 47.64453 41.44068 47.64174 41.45974 47.63707 41.47825 47.63054 41.49603 47.62223 41.51292 47.61222 41.52874 47.60061 41.54334 47.5875 41.55659 47.57302 41.56836 47.55731 41.57853 47.54052 41.58701 47.52282 41.59371 47.50437 41.59857 47.48536 41.60154 47.46596 41.6026 47.44636 41.60173 47.42675 41.59894 47.40732 41.59426 47.38826 41.58774 47.36975 41.57943 47.35197 41.56942 47.33508 41.5578 47.31926 41.54469 47.30466 41.53021 47.29141 38.60432 44.86672 41.02901 41.94082 41.04077 41.92511 41.05094 41.90832 41.05942 41.89062 41.06612 41.87217 41.07098 41.85316 41.07395 41.83376 41.07501 41.81416 41.07414 41.79455 41.07135 41.77512 41.06668 41.75606 41.06015 41.73755 41.05184 41.71977 41.04183 41.70289 41.03022 41.68707 41.01711 41.67246 41.00263 41.65921 37.92274 39.1069 37.90703 39.09514 37.89024 39.08497 37.87254 39.07649 37.85409 39.06979 37.83507 39.06493 37.81567 39.06196 37.79607 39.0609 37.77647 39.06177 37.75704 39.06456 37.73798 39.06924 37.71947 39.07576 37.70168 39.08407 37.6848 39.09408 37.66898 39.10569 37.65438 39.1188 37.64113 39.13328 37.62936 39.14899 37.61919 39.16578 37.61071 39.18348 37.60401 39.20193 37.59915 39.22094 37.59618 39.24035 37.59512 39.25994 37.59599 39.27955 37.59878 39.29898 37.60346 39.31804 37.60998 39.33655 37.61829 39.35433 37.6283 39.37122 37.63991 39.38704 37.65303 39.40164 37.6675 39.41489 

102
2.2089 43.36277 5.3309 41.34002 5.34683 41.32855 5.36156 41.31558 5.37494 41.30123 5.38686 41.28563 5.39718 41.26894 5.40583 41.25132 5.4127 41.23293 5.41774 41.21396 5.42089 41.19459 5.42213 41.175 5.42145 41.15539 5.41884 41.13593 5.41434 41.11683 5.40799 41.09826 5.39985 41.0804 5.39 41.06342 3.25851 37.77357 3.24704 37.75764 3.23407 37.74291 3.21971 37.72953 3.20411 37.71761 3.18742 37.70729 3.1698 37.69864 3.15142 37.69177 3.13245 37.68673 3.11308 37.68358 3.09349 37.68234 3.07387 37.68302 3.05442 37.68563 3.03531 37.69013 3.01674 37.69648 2.99888 37.70462 2.98191 37.71447 2.96598 37.72594 2.95125 37.73891 2.93787 37.75327 2.92595 37.76886 2.91562 37.78555 2.90698 37.80318 2.90011 37.82156 2.89507 37.84053 2.89192 37.8599 2.89068 37.87949 2.89136 37.8991 2.89397 37.91856 2.89847 37.93766 2.90482 37.95623 2.91296 37.97409 2.92281 37.99107 4.94555 41.11307 1.82355 43.13582 1.80762 43.14728 1.79289 43.16026 1.77951 43.17461 1.76759 43.19021 1.75727 43.2069 1.74862 43.22452 1.74175 43.24291 1.73671 43.26188 1.73356 43.28125 1.73232 43.30084 1.733 43.32045 1.73561 43.3399 1.74011 43.35901 1.74646 43.37758 1.7546 43.39544 1.76445 43.41242 3.89594 46.70227 3.90741 46.7182 3.92038 46.73293 3.93474 46.74631 3.95034 46.75822 3.96703 46.76855 3.98465 46.77719 4.00303 46.78407 4.022 46.7891 4.04137 46.79226 4.06096 46.7935 4.08058 46.79281 4.10003 46.79021 4.11913 46.78571 4.13771 46.77936 4.15557 46.77122 4.17254 46.76137 4.18847 46.7499 4.2032 46.73693 4.21658 46.72257 4.2285 46.70698 4.23882 46.69029 4.24747 46.67266 4.25434 46.65428 4.25938 46.63531 4.26253 46.61594 4.26377 46.59635 4.26309 46.57673 4.26048 46.55728 4.25598 46.53818 4.24963 46.51961 4.24149 46.50175 4.23164 46.48477 

102
18.85867 34.47422 17.49802 31.34124 17.48933 31.32365 17.47895 31.30699 17.467 31.29142 17.45357 31.27711 17.4388 31.26417 17.42284 31.25275 17.40584 31.24295 17.38796 31.23486 17.36937 31.22857 17.35025 31.22412 17.33079 31.22157 17.31117 31.22094 17.29159 31.22224 17.27222 31.22545 17.25327 31.23054 17.2349 31.23747 13.91848 32.67779 13.90089 32.68648 13.88423 32.69685 13.86866 32.70881 13.85435 32.72224 13.84141 32.737 13.82999 32.75296 13.82019 32.76997 13.8121 32.78785 13.80581 32.80644 13.80136 32.82556 13.79881 32.84502 13.79818 32.86464 13.79948 32.88422 13.80269 32.90358 13.80778 32.92254 13.81471 32.9409 13.8234 32.9585 13.83378 32.97516 13.84573 32.99072 13.85916 33.00504 13.87392 33.01797 13.88989 33.02939 13.90689 33.0392 13.92477 33.04728 13.94336 33.05358 13.96248 33.05802 13.98194 33.06057 14.00156 33.0612 14.02114 33.05991 14.0405 33.0567 14.05946 33.0516 14.07782 33.04468 17.2108 31.68403 18.57145 34.81701 18.58014 34.8346 18.59051 34.85126 18.60247 34.86683 18.6159 34.88114 18.63066 34.89407 18.64663 34.9055 18.66363 34.9153 18.68151 34.92339 18.7001 34.92968 18.71922 34.93413 18.73868 34.93668 18.7583 34.93731 18.77788 34.93601 18.79724 34.9328 18.8162 34.92771 18.83456 34.92078 22.15098 33.48046 22.16858 33.47177 22.18524 33.4614 22.20081 33.44944 22.21512 33.43601 22.22805 33.42125 22.23948 33.40528 22.24928 33.38828 22.25737 33.3704 22.26366 33.35181 22.26811 33.33269 22.27066 33.31323 22.27129 33.29361 22.26999 33.27403 22.26678 33.25467 22.26169 33.23571 22.25476 33.21735 22.24607 33.19975 22.23569 33.18309 22.22373 33.16753 22.21031 33.15321 22.19554 33.14028 22.17958 33.12886 22.16258 33.11905 22.14469 33.11097 22.12611 33.10467 22.10699 33.10022 22.08753 33.09768 22.06791 33.09705 22.04833 33.09834 22.02896 33.10155 22.01001 33.10665 21.99164 33.11357 

102
23.93037 18.00306 26.41687 20.23811 26.43209 20.2505 26.44846 20.26134 26.4658 20.27052 26.48397 20.27796 26.50277 20.28358 26.52204 20.28733 26.54158 20.28917 26.56121 20.28909 26.58073 20.28708 26.59996 20.28318 26.61872 20.2774 26.63682 20.26982 26.6541 20.26049 26.67037 20.24952 26.68549 20.23701 26.69931 20.22307 29.06806 17.58783 29.08045 17.57261 29.09129 17.55625 29.10047 17.5389 29.10791 17.52073 29.11353 17.50193 29.11727 17.48266 29.11912 17.46312 29.11904 17.4435 29.11703 17.42397 29.11312 17.40474 29.10735 17.38598 29.09976 17.36788 29.09044 17.35061 29.07947 17.33433 29.06696 17.31921 29.05302 17.30539 29.0378 17.293 29.02143 17.28216 29.00409 17.27298 28.98592 17.26555 28.96712 17.25993 28.94785 17.25618 28.92831 17.25433 28.90868 17.25441 28.88916 17.25642 28.86993 17.26033 28.85117 17.2661 28.83307 17.27369 28.81579 17.28301 28.79952 17.29398 28.7844 17.3065 28.77058 17.32043 26.53553 19.80693 24.04903 17.57188 24.03381 17.55949 24.01744 17.54865 24.0001 17.53947 23.98193 17.53204 23.96313 17.52642 23.94386 17.52267 23.92432 17.52082 23.90469 17.5209 23.88517 17.52291 23.86594 17.52682 23.84718 17.53259 23.82908 17.54018 23.8118 17.5495 23.79553 17.56047 23.78041 17.57299 23.76659 17.58692 21.39784 20.22216 21.38545 20.23738 21.37461 20.25375 21.36543 20.2711 21.358 20.28926 21.35238 20.30806 21.34863 20.32733 21.34678 20.34687 21.34686 20.3665 21.34887 20.38602 21.35278 20.40526 21.35855 20.42401 21.36614 20.44212 21.37546 20.45939 21.38643 20.47566 21.39894 20.49078 21.41288 20.5046 21.4281 20.51699 21.44447 20.52783 21.46181 20.53701 21.47998 20.54445 21.49878 20.55007 21.51805 20.55382 21.53759 20.55566 21.55722 20.55558 21.57674 20.55357 21.59597 20.54967 21.61473 20.54389 21.63283 20.53631 21.65011 20.52698 21.66638 20.51601 21.6815 20.5035 21.69532 20.48956 

102
37.20845 4.18111 34.18317 3.12885 34.16434 3.12332 34.14506 3.11967 34.12551 3.11792 34.10588 3.11809 34.08637 3.12019 34.06715 3.12419 34.04842 3.13005 34.03036 3.13772 34.01313 3.14713 33.99691 3.15818 33.98185 3.17076 33.96809 3.18476 33.95578 3.20005 33.94502 3.21646 33.93592 3.23385 33.92857 3.25205 32.81061 6.46623 32.80508 6.48506 32.80143 6.50434 32.79968 6.52389 32.79985 6.54352 32.80195 6.56303 32.80595 6.58225 32.81181 6.60098 32.81948 6.61904 32.82889 6.63627 32.83994 6.65249 32.85252 6.66755 32.86652 6.68131 32.8818 6.69362 32.89822 6.70438 32.91561 6.71348 32.93381 6.72083 32.95264 6.72636 32.97193 6.73002 32.99147 6.73177 33.0111 6.7316 33.03062 6.7295 33.04983 6.7255 33.06856 6.71963 33.08663 6.71196 33.10385 6.70256 33.12008 6.69151 33.13514 6.67892 33.14889 6.66492 33.16121 6.64964 33.17197 6.63322 33.18106 6.61583 33.18841 6.59763 34.24067 3.57236 37.26594 4.62461 37.28478 4.63014 37.30406 4.6338 37.32361 4.63555 37.34323 4.63538 37.36275 4.63328 37.38196 4.62928 37.40069 4.62341 37.41876 4.61574 37.43599 4.60634 37.45221 4.59529 37.46727 4.5827 37.48102 4.5687 37.49334 4.55342 37.5041 4.537 37.5132 4.51961 37.52055 4.50141 38.6385 1.28724 38.64403 1.2684 38.64769 1.24912 38.64944 1.22957 38.64927 1.20995 38.64717 1.19043 38.64317 1.17122 38.63731 1.15249 38.62964 1.13442 38.62023 1.11719 38.60918 1.10097 38.5966 1.08591 38.58259 1.07216 38.56731 1.05984 38.5509 1.04908 38.53351 1.03998 38.51531 1.03263 38.49648 1.0271 38.47719 1.02345 38.45764 1.0217 38.43802 1.02187 38.4185 1.02397 38.39929 1.02797 38.38056 1.03383 38.36249 1.0415 38.34526 1.05091 38.32904 1.06196 38.31398 1.07454 38.30023 1.08854 38.28791 1.10382 38.27715 1.12024 38.26805 1.13763 38.2607 1.15583 

136
24.56111 11.55993 23.84723 13.21231 22.19484 12.49843 22.17647 12.49154 22.1575 12.48648 22.13813 12.48331 22.11855 12.48205 22.09893 12.48272 22.07947 12.4853 22.06037 12.48979 22.04179 12.49612 22.02392 12.50424 22.00694 12.51407 21.991 12.52553 21.97626 12.53849 21.96286 12.55283 21.95093 12.56841 21.94058 12.58509 21.93193 12.60271 21.92504 12.62109 21.91998 12.64005 21.91681 12.65942 21.91555 12.67901 21.91621 12.69862 21.9188 12.71808 21.92328 12.73719 21.92961 12.75576 21.93774 12.77363 21.94757 12.79062 21.95902 12.80656 21.97198 12.8213 21.98632 12.8347 22.00191 12.84662 22.01859 12.85697 22.0362 12.86563 23.68859 13.57951 22.97471 15.23189 22.96782 15.25027 22.96276 15.26923 22.95959 15.2886 22.95833 15.30819 22.959 15.32781 22.96158 15.34726 22.96606 15.36637 22.97239 15.38495 22.98052 15.40282 22.99035 15.4198 23.0018 15.43574 23.01476 15.45048 23.02911 15.46388 23.04469 15.47581 23.06137 15.48615 23.07899 15.49481 23.09736 15.5017 23.11633 15.50676 23.1357 15.50993 23.15528 15.51119 23.1749 15.51052 23.19436 15.50794 23.21346 15.50346 23.23204 15.49712 23.24991 15.489 23.26689 15.47917 23.28283 15.46771 23.29757 15.45475 23.31097 15.44041 23.3229 15.42483 23.33325 15.40815 23.3419 15.39053 24.05579 13.73815 25.70817 14.45203 25.72655 14.45892 25.74551 14.46398 25.76488 14.46715 25.78447 14.46841 25.80408 14.46774 25.82354 14.46516 25.84265 14.46067 25.86123 14.45434 25.87909 14.44622 25.89608 14.43639 25.91202 14.42493 25.92676 14.41197 25.94016 14.39763 25.95209 14.38205 25.96243 14.36537 25.97109 14.34775 25.97798 14.32937 25.98303 14.31041 25.98621 14.29104 25.98747 14.27145 25.9868 14.25184 25.98421 14.23238 25.97973 14.21327 25.9734 14.1947 25.96528 14.17683 25.95544 14.15984 25.94399 14.1439 25.93103 14.12916 25.91669 14.11576 25.9011 14.10384 25.88442 14.09349 25.86681 14.08483 24.21443 13.37095 24.92831 11.71857 24.9352 11.70019 24.94025 11.68123 24.94343 11.66186 24.94469 11.64227 24.94402 11.62265 24.94143 11.6032 24.93695 11.58409 24.93062 11.56551 24.9225 11.54764 24.91266 11.53066 24.90121 11.51472 24.88825 11.49998 24.87391 11.48658 24.85832 11.47465 24.84164 11.46431 24.82403 11.45565 24.80565 11.44876 24.78669 11.4437 24.76732 11.44053 24.74773 11.43927 24.72811 11.43994 24.70866 11.44252 24.68955 11.447 24.67097 11.45334 24.6531 11.46146 24.63612 11.47129 24.62018 11.48275 24.60544 11.49571 24.59204 11.51005 24.58011 11.52563 24.56977 11.54231 

136
33.70015 27.23574 34.2978 28.89115 32.64238 29.4888 32.62427 29.49637 32.60699 29.50567 32.5907 29.51662 32.57557 29.52911 32.56173 29.54303 32.54932 29.55824 32.53846 29.57459 32.52926 29.59193 32.5218 29.61008 32.51616 29.62888 32.51238 29.64814 32.51051 29.66768 32.51057 29.6873 32.51255 29.70683 32.51643 29.72607 32.52218 29.74484 32.52975 29.76295 32.53905 29.78023 32.55 29.79652 32.56249 29.81165 32.57641 29.82549 32.59162 29.8379 32.60797 29.84876 32.6253 29.85796 32.64346 29.86542 32.66226 29.87106 32.68152 29.87484 32.70106 29.87671 32.72068 29.87665 32.74021 29.87467 32.75945 29.87079 32.77821 29.86504 34.43363 29.26739 35.03128 30.92281 35.03885 30.94092 35.04815 30.9582 35.0591 30.97449 35.07159 30.98963 35.08551 31.00346 35.10072 31.01587 35.11707 31.02673 35.1344 31.03593 35.15256 31.04339 35.17136 31.04904 35.19062 31.05281 35.21016 31.05468 35.22978 31.05462 35.24931 31.05264 35.26855 31.04876 35.28731 31.04301 35.30543 31.03544 35.32271 31.02614 35.339 31.01519 35.35413 31.0027 35.36797 30.98878 35.38038 30.97357 35.39124 30.95722 35.40044 30.93989 35.4079 30.92173 35.41354 30.90293 35.41732 30.88367 35.41919 30.86414 35.41913 30.84451 35.41715 30.82498 35.41327 30.80574 35.40752 30.78698 34.80987 29.13156 36.46529 28.53391 36.4834 28.52634 36.50068 28.51704 36.51697 28.50609 36.5321 28.4936 36.54594 28.47968 36.55835 28.46447 36.56921 28.44812 36.57841 28.43079 36.58587 28.41263 36.59151 28.39383 36.59529 28.37457 36.59716 28.35503 36.5971 28.33541 36.59512 28.31588 36.59124 28.29664 36.58549 28.27788 36.57792 28.25976 36.56862 28.24248 36.55767 28.22619 36.54518 28.21106 36.53126 28.19722 36.51605 28.18481 36.4997 28.17395 36.48237 28.16475 36.46421 28.15729 36.44541 28.15165 36.42615 28.14787 36.40661 28.146 36.38699 28.14606 36.36746 28.14804 36.34822 28.15192 36.32946 28.15768 34.67404 28.75533 34.07639 27.09991 34.06882 27.08179 34.05952 27.06451 34.04857 27.04822 34.03608 27.03309 34.02216 27.01925 34.00695 27.00684 33.9906 26.99598 33.97327 26.98678 33.95511 26.97932 33.93631 26.97368 33.91705 26.9699 33.89751 26.96803 33.87789 26.96809 33.85836 26.97007 33.83912 26.97395 33.82036 26.9797 33.80224 26.98727 33.78496 26.99657 33.76867 27.00752 33.75354 27.02001 33.7397 27.03393 33.72729 27.04914 33.71643 27.06549 33.70723 27.08283 33.69977 27.10098 33.69413 27.11978 33.69035 27.13904 33.68848 27.15858 33.68854 27.1782 33.69052 27.19773 33.6944 27.21697 

136
15.7902 12.76945 14.2967 12.08052 14.98564 10.58703 14.99297 10.56882 14.99849 10.54999 15.00213 10.5307 15.00387 10.51115 15.00368 10.49152 15.00157 10.47201 14.99756 10.4528 14.99168 10.43407 14.984 10.41601 14.97458 10.39879 14.96352 10.38258 14.95092 10.36753 14.93691 10.35378 14.92162 10.34148 14.9052 10.33073 14.8878 10.32164 14.8696 10.31431 14.85076 10.30879 14.83147 10.30514 14.81192 10.30341 14.7923 10.3036 14.77279 10.30571 14.75357 10.30972 14.73485 10.3156 14.71679 10.32328 14.69957 10.3327 14.68335 10.34376 14.6683 10.35635 14.65456 10.37037 14.64225 10.38566 14.6315 10.40208 14.62242 10.41948 13.93348 11.91297 12.43999 11.22404 12.42178 11.2167 12.40295 11.21118 12.38366 11.20754 12.36411 11.2058 12.34449 11.20599 12.32497 11.2081 12.30576 11.21211 12.28703 11.21799 12.26897 11.22568 12.25175 11.23509 12.23554 11.24615 12.22049 11.25875 12.20674 11.27276 12.19444 11.28805 12.18369 11.30447 12.1746 11.32187 12.16727 11.34008 12.16175 11.35891 12.15811 11.3782 12.15637 11.39775 12.15656 11.41737 12.15867 11.43689 12.16268 11.4561 12.16856 11.47483 12.17624 11.49289 12.18566 11.51011 12.19672 11.52632 12.20932 11.54137 12.22333 11.55512 12.23862 11.56742 12.25504 11.57817 12.27244 11.58726 13.76593 12.27619 13.077 13.76968 13.06966 13.78789 13.06415 13.80672 13.0605 13.82601 13.05876 13.84556 13.05895 13.86519 13.06106 13.8847 13.06508 13.90391 13.07095 13.92264 13.07864 13.9407 13.08806 13.95792 13.09912 13.97413 13.11171 13.98918 13.12572 14.00293 13.14101 14.01523 13.15744 14.02598 13.17483 14.03507 13.19304 14.0424 13.21187 14.04792 13.23116 14.05157 13.25071 14.0533 13.27034 14.05311 13.28985 14.051 13.30906 14.04699 13.32779 14.04111 13.34585 14.03343 13.36307 14.02401 13.37928 14.01295 13.39433 14.00036 13.40808 13.98634 13.42038 13.97105 13.43113 13.95463 13.44022 13.93723 14.12915 12.44374 15.62265 13.13267 15.64085 13.14001 15.65969 13.14553 15.67897 13.14917 15.69852 13.15091 15.71815 13.15072 15.73766 13.14861 15.75687 13.1446 15.7756 13.13872 15.79366 13.13103 15.81088 13.12162 15.82709 13.11056 15.84215 13.09796 15.85589 13.08395 15.8682 13.06866 15.87894 13.05224 15.88803 13.03484 15.89537 13.01663 15.90088 12.9978 15.90453 12.97851 15.90627 12.95896 15.90608 12.93934 15.90397 12.91982 15.89995 12.90061 15.89408 12.88188 15.88639 12.86382 15.87697 12.8466 15.86591 12.83039 15.85332 12.81534 15.83931 12.80159 15.82402 12.78929 15.80759 12.77854 

84
23.82006 27.13674 19.76894 28.28238 19.75034 28.28864 19.73244 28.2967 19.71542 28.30647 19.69944 28.31786 19.68465 28.33076 19.67119 28.34505 19.65921 28.36059 19.6488 28.37723 19.64007 28.39481 19.63311 28.41317 19.62798 28.43211 19.62474 28.45147 19.6234 28.47105 19.62399 28.49067 19.62651 28.51013 19.63091 28.52926 19.63718 28.54786 19.64523 28.56576 19.655 28.58278 19.66639 28.59876 19.67929 28.61355 19.69359 28.62701 19.70913 28.63899 19.72577 28.6494 19.74335 28.65813 19.7617 28.66509 19.78064 28.67022 19.8 28.67346 19.81958 28.6748 19.8392 28.67421 19.85867 28.67169 19.87779 28.66729 24.12137 27.46722 24.13997 27.46095 24.15787 27.4529 24.17489 27.44313 24.19087 27.43174 24.20566 27.41884 24.21912 27.40454 24.2311 27.389 24.24151 27.37236 24.25024 27.35478 24.2572 27.33643 24.26233 27.31749 24.26557 27.29813 24.26691 27.27855 24.26631 27.25893 24.2638 27.23946 24.25939 27.22034 23.05932 22.97676 23.05306 22.95816 23.04501 22.94026 23.03524 22.92324 23.02385 22.90726 23.01094 22.89247 22.99665 22.87901 22.98111 22.86703 22.96447 22.85662 22.94689 22.84789 22.92854 22.84093 22.90959 22.8358 22.89024 22.83256 22.87066 22.83122 22.85104 22.83182 22.83157 22.83433 22.81245 22.83874 22.79385 22.845 22.77595 22.85305 22.75892 22.86282 22.74294 22.87421 22.72815 22.88712 22.7147 22.90141 22.70271 22.91695 22.6923 22.93359 22.68358 22.95117 22.67662 22.96952 22.67149 22.98846 22.66824 23.00782 22.66691 23.0274 22.6675 23.04702 22.67001 23.06649 22.67442 23.08561 

84
44.56752 32.43124 46.29076 35.71286 46.30073 35.72977 46.3123 35.74562 46.32538 35.76026 46.33982 35.77355 46.3555 35.78535 46.37226 35.79557 46.38994 35.80409 46.40837 35.81084 46.42738 35.81574 46.44677 35.81877 46.46637 35.81987 46.48598 35.81905 46.50541 35.81632 46.52449 35.81169 46.54301 35.80521 46.56082 35.79695 46.57772 35.78698 46.59357 35.77541 46.60821 35.76233 46.6215 35.74789 46.63331 35.73221 46.64352 35.71545 46.65204 35.69777 46.65879 35.67934 46.6637 35.66033 46.66672 35.64094 46.66783 35.62134 46.66701 35.60173 46.66427 35.5823 46.65964 35.56323 46.65317 35.5447 46.6449 35.52689 44.82867 32.0682 44.81871 32.05129 44.80713 32.03544 44.79406 32.0208 44.77961 32.00752 44.76393 31.99571 44.74717 31.9855 44.72949 31.97698 44.71106 31.97023 44.69206 31.96532 44.67266 31.9623 44.65307 31.96119 44.63346 31.96201 44.61402 31.96475 44.59495 31.96938 44.57642 31.97585 44.55862 31.98411 41.09993 33.80035 41.08302 33.81031 41.06717 33.82189 41.05253 33.83496 41.03924 33.84941 41.02743 33.86509 41.01722 33.88185 41.0087 33.89953 41.00195 33.91796 40.99704 33.93696 40.99402 33.95635 40.99292 33.97595 40.99373 33.99556 40.99647 34.01499 41.0011 34.03407 41.00758 34.0526 41.01584 34.0704 41.02581 34.08731 41.03738 34.10316 41.05046 34.1178 41.0649 34.13108 41.08058 34.14289 41.09734 34.1531 41.11502 34.16163 41.13345 34.16837 41.15245 34.17328 41.17185 34.1763 41.19144 34.17741 41.21105 34.17659 41.23049 34.17385 41.24956 34.16922 41.26809 34.16275 41.28589 34.15449 

84
9.99636 18.30682 10.40714 14.70171 10.40841 14.68212 10.40774 14.66251 10.40516 14.64305 10.40068 14.62394 10.39435 14.60536 10.38623 14.58749 10.3764 14.57051 10.36495 14.55457 10.35199 14.53982 10.33765 14.52642 10.32207 14.51449 10.30539 14.50414 10.28778 14.49548 10.2694 14.48859 10.25044 14.48353 10.23107 14.48035 10.21148 14.47909 10.19187 14.47975 10.17241 14.48234 10.1533 14.48681 10.13472 14.49314 10.11686 14.50126 10.09987 14.51109 10.08393 14.52254 10.06918 14.5355 10.05578 14.54984 10.04385 14.56542 10.03351 14.5821 10.02484 14.59972 10.01795 14.61809 10.01289 14.63706 10.00971 14.65642 9.57629 18.46024 9.57503 18.47983 9.57569 18.49945 9.57828 18.5189 9.58275 18.53801 9.58908 18.55659 9.5972 18.57446 9.60703 18.59145 9.61848 18.60739 9.63144 18.62213 9.64578 18.63553 9.66136 18.64746 9.67804 18.65781 9.69565 18.66647 9.71403 18.67337 9.73299 18.67843 9.75236 18.6816 13.55618 19.11502 13.57577 19.11629 13.59539 19.11562 13.61484 19.11304 13.63395 19.10856 13.65253 19.10223 13.6704 19.09411 13.68739 19.08428 13.70333 19.07283 13.71807 19.05988 13.73147 19.04554 13.7434 19.02995 13.75375 19.01327 13.76241 18.99566 13.7693 18.97728 13.77436 18.95832 13.77754 18.93895 13.7788 18.91937 13.77814 18.89975 13.77556 18.88029 13.77108 18.86118 13.76475 18.84261 13.75663 18.82474 13.7468 18.80775 13.73535 18.79181 13.72239 18.77707 13.70805 18.76366 13.69247 18.75173 13.67579 18.74139 13.65818 18.73273 13.6398 18.72583 13.62084 18.72077 13.60147 18.7176 

84
13.72514 1.98978 17.20125 1.91924 17.22083 1.91788 17.24018 1.91461 17.25912 1.90945 17.27746 1.90247 17.29503 1.89372 17.31166 1.88329 17.32718 1.87128 17.34146 1.8578 17.35434 1.843 17.36571 1.827 17.37546 1.80996 17.38349 1.79205 17.38972 1.77344 17.3941 1.75431 17.39659 1.73484 17.39715 1.71522 17.39579 1.69564 17.39252 1.67629 17.38737 1.65735 17.38038 1.63901 17.37163 1.62144 17.3612 1.60482 17.34919 1.58929 17.33572 1.57502 17.32091 1.56214 17.30491 1.55077 17.28788 1.54102 17.26997 1.53299 17.25136 1.52675 17.23223 1.52237 17.21276 1.51989 17.19314 1.51932 13.51707 1.59391 13.49749 1.59528 13.47813 1.59855 13.4592 1.6037 13.44085 1.61069 13.42329 1.61944 13.40666 1.62987 13.39114 1.64188 13.37686 1.65535 13.36398 1.67016 13.35261 1.68616 13.34286 1.70319 13.33483 1.7211 13.3286 1.73971 13.32422 1.75884 13.32173 1.77831 13.32117 1.79793 13.39576 5.474 13.39712 5.49358 13.40039 5.51293 13.40555 5.53187 13.41253 5.55021 13.42128 5.56778 13.43171 5.58441 13.44372 5.59993 13.45719 5.61421 13.472 5.62709 13.488 5.63846 13.50504 5.64821 13.52295 5.65624 13.54156 5.66247 13.56069 5.66685 13.58016 5.66934 13.59978 5.6699 13.61935 5.66854 13.63871 5.66527 13.65765 5.66012 13.67599 5.65313 13.69356 5.64438 13.71018 5.63395 13.72571 5.62194 13.73998 5.60847 13.75286 5.59366 13.76423 5.57766 13.77398 5.56063 13.78201 5.54272 13.78824 5.52411 13.79263 5.50498 13.79511 5.48551 13.79568 5.46589 

84
30.46024 28.81963 28.59541 31.66653 28.58547 31.68345 28.57724 31.70127 28.5708 31.71981 28.56621 31.73889 28.5635 31.75833 28.56272 31.77794 28.56386 31.79754 28.56692 31.81692 28.57186 31.83592 28.57864 31.85434 28.5872 31.872 28.59744 31.88874 28.60927 31.9044 28.62259 31.91882 28.63725 31.93187 28.65312 31.94342 28.67005 31.95335 28.68787 31.96158 28.7064 31.96803 28.72549 31.97262 28.74493 31.97532 28.76454 31.97611 28.78413 31.97497 28.80352 31.97191 28.82251 31.96697 28.84093 31.96018 28.8586 31.95163 28.87534 31.94139 28.891 31.92955 28.90542 31.91624 28.91847 31.90158 28.93001 31.88571 30.90444 28.87151 30.91437 28.85459 30.9226 28.83677 30.92904 28.81823 30.93364 28.79915 30.93634 28.77971 30.93712 28.76009 30.93598 28.7405 30.93293 28.72111 30.92798 28.70212 30.9212 28.6837 30.91265 28.66604 30.9024 28.64929 30.89057 28.63364 30.87726 28.61921 30.86259 28.60617 30.84672 28.59462 27.83253 26.6202 27.8156 26.61026 27.79778 26.60203 27.77925 26.59559 27.76016 26.59099 27.74072 26.58829 27.72111 26.58751 27.70152 26.58865 27.68213 26.59171 27.66314 26.59665 27.64472 26.60343 27.62705 26.61198 27.61031 26.62223 27.59465 26.63406 27.58023 26.64738 27.56718 26.66204 27.55564 26.67791 27.5457 26.69484 27.53747 26.71265 27.53103 26.73119 27.52643 26.75028 27.52373 26.76972 27.52295 26.78933 27.52409 26.80892 27.52715 26.82831 27.53209 26.8473 27.53887 26.86572 27.54742 26.88339 27.55767 26.90013 27.5695 26.91579 27.58282 26.93021 27.59748 26.94325 27.61335 26.9548 

4
16.86489 44.65448 19.85766 44.8627 20.06588 41.86993 17.07312 41.66171 

4
16.26812 38.47073 17.97065 40.44156 19.94148 38.73904 18.23895 36.7682 

4
28.79388 13.64618 31.11664 14.57406 32.04453 12.2513 29.72176 11.32341 

4
42.96922 20.08032 42.12809 22.3827 44.43048 23.22383 45.2716 20.92144 

102
11.67239 34.73268 13.51992 37.69293 13.53111 37.70905 13.54384 37.724 13.55796 37.73762 13.57335 37.7498 13.58987 37.76041 13.60734 37.76935 13.62561 37.77653 13.64449 37.78189 13.6638 37.78537 13.68337 37.78694 13.70299 37.78659 13.72249 37.78432 13.74166 37.78014 13.76034 37.77411 13.77834 37.76627 13.79548 37.75671 16.92539 35.80329 16.94151 35.7921 16.95646 35.77937 16.97008 35.76525 16.98226 35.74985 16.99287 35.73334 17.00181 35.71587 17.00899 35.6976 17.01435 35.67872 17.01783 35.6594 17.0194 35.63984 17.01905 35.62022 17.01677 35.60072 17.0126 35.58154 17.00657 35.56287 16.99873 35.54487 16.98917 35.52773 16.97797 35.51161 16.96525 35.49667 16.95112 35.48304 16.93573 35.47086 16.91922 35.46026 16.90174 35.45132 16.88348 35.44413 16.8646 35.43877 16.84528 35.43529 16.82572 35.43372 16.80609 35.43407 16.7866 35.43635 16.76742 35.44052 16.74874 35.44656 16.73075 35.45439 16.71361 35.46396 13.75336 37.31148 11.90583 34.35123 11.89464 34.33511 11.88192 34.32017 11.86779 34.30654 11.8524 34.29437 11.83588 34.28376 11.81841 34.27482 11.80015 34.26763 11.78126 34.26228 11.76195 34.25879 11.74238 34.25722 11.72276 34.25758 11.70327 34.25985 11.68409 34.26403 11.66541 34.27006 11.64742 34.2779 11.63028 34.28746 8.50036 36.24087 8.48424 36.25207 8.46929 36.26479 8.45567 36.27892 8.44349 36.29431 8.43288 36.31083 8.42394 36.3283 8.41676 36.34656 8.4114 36.36545 8.40792 36.38476 8.40635 36.40433 8.4067 36.42395 8.40898 36.44344 8.41315 36.46262 8.41919 36.4813 8.42702 36.49929 8.43658 36.51643 8.44778 36.53255 8.4605 36.5475 8.47463 36.56113 8.49002 36.5733 8.50654 36.58391 8.52401 36.59285 8.54227 36.60003 8.56116 36.60539 8.58047 36.60887 8.60004 36.61045 8.61966 36.61009 8.63915 36.60782 8.65833 36.60364 8.67701 36.59761 8.695 36.58977 8.71214 36.58021 

136
46.87544 20.45384 48.21082 19.55834 49.10632 20.89372 49.11803 20.90947 49.13124 20.92399 49.1458 20.93714 49.16159 20.94881 49.17844 20.95887 49.1962 20.96723 49.21469 20.97381 49.23373 20.97855 49.25315 20.9814 49.27276 20.98233 49.29236 20.98133 49.31177 20.97842 49.3308 20.97362 49.34927 20.96698 49.367 20.95856 49.38382 20.94844 49.39956 20.93672 49.41408 20.92351 49.42724 20.90895 49.4389 20.89317 49.44897 20.87631 49.45733 20.85856 49.46391 20.84007 49.46865 20.82102 49.47149 20.8016 49.47242 20.78199 49.47143 20.76239 49.46852 20.74298 49.46372 20.72395 49.45707 20.70548 49.44865 20.68776 49.43853 20.67094 48.54303 19.33556 49.87841 18.44006 49.89415 18.42834 49.90867 18.41514 49.92183 18.40057 49.9335 18.38479 49.94356 18.36794 49.95192 18.35018 49.9585 18.33169 49.96324 18.31264 49.96609 18.29322 49.96702 18.27362 49.96602 18.25402 49.96311 18.23461 49.95831 18.21557 49.95166 18.19711 49.94324 18.17938 49.93312 18.16256 49.92141 18.14681 49.9082 18.13229 49.89364 18.11914 49.87785 18.10747 49.861 18.09741 49.84324 18.08905 49.82475 18.08247 49.80571 18.07773 49.78629 18.07488 49.76668 18.07395 49.74708 18.07495 49.72767 18.07786 49.70864 18.08266 49.69017 18.0893 49.67244 18.09772 49.65563 18.10784 48.32025 19.00334 47.42475 17.66797 47.41303 17.65222 47.39982 17.6377 47.38526 17.62454 47.36947 17.61288 47.35262 17.60282 47.33487 17.59445 47.31638 17.58787 47.29733 17.58314 47.27791 17.58029 47.2583 17.57936 47.2387 17.58035 47.21929 17.58327 47.20026 17.58807 47.18179 17.59471 47.16406 17.60313 47.14725 17.61325 47.1315 17.62497 47.11698 17.63817 47.10382 17.65274 47.09216 17.66852 47.0821 17.68537 47.07374 17.70313 47.06715 17.72162 47.06242 17.74067 47.05957 17.76009 47.05864 17.77969 47.05963 17.79929 47.06255 17.8187 47.06735 17.83773 47.07399 17.8562 47.08241 17.87393 47.09253 17.89075 47.98803 19.22613 46.65265 20.12163 46.63691 20.13335 46.62239 20.14655 46.60923 20.16112 46.59757 20.1769 46.5875 20.19375 46.57914 20.21151 46.57256 20.23 46.56782 20.24905 46.56498 20.26847 46.56405 20.28807 46.56504 20.30767 46.56795 20.32708 46.57276 20.34611 46.5794 20.36458 46.58782 20.38231 46.59794 20.39913 46.60966 20.41487 46.62286 20.42939 46.63743 20.44255 46.65321 20.45422 46.67006 20.46428 46.68782 20.47264 46.70631 20.47922 46.72536 20.48396 46.74478 20.48681 46.76438 20.48774 46.78398 20.48674 46.80339 20.48383 46.82242 20.47903 46.84089 20.47238 46.85862 20.46396 

136
30.90683 33.15457 32.23914 32.3897 33.00401 33.72201 33.0146 33.73853 33.02677 33.75393 33.04038 33.76807 33.05532 33.7808 33.07143 33.79201 33.08856 33.80159 33.10655 33.80944 33.12522 33.81549 33.1444 33.81968 33.16389 33.82197 33.18351 33.82234 33.20308 33.82078 33.2224 33.81732 33.24128 33.81197 33.25955 33.80481 33.27703 33.79588 33.29356 33.78529 33.30896 33.77312 33.3231 33.75951 33.33583 33.74457 33.34704 33.72846 33.35662 33.71133 33.36447 33.69334 33.37052 33.67467 33.37471 33.65549 33.377 33.636 33.37737 33.61638 33.37581 33.59681 33.37234 33.57749 33.367 33.55861 33.35983 33.54034 33.35091 33.52286 32.58604 32.19055 33.91834 31.42568 33.93487 31.41508 33.95027 31.40292 33.96441 31.38931 33.97714 31.37437 33.98835 31.35826 33.99793 31.34113 34.00578 31.32314 34.01183 31.30447 34.01602 31.28529 34.01831 31.2658 34.01868 31.24618 34.01712 31.22661 34.01365 31.20729 34.00831 31.18841 34.00114 31.17013 33.99222 31.15265 33.98162 31.13613 33.96946 31.12073 33.95584 31.10659 33.94091 31.09386 33.9248 31.08265 33.90766 31.07307 33.88968 31.06522 33.871 31.05917 33.85183 31.05498 33.83234 31.05269 33.81271 31.05232 33.79315 31.05388 33.77383 31.05734 33.75494 31.06269 33.73667 31.06986 33.71919 31.07878 32.38689 31.84365 31.62202 30.51134 31.61142 30.49482 31.59926 30.47942 31.58564 30.46528 31.57071 30.45255 31.5546 30.44134 31.53746 30.43176 31.51947 30.42391 31.5008 30.41786 31.48163 30.41367 31.46214 30.41138 31.44251 30.41101 31.42295 30.41257 31.40363 30.41603 31.38474 30.42138 31.36647 30.42855 31.34899 30.43747 31.33247 30.44807 31.31707 30.46023 31.30293 30.47384 31.29019 30.48878 31.27898 30.50489 31.26941 30.52202 31.26156 30.54001 31.25551 30.55868 31.25132 30.57786 31.24903 30.59735 31.24866 30.61697 31.25021 30.63654 31.25368 30.65586 31.25902 30.67474 31.26619 30.69302 31.27512 30.7105 32.03999 32.0428 30.70768 32.80767 30.69116 32.81827 30.67576 32.83043 30.66162 32.84405 30.64888 32.85898 30.63767 32.87509 30.6281 32.89223 30.62025 32.91021 30.6142 32.92889 30.61001 32.94806 30.60772 32.96755 30.60735 32.98718 30.6089 33.00674 30.61237 33.02606 30.61771 33.04495 30.62488 33.06322 30.63381 33.0807 30.6444 33.09722 30.65657 33.11262 30.67018 33.12676 30.68512 33.13949 30.70123 33.1507 30.71836 33.16028 30.73635 33.16813 30.75502 33.17418 30.77419 33.17837 30.79369 33.18066 30.81331 33.18103 30.83288 33.17947 30.85219 33.17601 30.87108 33.17066 30.88935 33.1635 

84
30.5715 40.71266 31.86157 37.23784 31.86749 37.21913 31.87154 37.19992 31.8737 37.18042 31.87393 37.16079 31.87224 37.14124 31.86864 37.12194 31.86317 37.10309 31.85587 37.08487 31.84683 37.06746 31.83612 37.05101 31.82385 37.03569 31.81013 37.02165 31.79511 37.00902 31.77892 36.99792 31.76172 36.98846 31.74368 36.98074 31.72497 36.97482 31.70576 36.97076 31.68626 36.9686 31.66663 36.96837 31.64708 36.97006 31.62778 36.97366 31.60893 36.97913 31.59071 36.98643 31.5733 36.99548 31.55685 37.00619 31.54153 37.01846 31.52749 37.03217 31.51486 37.04719 31.50376 37.06338 31.4943 37.08058 31.48658 37.09862 30.12689 40.76093 30.12097 40.77964 30.11692 40.79885 30.11476 40.81836 30.11453 40.83798 30.11622 40.85754 30.11982 40.87683 30.12529 40.89568 30.13259 40.9139 30.14163 40.93132 30.15234 40.94776 30.16461 40.96308 30.17833 40.97713 30.19335 40.98976 30.20954 41.00085 30.22674 41.01031 30.24478 41.01804 33.90709 42.37772 33.9258 42.38364 33.94501 42.38769 33.96451 42.38985 33.98414 42.39008 34.00369 42.38839 34.02299 42.38479 34.04184 42.37932 34.06006 42.37202 34.07748 42.36298 34.09392 42.35227 34.10924 42.34 34.12328 42.32628 34.13592 42.31126 34.14701 42.29507 34.15647 42.27787 34.1642 42.25983 34.17012 42.24112 34.17417 42.22192 34.17633 42.20241 34.17656 42.18278 34.17487 42.16323 34.17127 42.14393 34.1658 42.12509 34.1585 42.10686 34.14946 42.08945 34.13875 42.073 34.12648 42.05768 34.11276 42.04364 34.09774 42.03101 34.08155 42.01991 34.06435 42.01045 34.04631 42.00273 

102
6.15889 16.4909 5.26098 15.02294 5.24993 15.00672 5.23734 14.99166 5.22334 14.97791 5.20806 14.96559 5.19164 14.95483 5.17425 14.94574 5.15605 14.93839 5.13722 14.93286 5.11793 14.92921 5.09838 14.92746 5.07876 14.92764 5.05924 14.92974 5.04003 14.93374 5.0213 14.9396 5.00323 14.94728 4.98601 14.95668 4.96979 14.96774 4.95473 14.98032 4.94098 14.99433 4.92866 15.00961 4.9179 15.02603 4.90881 15.04342 4.90146 15.06162 4.89593 15.08045 4.89228 15.09973 4.89053 15.11928 4.89071 15.13891 4.8928 15.15842 4.89681 15.17764 4.90267 15.19637 4.91035 15.21443 4.91975 15.23166 5.81767 16.69962 4.3497 17.59753 4.33348 17.60858 4.31842 17.62117 4.30467 17.63517 4.29236 17.65045 4.2816 17.66687 4.2725 17.68426 4.26516 17.70246 4.25963 17.72129 4.25597 17.74058 4.25423 17.76013 4.2544 17.77975 4.2565 17.79927 4.2605 17.81848 4.26637 17.83721 4.27404 17.85528 4.28345 17.8725 4.2945 17.88872 4.30709 17.90378 4.32109 17.91754 4.33637 17.92985 4.35279 17.94061 4.37018 17.9497 4.38838 17.95705 4.40722 17.96258 4.4265 17.96623 4.44605 17.96798 4.46567 17.96781 4.48519 17.96571 4.5044 17.9617 4.52313 17.95584 4.5412 17.94816 4.55842 17.93876 6.197 16.93649 7.83557 15.93422 7.85179 15.92317 7.86685 15.91058 7.88061 15.89658 7.89292 15.88129 7.90368 15.86488 7.91277 15.84748 7.92012 15.82928 7.92565 15.81045 7.9293 15.79117 7.93105 15.77162 7.93088 15.75199 7.92878 15.73248 7.92477 15.71326 7.91891 15.69453 7.91123 15.67647 7.90183 15.65924 7.89078 15.64302 7.87819 15.62796 7.86419 15.61421 7.8489 15.6019 7.83249 15.59114 7.81509 15.58204 7.79689 15.57469 7.77806 15.56917 7.75878 15.56551 7.73923 15.56376 7.7196 15.56394 7.70009 15.56604 7.68087 15.57004 7.66214 15.57591 7.64408 15.58358 7.62685 15.59299 

