18.0 11.0
19.2 11.7
20.2 12.1
21.0 11.4
21.5 10.4
21.8 9.1
22.1 7.9
22.6 6.8
23.3 5.9
24.5 5.9
25.6 6.5
26.5 7.4
27.5 8.2
28.6 8.8
29.7 9.4
30.6 10.1
31.2 11.1
31.6 12.3
32.4 13.4
33.4 13.9
34.2 14.8
34.4 16.0
34.2 17.2
33.9 18.3
34.1 19.3
34.7 20.3
35.5 21.2
36.0 22.2
36.2 23.4
36.1 24.6
35.6 25.8
34.9 26.9
34.1 28.0
33.5 29.0
32.9 30.2
32.3 31.2
31.4 32.1
30.4 32.8
29.4 33.5
28.5 34.2
27.4 34.3
26.1 34.0
25.1 33.9
24.0 34.2
22.8 34.5
21.5 34.7
20.2 34.9
18.9 35.1
17.8 35.0
16.9 34.0
16.7 32.9
16.1 31.9
15.3 30.9
14.6 29.9
13.6 29.2
12.4 28.6
11.2 28.3
9.9 28.1
8.7 28.3
