37.5 25.0
37.6 24.0
36.9 22.8
36.7 21.8
37.1 20.7
36.8 19.7
36.1 18.7
35.1 17.8
34.3 17.1
35.4 16.7
34.4 16.1
33.2 16.4
31.9 16.3
31.0 15.6
30.2 14.7
29.6 13.7
28.6 13.2
27.4 12.9
26.3 12.9
25.4 12.3
24.6 11.4
23.9 10.4
23.0 9.4
22.1 8.6
21.5 7.7
21.9 6.5
22.6 5.5
23.0 4.4
22.3 3.6
21.2 3.3
19.9 3.4
18.6 3.7
17.3 4.0
16.1 4.4
14.8 4.8
13.6 5.1
12.5 5.4
11.7 6.3
11.2 7.4
10.9 8.5
9.9 9.3
8.8 9.6
8.1 10.4
7.7 11.7
7.2 12.8
6.9 14.0
7.8 14.5
9.0 14.5
10.1 14.9
11.5 14.8
12.6 14.3
13.6 13.6
14.5 13.1
15.1 14.0
15.3 15.1
15.0 16.2
15.2 17.3
16.1 17.9
17.2 18.1
18.4 18.2
19.5 18.8
20.6 19.6
21.6 20.5
22.5 21.3
23.0 22.4
23.3 23.6
23.4 24.8
24.2 25.5
