35.0 46.0
36.1 45.8
37.1 46.1
38.3 46.6
39.4 47.2
40.6 47.5
41.8 47.4
42.9 47.0
44.0 46.4
45.0 45.6
46.1 44.9
47.2 44.2
48.1 43.2
48.2 42.1
48.0 40.9
47.7 39.7
47.6 38.4
47.7 37.1
47.8 36.0
47.0 35.0
45.9 34.8
44.8 34.9
44.1 33.9
44.0 32.8
44.3 31.5
44.2 30.3
43.4 29.4
42.4 28.6
41.2 28.1
40.0 27.5
39.0 26.8
38.0 26.0
37.0 25.2
36.0 24.3
35.1 23.4
34.2 22.5
33.4 21.5
32.8 20.4
32.3 19.3
31.4 18.5
30.3 17.9
29.2 17.2
28.1 16.4
27.1 15.6
26.0 15.3
24.9 15.8
23.7 16.1
22.4 16.4
21.2 16.9
20.0 17.3
18.8 17.8
17.6 18.2
16.4 18.7
15.3 19.3
14.1 19.8
12.9 20.2
11.6 20.5
10.4 20.8
9.1 20.7
8.1 20.0
6.9 19.5
5.6 19.1
4.3 18.8
3.2 18.4
2.7 17.5
2.5 16.3
2.1 15.1
1.7 14.0
1.7 12.8
1.6 11.5
1.8 10.4
2.4 9.3
3.1 8.5
4.2 8.2
5.3 7.9
6.1 7.2
6.6 6.2
7.0 4.9
7.3 3.6
7.6 2.5
8.4 1.8
9.6 1.4
10.8 1.2
12.0 1.8
12.8 2.8
13.4 3.9
13.8 4.9
