35.0 46.0
36.0 46.5
36.9 45.7
37.2 44.6
37.3 43.5
37.9 42.5
38.6 41.5
38.7 40.2
38.1 39.2
37.3 38.2
36.4 37.2
35.5 36.2
34.8 35.1
34.0 34.0
33.1 33.2
32.3 32.3
32.4 31.0
33.0 29.9
33.8 29.1
34.9 28.5
36.1 28.1
36.7 27.3
36.8 26.1
36.5 24.9
35.9 23.8
35.2 22.7
34.3 21.8
33.4 20.8
32.5 20.1
31.4 19.7
30.6 18.6
30.1 17.4
29.6 16.5
28.4 15.8
27.2 15.4
26.1 14.7
25.1 13.9
23.9 13.3
22.8 12.9
22.0 12.2
21.4 11.2
20.8 10.2
19.8 9.9
18.5 9.9
17.2 10.1
15.9 10.5
14.7 10.7
13.7 10.1
12.9 9.1
12.2 8.0
11.6 6.8
11.1 5.6
10.9 4.6
11.3 3.5
12.3 3.0
13.5 3.0
