25.0 25.0
24.9 23.7
24.3 22.6
23.5 21.8
22.4 21.1
21.3 20.6
20.0 20.4
18.8 20.5
17.6 20.7
16.3 21.0
15.1 21.3
13.9 21.3
12.8 21.2
11.7 21.9
11.0 22.9
10.5 24.1
9.9 25.2
9.1 26.3
8.3 27.2
7.3 27.7
6.3 28.1
5.6 28.9
5.3 30.1
5.0 31.3
4.6 32.5
4.0 33.6
3.4 34.8
2.8 35.9
2.3 37.1
1.9 38.3
1.6 39.6
1.5 40.8
1.6 42.0
2.1 42.9
3.0 43.5
4.1 43.8
4.6 44.9
4.6 46.1
5.5 47.0
6.5 47.3
7.7 47.1
8.9 46.7
10.1 46.1
10.9 45.4
10.8 44.4
10.3 43.4
10.7 42.4
11.7 41.7
12.9 41.1
14.2 40.8
15.2 40.5
16.2 39.4
16.8 38.3
17.2 37.0
17.5 35.7
17.8 34.7
18.5 33.9
19.7 33.4
20.8 33.3
21.9 33.6
22.9 34.2
23.7 35.2
24.4 36.2
24.9 37.4
25.4 38.3
26.6 38.7
27.7 38.5
29.0 38.1
30.1 37.7
31.1 37.5
31.9 38.6
32.9 39.2
33.9 38.7
35.2 38.4
36.4 38.6
37.6 39.1
38.7 39.8
39.8 40.5
39.7 41.6
38.6 42.3
37.4 42.9
36.3 43.5
35.1 44.1
34.1 44.5
35.3 45.2
