25.0 7.5
25.5 7.1
25.6 6.5
25.2 6.8
24.6 7.3
24.2 7.9
23.9 8.7
23.7 9.5
23.6 10.3
23.5 10.9
23.0 11.4
22.4 11.8
21.7 12.2
20.9 12.4
20.1 12.5
19.4 12.6
18.8 12.9
18.2 13.5
17.7 14.2
17.3 14.9
16.9 15.7
16.7 16.3
16.7 17.1
16.9 17.8
17.3 18.4
17.8 18.9
18.5 19.4
19.1 20.0
19.6 20.4
20.4 20.4
21.2 20.1
21.9 19.7
22.5 19.2
23.1 18.5
23.6 18.0
24.3 18.1
24.8 18.5
25.4 19.1
25.9 19.4
26.8 19.7
27.6 19.9
28.5 20.1
29.3 20.2
29.8 20.3
30.6 20.5
31.5 20.7
32.3 20.9
32.9 21.0
32.9 21.7
32.5 22.3
32.1 23.0
31.6 23.8
31.1 24.5
30.6 25.2
30.2 25.9
29.8 26.7
29.5 27.5
29.1 28.2
28.6 29.0
28.1 29.6
27.5 30.3
27.1 30.7
27.0 31.3
27.1 32.0
27.4 32.8
27.8 33.5
28.4 34.2
28.9 34.8
29.2 35.2
29.2 35.8
28.8 36.4
28.1 36.8
27.4 37.2
26.6 37.4
25.7 37.5
25.0 37.6
24.6 38.1
24.6 38.8
24.8 39.6
25.2 40.4
25.6 41.2
25.0 42.5
