45.0 4.0
43.9 3.9
43.1 2.9
42.2 2.3
41.0 2.6
40.3 3.5
39.7 4.6
39.3 5.9
39.1 7.1
38.9 8.4
38.0 9.4
36.9 10.0
35.7 10.3
34.6 10.1
33.4 9.7
32.2 9.2
30.9 9.0
29.7 9.0
28.7 9.4
27.7 10.2
26.8 11.2
25.9 12.2
25.1 13.2
24.1 14.0
23.1 14.7
21.9 15.3
20.8 15.9
19.8 16.6
19.0 17.5
18.6 18.7
17.9 19.7
17.1 20.7
16.3 21.6
15.8 22.7
15.5 24.0
15.2 25.2
14.8 26.2
13.8 26.5
12.6 26.4
11.6 26.9
10.7 27.8
10.1 28.7
9.9 29.7
9.1 30.4
8.0 30.9
6.8 31.0
5.7 31.3
5.4 32.6
5.6 33.8
6.1 34.9
6.1 36.0
5.4 36.9
4.4 37.7
3.2 38.2
2.1 38.8
1.7 40.0
2.1 41.1
2.7 42.1
3.5 43.1
4.3 44.0
3.3 44.2
2.6 45.1
2.9 46.2
