45.0 4.0
44.0 3.6
43.2 2.9
42.1 2.6
41.0 2.7
40.1 3.5
39.9 4.5
39.9 5.7
39.5 6.8
38.9 7.9
38.2 8.7
37.1 9.0
35.9 9.0
34.7 8.9
33.5 9.2
32.3 9.7
31.3 9.9
30.2 9.6
29.1 9.5
27.9 9.9
26.7 10.5
25.6 11.2
24.3 11.7
23.2 11.5
22.1 11.0
21.1 10.8
19.8 11.1
18.6 11.7
18.1 12.7
18.4 13.7
19.1 14.7
19.3 15.9
18.9 17.0
18.2 17.9
17.3 18.8
16.3 19.7
15.3 20.6
14.4 21.5
13.7 22.6
12.9 23.6
11.9 24.4
10.9 25.3
10.0 26.3
9.1 27.2
8.1 28.0
7.1 28.9
6.3 29.7
6.4 31.2
6.1 32.5
5.2 33.4
4.2 34.2
3.1 34.9
2.2 35.7
1.8 37.1
1.6 38.4
1.3 39.5
1.4 40.7
2.0 41.7
2.6 42.9
3.1 44.1
3.7 45.2
