45.0 4.0
45.6 5.0
45.4 6.0
44.8 7.0
45.5 8.1
46.6 8.4
47.6 8.9
47.5 10.2
47.1 11.4
46.6 12.6
46.1 13.8
45.4 14.9
44.8 16.1
44.1 17.2
43.4 18.2
42.3 18.8
41.1 19.1
39.9 19.5
38.6 19.9
37.5 20.4
36.3 20.9
35.3 21.4
34.3 22.2
33.2 22.9
32.4 23.5
31.9 24.5
31.6 25.7
30.9 26.6
30.0 27.2
28.8 27.6
27.6 27.6
26.3 27.5
25.1 27.6
23.8 27.8
22.5 28.1
21.5 28.6
21.5 29.7
22.1 30.7
22.8 31.6
22.1 32.4
21.0 32.6
19.9 32.7
19.2 33.5
18.5 34.5
17.7 35.5
16.8 36.3
15.6 36.8
14.4 37.1
13.4 37.7
13.1 38.9
12.8 40.2
12.3 41.4
12.0 42.6
12.3 43.7
12.4 44.7
11.5 45.5
10.3 46.2
9.2 46.9
8.1 47.6
6.9 47.7
6.2 46.8
5.8 45.7
5.0 44.8
4.0 44.3
2.9 44.8
2.4 45.9
3.3 46.7
