17.5 33.0
16.7 33.7
16.9 34.9
17.0 36.1
17.8 36.7
18.7 37.3
19.4 38.3
20.2 39.0
21.3 39.5
22.3 39.6
23.5 39.0
24.3 38.2
25.4 37.6
26.4 37.2
27.0 36.4
27.3 35.2
27.3 34.0
27.2 32.7
27.3 31.4
27.5 30.1
27.9 28.8
28.0 27.5
27.4 26.5
26.5 25.6
26.1 24.3
26.2 23.2
26.6 22.0
27.1 20.8
27.5 19.5
27.8 18.3
28.0 17.0
28.2 15.7
28.3 14.5
27.9 13.5
27.2 12.4
26.5 11.3
25.8 10.3
25.6 9.3
25.9 8.3
26.5 7.3
26.1 6.2
25.2 5.5
24.5 4.5
24.0 3.6
22.9 3.2
21.7 3.4
20.6 3.9
19.4 4.2
18.1 4.3
16.9 4.2
15.8 3.7
14.9 2.9
13.7 2.6
12.5 2.8
11.3 3.3
10.5 4.0
9.9 5.0
9.3 6.2
8.7 7.3
8.5 8.4
8.7 9.6
8.6 10.8
8.3 12.1
8.5 13.2
9.3 14.2
10.3 14.6
11.4 14.9
12.4 15.7
12.8 16.9
12.6 18.1
12.1 19.1
11.2 19.9
10.5 20.9
9.9 21.8
8.9 22.4
7.8 22.9
6.9 23.7
6.1 24.8
5.5 25.9
5.1 27.1
4.8 28.4
4.5 29.7
4.4 31.0
4.2 32.3
