5.0 35.0
4.8 36.1
4.1 37.0
3.6 38.2
3.8 39.4
4.2 40.6
4.9 41.6
5.7 42.6
6.6 43.6
7.4 44.5
8.4 44.9
9.6 44.9
10.8 44.6
12.0 44.3
13.2 44.1
14.4 44.1
15.6 44.5
16.6 45.1
17.7 45.9
18.5 46.5
18.8 45.2
18.5 44.1
18.0 43.0
18.1 41.9
18.9 41.1
20.0 40.6
20.8 39.8
21.4 38.7
22.1 37.8
23.1 37.2
24.3 36.8
25.6 36.5
26.8 36.4
28.0 36.4
29.2 36.1
30.3 35.4
31.3 34.6
32.2 33.9
33.3 33.8
34.5 33.9
35.7 34.3
36.9 34.4
38.2 34.3
39.4 34.1
40.4 33.7
41.3 32.9
41.8 31.8
42.2 30.6
42.2 29.4
42.2 28.1
42.0 26.9
41.8 25.6
41.7 24.4
42.0 23.3
42.4 22.2
42.6 21.0
42.5 19.7
42.5 18.6
43.0 17.4
43.3 16.3
43.2 15.0
42.9 13.8
43.0 12.8
43.6 11.9
44.3 11.1
44.3 9.8
43.8 8.7
43.1 7.6
42.2 6.6
41.6 5.6
41.2 4.4
40.9 3.2
40.3 2.4
39.2 1.7
38.0 1.3
36.7 1.5
35.7 2.1
34.7 3.0
33.6 3.4
32.4 2.8
31.2 2.2
29.9 2.3
28.8 2.9
27.9 3.5
26.8 3.1
25.5 2.8
24.3 2.6
22.9 2.6
21.7 2.7
20.4 2.5
19.3 2.1
18.3 1.8
17.2 2.2
16.4 3.1
15.8 4.2
15.4 5.2
14.5 5.8
13.4 6.1
12.2 6.0
11.0 6.6
10.3 7.5
9.8 8.7
9.3 9.8
8.5 10.8
8.0 11.9
7.5 13.0
6.7 13.8
