35.0 4.0
35.5 5.1
36.0 6.1
37.1 5.9
37.9 7.0
38.5 8.1
38.5 9.2
37.9 10.2
37.2 11.2
36.5 12.4
35.9 13.5
35.3 14.6
34.5 15.4
33.4 16.1
32.6 17.2
32.3 18.4
32.4 19.5
32.8 20.7
33.4 21.9
33.8 23.1
33.9 24.3
34.0 25.7
33.9 27.0
33.7 28.2
33.2 29.3
32.4 30.4
31.9 31.4
31.7 32.6
31.1 33.7
30.3 34.7
29.4 35.6
28.4 35.9
27.2 35.9
26.2 36.1
25.3 36.8
24.6 37.9
24.1 39.1
23.7 40.3
23.4 41.3
22.3 41.6
21.2 41.2
20.2 40.5
19.0 40.2
17.8 40.2
16.5 40.4
15.3 40.2
14.1 40.0
12.9 39.6
12.0 40.4
11.8 41.5
12.0 42.8
12.8 43.8
13.9 44.2
15.0 44.3
