42.5 7.5
41.5 7.0
40.7 6.1
40.1 5.1
39.8 3.9
39.1 2.7
38.2 2.1
37.0 2.2
36.1 2.9
35.4 3.9
34.8 5.1
34.2 6.3
34.1 7.6
34.6 8.8
35.3 9.9
36.0 10.9
35.5 12.0
34.5 12.4
33.3 12.4
32.1 12.1
30.9 11.5
29.9 11.2
28.6 11.3
27.4 11.3
26.1 11.5
25.3 12.3
24.6 13.4
23.8 14.4
23.3 15.6
22.9 16.8
22.6 18.0
21.9 19.0
21.0 20.0
20.1 20.9
19.2 21.8
18.5 22.9
17.8 24.0
17.2 25.2
16.7 26.3
16.4 27.6
16.3 28.9
16.3 30.1
16.0 31.3
15.6 32.5
15.5 33.5
15.8 34.7
16.1 35.8
15.9 37.0
15.4 38.2
15.1 39.3
15.2 40.5
15.6 41.6
15.9 42.8
15.8 44.0
15.3 45.0
14.4 45.8
13.3 46.4
12.1 46.7
10.9 46.8
9.8 46.8
8.8 47.3
8.1 46.5
8.2 45.3
8.6 44.1
9.2 43.0
