4.0 46.0
5.0 45.8
4.0 45.6
4.2 44.5
3.6 43.4
3.8 42.4
4.8 42.1
6.1 42.1
7.4 42.3
8.6 42.4
9.7 42.5
10.8 41.8
11.5 40.9
12.7 40.8
13.8 41.3
14.7 42.1
15.6 43.0
16.6 43.4
17.5 42.9
18.3 42.0
18.8 40.9
19.4 40.0
20.4 39.4
21.6 39.0
22.9 38.9
24.2 38.9
23.8 39.9
23.2 40.8
24.1 41.4
25.3 41.4
26.6 41.2
27.9 41.3
29.1 41.5
30.4 41.8
31.7 42.0
33.0 42.2
34.0 41.9
35.0 41.2
35.7 40.3
36.6 39.7
37.8 39.7
38.9 40.1
40.0 40.7
41.0 41.0
42.2 40.9
43.3 40.4
44.4 39.7
45.1 38.9
45.5 37.7
45.7 36.4
45.7 35.2
45.6 33.9
45.4 32.6
45.1 31.4
44.7 30.3
43.9 29.4
42.9 28.5
41.7 28.2
40.6 28.5
39.5 28.8
38.3 28.6
37.2 28.2
35.9 28.1
34.6 28.2
33.5 28.2
32.4 27.7
31.4 27.0
30.6 26.1
30.0 24.9
29.6 23.7
29.0 22.7
28.2 21.9
27.2 21.8
26.1 22.1
25.0 22.8
24.0 23.2
23.5 22.3
23.3 21.1
23.0 20.0
22.3 18.9
21.7 17.9
21.3 16.8
21.4 15.7
21.4 14.4
21.2 13.1
21.1 11.9
21.8 10.9
22.9 10.5
23.5 9.7
23.5 8.6
23.1 7.4
22.5 6.2
21.9 5.2
21.0 4.7
19.8 4.6
18.5 4.8
17.2 5.1
15.9 5.3
14.9 5.1
13.9 4.5
13.1 3.8
11.8 3.5
10.8 3.9
9.8 4.7
9.0 5.7
8.0 5.8
6.8 5.5
5.5 5.3
