25.0 25.0
25.1 23.9
25.2 22.5
25.1 21.4
26.1 21.3
27.2 20.9
27.6 19.8
27.3 18.6
26.7 17.5
25.7 17.6
24.5 18.0
23.4 17.5
22.3 17.3
21.7 18.2
21.5 19.3
20.5 20.2
19.4 20.6
18.3 20.9
17.3 21.6
16.5 22.5
16.1 23.6
16.0 24.9
16.1 26.2
16.0 27.5
15.9 28.7
16.1 30.0
16.5 31.2
17.2 32.2
18.1 33.1
18.9 33.9
19.1 35.2
18.9 36.3
19.4 37.3
20.3 38.0
21.5 38.4
22.4 39.0
22.7 40.0
22.4 41.2
21.8 42.2
20.6 42.6
19.4 42.5
18.3 41.9
17.2 41.4
16.1 41.4
15.2 41.9
14.4 42.9
13.8 44.0
12.7 44.2
12.0 43.2
11.5 42.0
11.0 41.1
9.9 41.6
9.2 42.5
8.2 42.1
8.0 40.9
8.0 39.6
7.9 38.4
7.5 37.2
6.9 36.1
6.2 35.0
