45.0 4.0
44.5 2.9
44.2 3.9
44.6 5.0
45.3 5.9
46.3 6.8
47.4 7.4
48.2 8.1
48.3 9.1
47.9 10.2
47.3 11.3
46.7 12.2
46.8 13.4
47.3 14.5
47.8 15.7
48.1 16.9
47.5 17.8
46.5 18.4
45.6 19.3
45.0 20.4
44.4 21.4
43.6 22.4
42.5 23.3
41.4 23.7
40.2 24.0
39.0 24.5
38.0 25.3
37.1 26.1
36.4 27.1
35.7 28.2
34.8 29.1
33.8 29.8
32.8 30.5
31.9 31.4
31.1 32.4
30.2 33.3
29.2 34.1
28.1 34.9
27.1 35.6
26.0 36.0
24.9 36.2
24.1 37.1
23.4 38.2
22.5 39.2
21.5 39.8
20.4 40.1
19.5 39.6
19.2 38.5
18.0 38.1
17.0 38.7
16.1 39.5
15.1 40.2
13.9 40.5
12.6 40.6
11.6 41.3
11.3 42.4
11.5 43.7
12.5 44.6
13.7 44.9
14.9 44.9
