45.0 4.0
44.0 4.4
44.8 5.3
45.2 6.4
45.7 7.3
46.7 8.0
47.6 8.5
48.1 9.8
47.9 10.9
47.3 11.9
46.3 12.8
45.3 13.4
44.5 14.5
44.3 15.7
44.5 16.9
44.4 17.9
43.8 18.9
42.9 19.7
41.8 20.4
40.7 20.9
39.5 21.4
38.4 21.9
37.5 22.6
36.8 23.7
36.2 24.9
36.0 25.9
36.3 26.9
36.5 28.0
35.9 29.0
35.0 29.8
33.9 30.4
32.7 31.0
31.6 31.5
30.5 32.2
29.5 32.9
28.5 33.7
27.7 34.7
26.9 35.7
26.0 36.5
25.0 37.2
23.9 37.9
23.1 38.8
22.3 39.8
21.3 40.4
20.1 40.8
18.8 40.9
17.5 40.9
16.2 41.0
15.0 40.8
13.9 40.3
12.9 40.6
12.1 41.5
11.6 42.6
11.4 43.8
11.5 44.8
12.5 45.4
13.6 45.2
