3.5 25.0
4.0 23.9
5.0 24.1
5.5 25.0
5.8 26.2
6.4 27.3
7.2 28.2
8.1 28.7
9.3 29.0
10.6 29.1
11.9 29.1
13.1 28.6
13.8 27.7
14.4 26.5
15.3 25.6
16.3 25.1
17.6 25.0
18.8 25.2
20.0 25.5
20.8 24.5
20.9 23.3
21.4 22.1
21.9 21.0
22.0 19.7
21.7 18.6
21.3 17.5
21.4 16.5
21.8 15.3
22.5 14.3
23.0 13.2
23.3 12.0
23.5 10.7
24.3 9.8
25.4 9.6
26.3 9.0
26.4 7.8
25.9 6.6
25.8 5.4
25.8 4.1
25.0 3.3
24.0 3.8
23.1 4.6
22.0 5.2
20.8 5.5
19.5 5.5
18.2 5.5
17.0 5.1
15.8 4.7
14.5 4.4
13.2 4.1
11.9 3.7
10.7 3.4
9.8 4.5
9.2 5.3
8.2 5.4
7.0 5.1
5.8 4.5
4.7 3.8
