45.0 45.0
43.9 44.6
42.9 44.1
41.7 44.3
40.4 44.6
39.1 44.3
37.9 43.8
36.8 43.1
35.6 42.7
34.6 42.6
33.3 42.9
32.1 43.0
31.0 42.9
29.9 42.4
28.8 42.4
27.6 42.5
26.6 42.0
26.1 41.0
25.8 39.8
25.7 38.6
25.2 37.5
24.4 36.6
23.4 35.7
22.4 35.0
21.1 34.7
19.9 35.0
18.9 35.4
17.9 35.3
16.8 34.8
16.0 34.0
15.2 32.9
14.7 32.0
14.6 30.7
14.5 29.4
14.3 28.1
14.1 26.8
13.7 25.7
13.0 24.7
12.0 23.9
10.9 23.2
9.8 22.6
8.6 22.1
7.4 21.6
6.3 21.1
6.6 20.0
7.5 19.3
7.2 18.2
6.3 17.5
5.1 17.0
3.9 16.7
2.8 16.4
3.3 15.4
