45.0 45.0
45.4 43.8
45.0 42.7
44.3 41.8
44.2 40.6
44.5 39.5
45.2 38.4
46.0 37.5
46.3 36.3
46.0 35.2
45.5 34.1
45.1 32.9
44.9 31.6
44.9 30.3
45.0 29.0
45.1 27.8
44.9 26.7
44.2 25.6
43.3 24.8
42.2 24.3
40.9 23.9
39.8 23.5
39.6 22.5
39.8 21.5
39.0 20.5
38.0 19.9
36.7 19.5
35.5 19.2
34.2 18.9
32.9 18.6
31.6 18.3
30.4 18.1
29.1 17.8
27.9 17.4
26.9 16.7
25.9 15.9
25.1 14.9
23.8 14.5
22.6 14.6
21.6 13.9
21.5 12.7
20.6 11.8
19.3 11.8
18.3 12.4
17.2 12.5
16.1 12.1
15.1 11.4
14.1 11.2
13.1 11.7
12.3 12.6
11.6 13.6
11.0 14.7
10.0 15.2
8.9 15.1
7.8 14.5
6.8 14.0
