45.0 45.0
43.8 45.6
42.8 45.4
41.7 45.2
40.4 45.4
39.2 45.5
38.0 45.3
37.0 44.8
36.5 43.7
36.5 42.5
36.5 41.4
36.2 40.2
35.6 39.0
35.0 37.8
34.4 36.6
33.9 35.4
33.4 34.2
32.7 33.1
32.0 32.1
31.1 31.1
30.2 30.2
29.2 29.4
28.5 28.4
28.0 27.2
27.6 25.9
27.0 25.0
25.9 24.6
24.6 24.6
23.3 24.8
22.1 25.1
20.8 25.5
19.7 26.1
18.7 26.8
17.8 27.3
16.4 27.2
15.3 26.6
14.3 25.8
13.5 24.8
13.6 23.7
14.1 22.6
14.8 21.5
15.6 20.4
16.4 19.5
16.5 18.4
16.0 17.4
15.2 16.4
14.2 15.6
12.9 15.4
11.8 15.7
10.8 16.2
9.8 16.1
8.8 15.5
8.0 14.6
7.0 14.2
5.8 14.1
