45.0 45.0
45.7 44.2
45.3 42.9
45.1 41.7
45.9 40.6
46.6 39.7
47.0 38.6
46.7 37.5
45.9 36.7
44.7 36.2
43.5 35.8
42.5 35.3
41.8 34.3
41.2 33.2
40.7 32.2
39.8 31.7
38.7 31.9
37.6 31.5
36.9 30.6
36.5 29.5
36.0 28.2
35.4 27.2
34.5 26.3
33.7 25.3
33.1 24.2
32.7 23.0
32.4 21.7
31.3 21.8
30.2 21.9
29.3 21.3
28.2 20.7
27.0 20.3
26.0 19.6
25.1 18.7
24.2 17.7
23.5 16.8
23.4 15.5
23.0 14.3
22.1 13.6
21.1 13.3
20.0 13.6
18.9 14.2
17.6 14.0
16.9 13.1
16.5 11.9
16.4 10.8
15.4 10.6
14.2 10.8
13.0 11.2
11.8 11.8
10.7 12.3
9.6 12.5
8.6 13.1
7.9 14.1
7.0 14.8
5.8 15.2
