41.5 41.0
42.5 41.1
43.4 42.1
42.8 43.2
41.7 43.4
40.7 43.8
40.0 44.7
39.6 45.9
39.0 46.7
38.0 47.2
36.7 47.4
35.4 47.5
34.3 47.8
33.1 48.2
31.8 48.6
30.5 48.5
29.7 47.9
28.9 47.0
27.6 46.7
26.5 46.9
25.3 46.7
24.1 46.2
22.9 46.3
21.9 46.9
20.6 47.3
19.4 47.2
18.3 46.8
17.2 46.2
16.2 45.4
15.6 44.4
15.2 43.2
15.0 41.9
14.7 40.6
14.2 39.5
13.6 38.5
12.6 37.8
11.4 37.4
10.4 36.8
9.5 35.9
9.0 34.9
9.0 33.8
9.3 32.6
9.5 31.6
9.2 30.6
8.5 29.6
7.8 28.7
7.7 27.7
8.0 26.5
8.7 25.4
8.8 24.1
8.3 23.0
7.4 22.1
6.9 21.0
7.1 20.0
7.8 19.2
8.7 18.3
9.7 17.5
10.3 16.6
9.9 15.4
9.0 14.6
8.3 13.8
8.1 12.7
8.2 11.5
8.7 10.4
9.6 9.5
9.7 8.5
