41.5 41.0
42.6 41.4
43.3 42.2
42.9 43.3
41.9 43.6
40.7 43.8
39.6 44.4
38.6 45.2
37.5 45.8
36.5 46.3
35.4 46.0
34.5 45.2
33.7 44.2
33.1 43.1
32.6 42.1
31.8 41.0
31.3 39.9
30.9 38.7
30.1 38.0
29.0 37.9
27.8 38.1
26.7 37.7
25.7 36.8
24.8 36.1
24.2 35.0
23.8 33.8
23.4 32.7
22.8 31.6
21.7 30.9
20.5 31.0
19.3 30.9
18.3 30.6
17.6 29.8
17.2 28.7
16.3 27.6
15.3 27.0
14.1 26.6
13.1 26.2
12.3 25.3
11.8 24.2
11.7 23.1
12.7 22.7
13.5 21.8
13.0 20.8
12.6 19.6
12.0 18.8
10.9 18.6
9.8 18.8
8.7 19.4
7.5 19.4
6.7 18.3
6.3 17.1
6.2 16.0
6.5 14.8
7.0 13.7
7.7 12.6
8.0 11.4
8.2 10.1
