41.5 41.0
42.7 41.0
43.7 40.1
44.1 39.1
44.1 37.9
43.9 36.7
44.2 35.6
44.7 34.5
45.0 33.4
44.3 32.2
43.4 31.5
42.4 30.9
41.9 29.8
42.0 28.6
42.5 27.4
42.9 26.1
43.0 24.9
42.9 23.6
42.5 22.3
42.0 21.2
41.3 20.2
40.4 19.4
40.0 18.1
40.0 17.0
39.5 15.8
38.6 14.9
37.6 14.3
36.7 13.6
36.2 12.5
35.9 11.3
35.5 10.0
35.1 8.8
35.1 7.6
35.3 6.3
34.6 5.2
33.5 4.8
32.3 4.7
31.2 4.4
30.1 3.8
29.1 3.5
27.9 3.6
26.7 3.9
25.6 3.9
24.4 3.6
23.3 3.0
22.0 2.6
20.9 2.9
19.8 3.4
18.6 4.0
17.4 4.4
16.1 4.7
14.9 5.0
14.0 5.5
13.3 6.4
12.6 7.4
11.6 8.2
10.5 8.9
9.3 8.6
