4.0 17.5
4.9 18.4
5.5 19.2
6.5 19.7
7.7 19.8
9.0 19.7
10.0 20.7
10.6 21.9
11.3 22.9
12.2 23.6
13.4 24.1
14.5 24.2
15.6 23.9
16.7 23.3
17.6 22.6
18.6 22.7
19.6 22.9
20.6 22.5
21.5 21.8
21.9 20.8
22.0 19.5
22.1 18.2
22.2 16.9
22.3 15.6
22.3 14.3
22.6 13.1
23.2 12.0
24.0 11.1
25.1 10.5
26.3 10.2
27.4 10.1
28.2 9.3
28.5 8.2
28.6 7.2
29.5 6.2
30.6 5.9
31.8 5.7
33.0 5.4
34.1 5.6
35.2 5.7
36.5 5.6
37.8 5.7
39.0 5.9
40.0 6.5
40.9 7.4
41.7 8.4
42.0 9.5
42.0 10.8
41.7 12.1
41.3 13.3
41.2 14.5
41.4 15.7
42.0 16.9
42.0 18.2
41.5 19.3
41.1 20.6
40.8 21.8
40.6 23.1
40.2 24.3
39.8 25.5
39.6 26.5
40.4 27.3
41.3 28.1
42.2 28.6
43.3 28.8
44.3 29.3
45.1 30.3
45.7 31.4
