4.0 17.5
5.3 17.5
6.4 17.6
7.7 17.7
8.9 18.0
10.0 18.5
10.7 19.3
10.8 20.4
10.3 21.5
9.6 22.5
8.8 23.5
8.3 24.7
7.9 25.9
7.7 27.1
8.5 27.8
9.6 27.8
10.7 27.8
11.7 28.4
13.0 28.2
13.9 27.5
14.9 27.1
16.1 27.0
17.3 27.3
18.5 27.6
19.8 27.7
21.1 27.5
22.4 27.2
23.4 27.9
23.5 29.2
23.3 30.4
22.9 31.7
22.4 32.9
22.4 34.1
22.9 35.3
23.5 36.4
24.4 37.3
25.5 38.1
26.6 38.8
27.8 39.0
29.1 39.0
30.4 38.9
31.7 38.7
32.8 38.6
33.8 38.9
34.8 39.6
35.9 40.2
37.0 40.7
37.5 41.7
37.6 42.9
37.4 44.1
38.1 45.2
39.2 45.6
40.4 45.3
41.2 44.4
41.3 43.3
41.3 42.1
41.7 40.8
42.2 39.6
42.8 38.7
43.8 38.0
44.7 37.3
45.4 36.4
46.0 35.2
46.4 34.0
