8.5 30.0
9.6 30.5
10.1 31.5
10.3 32.7
10.2 34.0
10.6 35.0
11.6 35.7
12.8 36.1
14.0 36.6
15.1 37.3
16.1 38.1
17.1 38.8
18.3 39.3
19.5 39.8
20.7 40.4
21.9 41.0
23.0 41.6
24.2 42.2
25.4 42.7
26.6 43.2
27.7 43.3
28.9 43.1
30.1 42.7
31.3 42.1
32.4 41.4
33.5 40.6
34.4 39.7
35.4 38.8
36.3 37.8
37.1 36.8
37.7 35.8
38.4 34.8
39.3 33.9
40.4 33.2
41.5 32.6
42.4 31.8
42.5 30.8
42.3 29.6
41.8 28.6
42.0 27.6
42.6 26.6
43.0 25.6
43.2 24.3
43.1 23.0
42.8 21.8
42.3 20.6
41.9 19.5
42.0 18.5
42.6 17.4
42.7 16.1
42.2 15.1
41.5 14.0
40.8 12.9
40.2 11.8
40.0 10.6
40.1 9.4
