45.0 46.0
46.2 46.1
47.4 45.8
47.8 44.8
47.9 43.6
47.7 42.4
47.9 41.1
48.3 39.9
48.4 38.9
47.9 37.9
47.1 37.1
46.4 36.3
45.7 35.1
45.1 34.0
44.6 32.8
44.3 31.7
44.5 30.5
44.3 29.3
43.6 28.5
42.5 27.8
41.4 27.1
40.2 26.5
39.1 25.9
38.1 25.2
37.3 24.3
36.5 23.3
35.8 22.2
35.1 21.2
34.2 20.3
33.3 19.7
33.3 18.5
33.9 17.5
34.0 16.5
33.7 15.3
33.1 14.4
32.1 13.8
31.0 13.3
30.1 12.5
29.3 11.6
28.0 11.8
27.0 12.6
26.0 13.5
25.5 14.4
25.4 15.6
25.5 16.9
25.7 18.2
26.0 19.4
26.3 20.7
26.6 22.0
26.6 23.2
26.0 24.0
