45.0 46.0
45.3 44.8
44.7 43.9
44.1 43.0
45.0 42.2
46.1 41.8
47.3 41.8
47.8 40.7
47.5 39.6
46.7 38.7
45.8 37.8
44.7 37.1
44.2 36.0
44.3 34.9
44.5 33.7
44.5 32.4
44.4 31.3
43.8 30.4
42.8 29.7
41.8 29.1
40.9 28.1
40.4 27.0
40.0 25.7
39.7 24.5
39.1 23.7
38.1 23.0
36.9 22.5
35.7 22.3
34.5 21.7
33.9 20.7
33.6 19.5
33.1 18.3
32.8 17.0
32.6 15.7
32.7 14.4
32.8 13.2
32.0 12.3
30.9 12.3
29.7 12.6
28.7 13.1
27.6 13.1
26.5 12.8
25.4 12.1
24.6 11.2
23.9 10.4
22.9 9.9
21.8 9.8
20.7 10.2
19.6 10.9
18.7 11.9
17.9 12.9
17.2 14.0
16.7 15.2
17.0 16.2
18.0 16.7
18.9 17.3
19.7 18.2
20.3 19.3
20.5 20.3
20.3 21.4
20.1 22.4
21.0 23.3
22.2 23.7
23.5 23.9
24.7 23.8
