8.0 42.0
9.1 42.2
10.0 42.7
10.2 41.4
9.7 40.3
9.0 39.3
8.1 38.5
7.4 37.5
6.7 36.6
5.6 35.9
4.5 35.5
3.2 35.3
3.1 34.1
3.9 33.2
4.9 32.5
6.0 32.0
7.1 31.4
6.9 30.1
6.9 28.8
7.4 27.8
8.2 26.8
8.7 25.6
9.1 24.5
9.9 23.7
10.8 22.7
11.6 21.7
12.5 20.7
13.5 19.8
14.3 18.8
15.1 17.7
15.8 16.6
16.5 15.5
17.3 14.5
18.3 13.7
19.6 13.3
20.8 13.4
22.0 13.8
23.3 13.9
24.6 13.9
25.9 13.8
27.2 13.8
28.4 13.8
29.7 14.1
30.8 14.6
32.0 15.2
32.9 15.9
33.5 16.9
34.2 18.0
35.0 19.0
35.9 20.0
36.8 21.0
37.8 21.8
38.9 22.6
40.0 23.3
41.2 23.9
