4.0 17.5
5.0 16.9
6.2 16.3
7.3 15.9
8.6 15.8
9.6 15.7
10.5 14.7
11.1 13.6
11.3 12.5
11.1 11.4
10.5 10.3
10.2 9.3
10.3 8.1
10.9 6.9
11.6 5.8
12.3 4.9
13.4 4.7
14.6 5.2
15.8 5.4
17.0 5.4
18.3 5.3
19.6 5.4
20.9 5.4
21.9 5.3
22.7 4.6
23.3 3.6
23.8 2.6
25.0 2.7
26.1 3.4
27.0 4.1
28.1 4.6
29.4 5.0
30.6 5.5
31.9 5.8
33.2 5.8
34.4 5.6
35.6 5.2
36.8 4.6
38.0 4.1
39.2 3.7
40.3 3.3
41.3 4.0
41.6 5.2
41.8 6.4
42.1 7.7
42.2 9.0
42.1 10.2
41.8 11.4
41.4 12.7
41.5 13.9
42.2 14.8
43.2 15.4
44.3 15.8
45.0 16.8
45.0 17.9
44.5 18.8
43.2 19.2
41.9 19.4
40.6 19.4
39.3 19.5
39.5 20.8
40.3 21.7
40.5 22.9
39.9 23.8
38.8 24.6
38.0 25.6
37.8 26.8
38.2 27.9
39.1 28.5
40.3 28.8
41.6 28.9
42.8 28.8
43.8 29.3
44.3 30.2
44.4 31.4
44.6 32.6
45.1 33.6
45.4 34.7
45.1 35.8
44.3 36.7
43.4 37.7
42.5 38.6
41.6 39.6
40.6 40.1
39.3 39.6
38.2 39.0
36.9 38.8
35.8 38.5
34.8 37.7
34.0 36.9
32.9 37.3
32.2 38.2
31.3 38.8
30.3 38.7
29.0 38.3
27.7 37.6
26.9 36.9
25.8 36.7
24.8 37.2
23.8 38.1
23.1 39.0
22.6 40.1
21.4 39.7
20.2 39.9
19.2 40.9
18.8 42.0
18.7 43.3
18.3 44.5
