4.0 17.5
5.1 17.4
6.1 16.9
7.1 16.2
7.9 15.2
8.8 14.3
9.8 13.5
10.8 12.7
11.5 11.8
12.0 10.7
12.1 9.4
12.1 8.1
12.0 6.8
11.9 5.4
12.5 4.6
13.7 4.6
15.0 4.7
16.3 5.0
17.6 5.0
18.7 5.1
19.7 5.6
20.8 6.3
21.9 7.0
22.8 7.9
23.7 8.8
24.8 9.0
26.0 8.6
27.1 9.2
27.3 10.4
27.2 11.7
27.1 12.9
27.4 14.1
27.9 15.3
28.4 16.6
28.6 17.8
28.6 19.1
28.4 20.4
28.0 21.5
27.4 22.6
26.8 23.6
26.6 24.7
26.8 25.9
27.2 27.2
27.6 28.4
27.8 29.6
27.7 30.8
27.5 32.1
27.2 33.3
27.0 34.6
26.8 35.9
26.6 37.1
26.0 38.3
24.9 38.9
23.7 39.3
22.5 39.5
21.3 39.9
20.1 40.3
19.1 40.4
18.3 39.4
17.9 38.2
17.8 37.1
16.6 37.7
15.9 38.7
15.4 39.8
15.0 40.9
15.1 42.0
15.5 43.3
15.9 44.5
16.3 45.7
