17.5 17.5
16.7 18.2
15.9 17.3
14.9 16.9
13.7 17.1
12.5 17.5
11.6 18.2
11.0 19.2
10.6 20.4
10.3 21.7
9.8 22.8
9.1 23.8
8.1 24.6
7.1 25.3
6.0 26.0
5.3 27.1
5.1 28.4
5.2 29.7
5.3 31.0
5.6 32.3
5.5 33.6
4.8 34.5
3.8 35.3
3.2 36.3
3.3 37.5
3.8 38.7
5.0 39.1
6.1 39.0
7.3 38.5
8.4 38.6
9.3 39.3
9.9 40.3
11.1 40.4
12.0 39.7
12.9 39.1
13.9 39.8
14.9 40.8
15.8 41.7
16.7 42.7
17.5 43.6
18.7 43.2
19.3 42.2
19.9 41.3
21.0 40.7
22.2 40.4
23.5 40.3
24.7 40.3
25.9 40.6
27.1 40.9
28.4 41.0
29.6 41.1
30.9 41.3
32.2 41.5
33.3 41.4
34.3 40.8
35.2 39.9
35.9 38.9
36.5 38.0
37.6 37.7
38.7 38.0
39.7 38.6
40.6 39.4
41.9 39.7
43.2 39.4
44.3 38.8
45.2 38.0
45.9 36.9
46.3 35.7
46.6 34.4
46.7 33.1
46.5 31.8
46.2 30.6
45.7 29.4
45.1 28.2
44.5 27.0
44.0 25.9
43.4 24.7
42.9 23.5
42.3 22.4
41.6 21.3
41.1 20.3
41.2 19.0
41.8 17.9
42.7 17.1
43.9 16.6
45.1 16.2
