41.5 8.5
40.9 9.3
39.8 8.9
38.6 8.8
37.3 8.9
36.0 9.1
34.7 9.3
33.4 9.4
32.3 9.4
31.1 8.9
30.0 8.4
28.8 8.1
27.5 8.1
26.2 8.4
25.0 8.7
23.8 9.1
22.5 9.3
21.3 9.4
20.1 9.1
19.1 8.7
17.9 9.2
17.1 10.2
16.4 11.0
15.4 11.4
14.2 11.4
13.1 11.5
12.8 12.6
12.8 13.8
12.5 14.9
11.7 15.8
10.7 16.6
9.9 17.5
9.3 18.4
9.2 19.6
9.3 20.8
9.3 21.9
8.8 23.0
8.0 24.0
7.4 24.8
8.0 26.0
8.7 26.9
9.1 28.1
9.2 29.4
9.1 30.7
9.0 31.8
9.3 33.0
9.9 34.0
10.8 34.9
11.7 35.8
12.7 36.6
13.7 37.4
14.9 37.9
16.1 38.1
17.1 38.2
17.8 39.3
