41.5 8.5
40.3 8.1
39.1 7.7
37.9 7.6
36.8 7.4
35.8 6.7
34.8 7.3
34.8 8.5
34.0 9.4
32.9 9.7
31.6 9.6
30.3 9.3
29.1 8.8
27.8 8.4
26.6 7.9
25.5 7.2
24.6 6.6
23.6 6.5
22.5 6.9
21.4 7.5
20.4 8.2
19.2 8.4
18.1 8.2
16.9 8.4
15.9 9.1
15.0 10.0
14.2 11.0
13.4 12.0
12.7 13.1
12.0 14.2
11.7 15.4
11.3 16.5
10.2 17.4
9.3 17.9
9.1 19.0
8.8 20.1
8.2 21.2
7.6 22.3
7.1 23.5
6.7 24.7
6.8 25.7
7.3 26.8
8.0 27.7
8.6 28.8
8.8 30.0
8.8 31.4
8.9 32.5
9.6 33.6
10.7 34.1
11.4 35.3
11.4 36.5
12.3 37.4
13.5 37.7
14.6 37.7
15.3 38.5
15.5 39.6
15.9 40.7
16.6 39.9
17.6 39.4
18.7 39.4
