41.5 8.5
42.0 7.5
41.4 6.5
40.3 6.2
39.2 6.6
38.1 7.4
37.2 8.2
36.4 9.2
35.2 10.0
34.1 10.6
33.2 11.5
32.4 12.1
31.3 12.3
30.1 12.1
29.0 11.9
27.8 12.1
26.6 12.5
25.5 13.1
24.5 13.7
23.3 13.7
22.1 13.4
21.0 13.4
20.2 14.1
19.5 15.2
18.4 16.1
17.3 16.4
16.4 16.9
15.8 17.8
15.3 19.0
15.0 20.3
14.7 21.5
14.0 22.5
13.1 23.4
12.2 24.1
11.7 25.2
10.5 25.6
9.2 25.6
8.1 26.0
7.4 27.1
7.3 28.3
8.0 29.3
9.0 30.2
10.0 31.0
10.7 32.0
11.1 33.2
11.3 34.4
11.5 35.7
12.0 36.8
12.8 37.9
13.7 38.8
14.7 39.8
15.6 40.5
16.6 40.7
