33.5 17.5
32.5 18.2
32.7 19.2
33.9 19.3
35.1 19.0
36.4 18.5
37.5 17.9
38.4 17.4
37.5 16.8
38.5 16.3
39.7 15.8
40.7 15.7
40.5 14.7
40.6 13.4
40.9 12.2
41.2 10.9
41.3 9.6
41.2 8.6
40.6 7.5
39.7 6.6
38.6 5.8
37.4 5.3
36.2 5.0
34.9 4.9
33.6 4.9
32.4 5.2
31.0 5.4
29.7 5.6
28.6 6.1
28.1 7.1
27.9 8.3
27.9 9.5
28.0 10.8
28.1 12.0
28.0 13.3
26.9 14.1
25.7 14.1
24.6 14.7
23.9 15.7
23.3 16.9
22.6 18.0
22.0 19.2
21.4 20.3
21.1 21.5
20.9 22.8
20.7 24.1
20.1 25.1
19.0 25.7
17.7 25.9
16.5 26.0
15.4 25.6
14.8 24.7
14.4 23.6
13.6 23.0
12.5 22.7
11.2 22.7
9.9 22.8
8.7 23.0
7.5 22.8
6.5 23.0
5.5 23.5
4.6 24.4
