12.5 37.5
13.2 37.5
13.7 37.6
14.4 37.7
15.2 37.9
15.8 38.3
16.3 38.8
16.6 39.2
17.1 39.8
17.7 40.3
18.4 40.6
19.2 40.8
20.0 40.9
20.8 40.7
21.6 40.4
22.4 40.0
23.1 39.6
23.8 39.2
24.6 39.0
25.4 38.9
26.2 39.0
27.1 39.1
27.9 39.4
28.7 39.8
29.5 40.1
30.3 40.5
31.0 40.4
31.5 40.0
31.9 39.3
32.3 38.5
32.8 37.8
33.2 37.0
33.6 36.3
33.8 35.7
33.7 34.9
33.5 34.2
33.1 33.5
32.6 32.8
32.3 32.4
32.5 31.7
33.1 31.4
33.9 31.2
34.5 31.0
35.0 30.5
35.4 29.9
35.6 29.1
35.7 28.3
35.7 27.5
35.5 26.7
35.1 25.9
34.7 25.2
34.5 24.4
34.4 23.5
34.3 22.7
34.3 21.9
34.3 21.0
34.2 20.1
34.1 19.3
34.0 18.4
33.8 17.6
33.7 17.1
33.6 16.6
33.9 16.1
34.4 15.5
35.0 15.0
35.8 14.7
36.6 14.4
37.4 14.3
37.1 13.6
37.5 12.5
