20.0 30.0
21.0 30.3
21.2 31.6
20.8 32.7
20.2 33.8
19.4 34.9
18.7 35.7
18.8 36.7
19.6 37.5
19.8 38.5
19.3 39.4
18.3 40.1
17.4 40.8
16.6 41.9
15.9 43.0
15.4 44.2
14.9 45.3
14.0 45.9
12.8 46.0
11.5 45.7
10.3 45.2
9.5 44.6
9.0 43.6
8.9 42.3
9.3 41.0
9.9 40.0
10.9 39.4
11.7 38.6
11.8 37.3
11.2 36.1
11.1 34.8
11.0 33.5
10.8 32.2
10.9 31.0
11.6 30.1
12.2 29.1
12.1 28.1
11.6 27.1
11.6 25.9
11.8 24.7
12.3 23.5
12.6 22.4
12.5 21.2
12.0 20.1
11.6 18.8
11.5 17.5
11.7 16.4
12.0 15.1
12.3 14.0
12.0 12.9
11.4 11.8
10.6 11.1
9.5 11.3
