4.0 37.0
5.1 36.9
5.5 35.9
5.3 34.8
6.0 33.7
6.5 32.6
6.6 31.3
6.6 30.1
7.5 29.4
8.6 29.5
9.8 30.0
10.9 30.4
12.2 30.7
13.5 30.9
14.7 30.8
15.8 30.4
16.5 31.2
16.1 32.2
15.3 33.2
14.3 34.0
14.8 34.9
15.9 35.3
17.1 35.5
18.4 35.4
19.7 35.3
21.0 35.0
22.2 34.6
23.3 34.4
24.6 34.4
25.8 34.6
26.9 34.8
28.0 34.5
29.0 33.8
29.9 32.9
30.7 31.9
31.7 30.9
32.6 30.1
33.6 29.9
34.8 30.0
35.7 29.5
36.0 28.4
36.7 27.2
37.7 26.5
38.9 26.1
40.0 25.7
40.4 24.6
40.0 23.6
39.5 22.7
40.0 21.6
41.0 20.9
42.1 20.4
43.1 19.8
43.8 18.8
44.3 17.7
44.6 16.5
44.8 15.2
45.3 14.0
