4.0 37.0
3.4 35.9
2.5 35.1
2.3 34.0
2.8 33.0
3.7 32.2
4.8 31.6
6.0 31.1
7.3 30.6
8.5 30.3
9.8 29.9
11.1 29.5
12.1 29.2
13.3 29.8
14.5 30.4
15.5 31.1
16.4 32.1
17.1 33.1
17.7 34.3
18.3 35.2
19.4 34.4
20.6 34.0
21.9 33.9
23.2 33.9
24.5 34.0
25.5 33.8
26.2 32.9
26.6 31.7
26.7 30.5
27.0 29.4
27.9 28.9
29.0 28.9
30.2 28.7
30.7 27.8
30.8 26.6
30.5 25.4
30.1 24.3
30.2 23.3
31.0 22.5
32.1 22.1
33.3 21.8
34.6 21.8
35.9 21.8
37.1 21.8
38.2 21.5
39.1 20.8
40.1 20.0
41.2 19.7
42.5 19.6
43.6 19.4
44.2 18.4
44.0 17.3
43.7 16.1
43.7 14.8
43.8 13.6
44.0 12.3
