4.0 37.0
5.0 37.2
3.7 37.7
2.5 38.0
2.0 38.9
2.3 40.1
3.0 41.1
4.0 41.9
4.9 42.8
5.7 43.8
6.4 44.8
7.0 46.0
7.3 47.1
8.3 47.6
9.4 47.2
9.5 46.0
9.2 44.9
9.4 43.8
9.9 42.7
10.6 41.7
11.4 40.7
12.3 39.8
13.3 38.9
14.3 38.1
15.1 37.1
15.8 36.0
16.5 35.1
17.6 34.4
18.7 33.8
19.8 33.4
21.0 33.6
22.0 34.4
22.9 35.4
23.6 36.5
24.2 37.4
25.2 38.0
26.4 38.2
27.5 38.1
28.4 37.1
29.2 36.4
30.2 35.8
30.7 34.6
30.8 33.4
31.1 32.2
31.7 31.0
32.4 30.0
33.1 28.9
34.1 27.9
35.2 27.4
36.4 27.3
37.5 27.0
38.4 26.2
39.1 25.3
39.5 24.2
39.6 23.0
39.5 21.7
40.0 20.6
41.0 19.9
42.1 19.4
43.0 18.6
43.6 17.6
44.2 16.4
44.6 15.2
44.9 13.9
