25.0 46.0
25.6 45.1
24.7 44.4
23.6 44.1
22.6 43.8
21.8 43.1
21.4 42.1
21.5 40.7
22.1 39.8
23.1 39.0
23.6 37.9
23.2 36.8
22.5 36.0
21.6 35.1
20.8 34.1
20.2 32.9
19.2 32.2
18.0 32.0
16.8 31.5
16.2 30.6
15.7 29.5
14.9 28.8
13.8 28.2
12.6 27.9
11.3 27.8
10.3 27.1
9.8 26.1
9.6 24.8
9.3 23.6
9.1 22.3
8.8 21.2
8.1 20.2
7.2 19.5
6.2 18.7
5.5 17.7
4.9 16.5
4.4 15.4
4.1 14.2
4.0 12.9
3.5 11.8
2.5 11.0
1.8 10.0
2.0 8.9
2.6 7.8
3.3 6.8
4.2 5.9
5.1 5.0
5.9 4.1
6.6 3.0
7.5 2.2
8.7 2.6
9.5 3.3
9.8 4.4
9.6 5.6
9.8 6.7
10.3 7.8
11.0 8.9
11.8 9.9
12.5 10.8
13.3 12.0
13.9 13.1
