47.0 46.0
46.8 45.0
46.1 44.0
45.8 42.7
46.2 41.6
46.7 40.5
46.7 39.3
46.1 38.3
45.2 37.4
44.7 36.3
44.4 35.2
44.5 33.9
44.7 32.7
45.1 31.5
45.4 30.3
45.3 29.0
45.0 27.8
44.2 26.9
43.0 26.7
41.7 26.7
40.4 27.0
39.2 27.3
38.2 27.6
37.4 26.9
37.1 25.7
37.1 24.5
36.1 24.4
35.1 24.6
34.0 24.2
33.1 23.6
32.0 23.4
30.8 23.5
29.5 23.5
28.2 23.3
26.9 23.1
25.6 22.8
24.9 22.0
25.4 20.8
26.2 20.0
26.3 18.7
25.9 17.5
25.1 16.4
24.7 15.2
24.9 14.0
25.4 12.9
25.7 11.8
25.2 10.8
24.2 10.1
23.4 9.4
22.9 8.3
22.6 7.0
22.4 5.9
21.4 4.8
20.4 4.4
19.3 4.5
18.2 5.0
17.1 5.6
15.9 5.8
14.7 5.8
13.4 5.5
12.1 5.3
10.7 5.2
9.4 5.1
8.1 4.9
6.8 4.8
5.8 4.6
4.9 3.7
4.4 2.5
