35.0 33.5
34.0 33.9
33.6 32.9
34.1 31.9
35.1 31.3
35.8 30.5
35.8 29.3
35.7 28.1
36.0 27.0
35.6 26.0
34.6 25.9
33.4 26.3
32.2 26.8
31.1 27.4
30.1 28.2
29.3 29.2
28.6 30.3
28.0 31.4
27.5 32.5
26.5 33.2
25.5 33.0
24.9 32.0
23.8 31.3
22.6 31.0
21.3 30.9
20.2 30.7
19.2 29.8
18.9 28.6
18.5 27.4
17.9 26.2
17.4 25.0
17.1 23.8
16.9 22.5
15.6 22.3
14.4 22.7
13.1 23.1
12.1 23.7
12.3 25.0
12.9 26.0
13.8 26.9
14.3 28.0
14.6 29.2
14.9 30.5
15.2 31.8
15.4 33.1
15.7 34.4
15.8 35.5
15.4 36.5
15.0 37.6
14.2 38.4
13.2 39.0
12.4 40.1
12.5 41.3
13.1 42.4
13.5 43.5
