42.5 25.0
42.2 26.0
41.1 26.7
39.9 27.1
38.6 27.4
37.4 27.4
36.2 27.1
35.1 26.5
34.0 26.2
33.1 26.9
32.4 27.9
31.6 28.8
30.6 29.4
29.4 29.8
28.4 30.3
27.2 30.6
25.9 30.9
24.7 31.3
23.7 31.9
22.7 32.9
21.9 33.8
21.3 34.8
21.1 36.1
20.9 37.4
20.7 38.6
20.1 39.6
19.2 40.4
18.1 41.0
17.1 41.3
15.8 41.2
14.6 40.7
13.6 40.1
12.6 39.2
11.7 38.3
10.7 37.5
10.2 36.6
10.0 35.4
10.2 34.1
10.2 33.0
9.7 32.1
8.8 31.3
7.8 30.7
7.8 29.5
8.4 28.5
8.8 27.3
9.0 26.1
8.9 24.8
8.7 23.5
8.6 22.2
8.3 21.0
7.9 19.8
7.6 18.8
8.3 17.6
9.3 16.9
10.4 16.3
9.8 15.4
8.7 14.9
7.7 14.5
7.4 13.2
7.7 12.1
8.3 10.9
9.0 9.8
9.1 8.6
