25.0 25.0
24.1 24.3
23.1 23.6
22.4 22.6
22.0 21.4
21.8 20.2
21.8 18.9
22.2 17.8
23.0 16.9
23.1 15.9
22.1 14.9
21.5 14.1
21.3 13.0
21.6 11.8
22.1 10.6
22.5 9.4
22.8 8.2
23.1 7.1
22.9 5.9
22.4 4.9
21.5 4.4
20.3 4.5
19.1 4.9
18.1 5.4
16.9 5.2
16.1 4.4
15.1 3.6
13.9 4.2
13.0 5.1
12.2 6.0
11.4 7.0
10.5 7.9
9.6 8.7
9.1 9.8
8.9 11.0
8.3 12.0
8.3 13.4
8.8 14.5
9.6 15.2
10.4 15.8
10.5 17.0
10.0 18.2
9.9 19.4
10.1 20.6
10.0 21.9
9.5 23.1
9.2 24.3
8.9 25.6
8.6 26.9
8.1 28.0
7.3 28.7
6.1 29.3
5.0 29.6
4.1 30.6
3.8 31.8
4.0 33.0
4.6 34.1
5.0 35.3
5.1 36.6
5.1 37.8
5.4 38.9
6.1 40.0
7.0 40.9
7.8 41.6
8.9 41.7
10.2 41.4
11.4 40.9
12.4 40.1
13.4 39.3
14.4 38.3
15.2 37.5
16.2 37.4
17.3 37.8
18.4 38.1
19.6 38.6
20.4 39.5
21.0 40.6
21.9 41.3
23.1 41.4
24.3 41.2
25.5 40.8
26.7 40.3
27.9 39.7
29.1 39.1
30.3 38.7
31.6 38.6
32.9 38.6
33.8 39.3
34.0 40.3
33.8 41.5
33.4 42.7
32.9 43.7
33.3 44.7
