47.0 17.5
46.9 18.6
46.0 19.1
44.8 19.4
43.5 19.3
42.3 19.1
41.5 20.0
41.6 21.2
41.6 22.4
41.3 23.4
40.4 24.3
39.9 25.3
39.7 26.5
39.4 27.6
38.5 28.1
37.3 28.1
36.0 28.4
34.8 28.7
35.5 27.8
35.4 26.8
34.4 26.5
33.2 26.5
32.0 26.9
30.8 27.2
29.5 27.4
28.3 27.5
27.3 27.2
26.4 26.5
25.6 25.5
25.0 24.4
24.5 23.2
24.2 22.0
23.9 20.7
23.7 19.5
23.8 18.2
24.0 17.0
24.4 15.8
24.4 14.7
23.5 13.6
22.8 12.5
22.8 11.3
23.0 10.0
23.6 8.8
24.6 8.2
25.8 7.9
27.0 7.9
28.1 7.4
29.1 6.6
30.0 5.6
30.8 4.6
31.7 3.6
32.6 2.6
