45.0 46.0
45.1 44.9
45.0 43.8
45.3 42.8
46.4 42.1
47.4 41.7
47.7 40.6
47.4 39.4
46.8 38.4
46.4 37.3
46.3 36.1
45.9 34.9
45.1 33.8
44.3 32.7
43.6 31.6
42.8 30.8
41.7 30.1
40.6 29.7
39.4 29.3
38.1 29.1
36.8 29.0
35.4 29.1
34.1 29.3
33.1 29.7
32.2 30.6
31.6 31.7
31.1 32.7
29.9 33.3
28.7 33.8
27.4 34.2
26.2 34.6
25.0 35.0
24.1 35.7
23.6 37.0
23.5 38.1
22.8 39.0
21.7 39.3
20.4 39.3
19.1 39.4
17.8 39.6
16.5 39.9
15.3 40.1
14.1 40.6
13.0 41.2
11.8 41.9
10.7 42.6
9.8 43.7
9.5 44.8
9.4 46.1
9.1 47.3
8.1 47.7
7.1 47.1
6.4 46.2
5.6 45.1
4.8 44.1
4.0 43.1
3.2 42.0
2.5 41.0
1.8 40.0
1.9 38.8
2.3 37.6
2.9 36.5
3.7 35.5
4.0 34.4
4.1 33.2
4.2 32.1
4.9 31.1
6.0 30.5
7.0 30.0
7.8 29.1
8.3 28.0
9.1 27.3
10.2 27.1
