45.0 46.0
46.2 46.0
47.0 45.1
47.4 43.9
47.5 42.7
47.7 41.4
48.0 40.1
48.5 39.0
48.6 37.8
48.6 36.5
48.5 35.3
48.2 34.0
47.9 32.8
47.3 31.9
46.3 31.3
45.1 30.9
44.1 30.3
43.3 29.4
42.7 28.3
42.1 27.2
41.3 26.2
40.3 25.4
39.2 24.7
38.2 24.0
37.6 23.1
37.1 22.1
36.3 21.4
35.2 21.0
34.1 20.8
33.5 19.8
33.7 18.5
34.3 17.4
34.5 16.2
34.6 14.9
34.5 13.7
34.8 12.7
33.9 12.2
32.9 11.3
33.9 10.9
32.8 11.2
31.7 11.1
30.7 10.7
29.5 11.0
28.3 11.3
27.0 11.4
25.8 11.6
24.5 11.8
23.3 12.2
22.3 12.7
21.4 13.4
20.3 13.6
19.1 13.5
18.0 13.2
17.0 13.7
16.3 14.6
15.9 15.7
15.8 16.8
16.2 17.9
16.8 18.8
16.9 19.9
16.7 21.1
16.2 22.3
15.7 23.4
15.1 24.5
14.4 25.5
13.4 26.4
12.4 27.0
