15.0 15.0
13.9 15.4
14.4 16.4
15.5 16.4
16.5 15.9
17.5 16.2
17.8 17.2
17.7 18.4
18.4 19.3
19.4 18.9
20.3 18.1
21.1 17.3
22.4 17.2
23.6 17.7
24.7 18.1
25.9 18.1
27.1 17.8
28.3 17.3
29.6 17.4
30.6 18.0
31.6 18.2
32.6 17.8
33.4 16.8
33.6 15.6
33.5 14.3
33.1 13.1
32.6 12.2
31.3 11.7
30.2 11.5
30.0 10.3
30.5 9.1
31.2 8.1
32.2 7.2
33.1 6.7
34.3 6.6
35.5 6.8
36.7 7.1
38.0 7.3
39.3 7.5
40.4 7.6
41.6 7.2
42.9 6.8
44.1 6.4
45.1 6.1
45.7 6.9
45.5 7.9
44.9 8.9
44.3 9.9
44.0 11.1
44.1 12.4
44.3 13.7
44.6 15.0
44.9 16.3
45.1 17.5
45.3 18.8
45.3 20.1
45.1 21.4
44.9 22.7
44.7 24.0
44.4 25.0
43.3 25.7
42.1 26.0
40.8 26.0
39.5 25.9
38.6 26.5
38.7 27.5
39.2 28.5
39.6 29.6
39.7 30.8
39.5 32.1
39.1 33.4
38.2 34.3
37.1 34.7
35.8 34.7
