15.0 15.0
16.3 14.9
17.3 14.8
16.3 15.8
15.1 16.3
14.1 16.7
13.5 17.7
13.5 19.0
13.9 20.2
14.3 21.2
14.0 22.4
13.2 23.3
12.7 24.3
12.3 25.5
11.8 26.7
11.3 27.7
10.4 28.7
9.6 29.7
8.8 30.7
9.1 31.8
10.1 32.3
11.3 32.4
12.3 32.9
13.2 33.8
13.8 34.8
14.0 36.0
14.0 37.3
14.1 38.6
14.4 39.8
14.9 41.0
15.3 42.2
15.7 43.5
16.6 44.2
17.7 44.1
18.9 44.0
20.2 44.1
21.5 44.4
22.8 44.8
24.0 45.2
25.2 45.7
26.4 46.2
27.6 46.7
28.8 47.2
30.0 47.7
31.0 47.8
32.0 46.9
32.4 45.8
32.7 44.5
32.8 43.2
32.8 41.9
33.2 40.9
34.0 40.0
34.9 39.2
34.8 38.1
33.7 37.3
33.5 36.3
