35.0 4.0
36.1 4.6
36.7 5.7
37.5 6.6
38.3 7.4
38.6 8.5
38.3 9.7
37.7 10.7
36.8 11.6
35.7 12.3
34.7 13.1
33.8 14.0
32.9 15.0
32.1 16.0
31.3 17.0
30.6 18.1
30.0 19.1
29.0 19.8
28.0 20.3
27.4 21.4
27.2 22.5
26.1 22.1
25.2 21.2
24.1 20.5
23.0 19.8
22.1 19.3
21.1 19.5
20.1 20.2
19.2 21.0
18.2 21.7
17.0 22.1
16.0 22.2
15.1 21.7
14.3 20.7
13.6 19.8
12.6 19.3
11.4 19.2
10.1 19.2
8.9 19.3
7.6 19.2
6.6 18.8
5.6 18.1
4.8 17.2
4.0 16.2
3.4 15.2
3.2 13.9
3.2 12.7
2.8 11.5
2.1 10.4
1.9 9.4
2.1 8.2
2.6 7.1
3.3 6.0
4.1 5.0
5.1 4.1
6.0 3.2
7.0 2.4
8.1 2.1
9.3 2.0
10.5 2.2
11.8 2.4
12.7 3.0
13.5 4.0
14.2 5.0
