5.0 15.0
5.7 14.0
6.7 13.1
7.5 12.1
8.2 11.0
8.9 9.9
9.5 8.8
10.3 8.1
11.5 7.7
12.6 7.5
13.5 6.8
14.2 5.8
14.9 4.8
15.8 4.2
17.0 3.9
18.3 3.8
19.5 3.9
20.7 3.8
21.9 3.3
22.8 3.8
22.6 5.0
22.1 6.1
22.1 7.4
22.6 8.5
23.2 9.5
23.3 10.6
23.0 11.7
22.5 12.7
21.6 13.3
20.5 13.6
19.3 13.6
18.3 14.2
17.6 15.2
16.8 16.1
16.2 17.2
15.8 18.4
15.1 19.2
14.0 19.4
13.3 20.2
13.3 21.3
13.6 22.6
13.9 23.8
14.0 25.1
14.0 26.4
13.6 27.6
13.2 28.8
13.1 30.1
13.2 31.4
13.4 32.7
13.7 34.0
13.9 35.2
12.3 35.0
11.9 36.1
12.6 37.1
13.5 37.6
13.9 38.6
13.8 39.6
13.3 40.7
13.1 41.8
13.3 43.0
13.6 44.1
14.6 44.8
15.8 44.9
17.1 44.9
18.2 45.0
19.3 45.6
20.1 46.4
20.9 47.1
22.0 47.4
23.3 47.4
