25.0 40.0
26.1 39.8
27.0 39.3
28.1 39.0
29.3 39.0
30.6 39.3
31.8 39.7
32.9 39.9
34.1 39.7
35.3 39.2
36.4 38.5
37.5 37.8
38.6 37.2
39.8 36.9
40.8 37.4
41.8 38.3
42.6 39.2
43.8 39.8
45.0 40.2
46.0 39.4
45.8 38.3
45.3 37.1
45.0 35.8
45.4 34.8
46.2 33.9
46.7 33.0
46.5 32.0
45.8 31.0
45.0 30.0
44.4 28.9
43.9 27.7
43.9 26.5
44.5 25.5
44.5 24.3
43.7 23.5
42.7 22.7
41.9 21.7
41.0 20.9
39.9 20.3
39.0 20.8
38.5 21.8
38.3 23.0
38.5 24.2
37.5 24.5
36.4 24.2
35.3 23.7
34.3 23.1
33.1 22.9
31.8 23.1
30.6 23.4
29.4 23.8
28.1 24.3
26.9 24.8
25.8 25.2
