25.0 7.5
24.5 7.3
24.0 7.1
23.4 7.4
22.9 7.8
22.2 8.2
21.5 8.4
20.6 8.4
19.7 8.4
18.9 8.3
18.0 8.3
17.5 8.2
16.8 8.2
16.0 8.4
15.2 8.7
14.5 9.2
13.9 9.7
13.4 10.4
13.1 11.1
12.9 11.9
12.8 12.7
12.9 13.6
13.0 14.4
13.1 15.3
13.3 16.1
13.5 16.9
13.6 17.4
13.8 18.1
13.8 18.7
13.5 19.2
13.0 19.9
12.7 20.4
12.6 21.2
12.7 22.0
12.7 22.9
12.7 23.8
12.6 24.6
12.5 25.1
12.3 25.9
12.3 26.5
12.6 27.2
13.0 27.9
13.6 28.5
14.1 29.2
14.6 29.9
15.0 30.7
15.3 31.4
15.7 32.2
16.0 32.9
15.9 33.5
15.3 33.9
14.5 33.9
13.8 33.7
13.0 33.4
12.4 33.5
11.9 33.8
11.5 34.4
11.2 35.1
11.2 35.8
11.4 36.5
11.8 37.2
12.3 37.8
12.9 38.3
13.7 38.5
14.5 38.7
15.3 38.8
15.9 39.1
16.6 39.5
17.1 40.1
17.5 40.8
17.9 41.4
18.6 41.6
19.4 41.5
20.1 41.1
20.8 40.8
21.5 40.8
22.3 41.0
23.1 41.2
23.8 41.6
25.0 42.0
