25.0 7.5
24.5 8.0
24.2 7.4
23.7 6.9
23.0 6.7
22.3 6.9
21.5 7.2
20.8 7.6
20.2 8.1
19.5 8.7
18.9 9.0
18.2 9.1
17.4 9.2
16.6 9.4
15.9 9.7
15.1 10.1
14.7 10.7
14.5 11.2
14.2 11.9
13.7 12.7
13.2 13.3
12.6 13.9
11.9 14.4
11.1 14.8
10.4 15.2
9.8 15.7
9.5 16.1
9.0 16.7
8.5 17.5
8.2 18.3
7.8 19.1
7.6 19.9
7.4 20.7
7.2 21.6
6.9 22.4
6.6 23.2
6.5 24.0
6.5 24.9
6.6 25.6
6.9 26.3
7.4 27.0
8.0 27.6
8.6 28.1
9.3 28.6
10.1 29.1
10.8 29.5
11.5 30.0
12.3 30.3
13.1 30.7
13.9 31.0
14.7 31.4
15.5 31.7
16.2 32.1
17.0 32.5
17.7 33.0
18.4 33.4
19.0 34.0
19.6 34.6
19.9 35.1
19.9 35.7
19.8 36.5
19.5 37.2
19.2 37.9
19.1 38.5
19.3 39.2
19.7 39.9
20.3 40.5
20.9 41.0
21.5 41.5
22.2 41.8
23.0 41.9
23.8 41.8
25.0 42.0
