25.0 7.5
25.5 7.4
25.9 7.0
25.2 6.7
24.5 6.6
23.6 6.6
22.8 6.7
22.0 7.1
21.2 7.6
20.4 8.1
19.6 8.5
19.1 8.6
18.5 8.8
18.0 9.3
17.5 10.0
16.9 10.6
16.3 11.2
16.0 11.6
15.4 12.1
14.7 12.6
14.0 13.0
13.2 13.2
12.7 13.4
11.9 13.7
11.1 14.0
10.3 14.4
9.6 14.7
9.1 15.2
8.7 15.9
8.5 16.6
8.2 17.3
7.8 18.0
7.2 18.5
6.5 18.9
6.1 19.4
5.9 20.0
5.9 20.8
6.1 21.5
6.4 22.3
6.9 22.9
7.5 23.5
8.2 24.0
8.9 24.4
9.7 24.7
10.5 24.8
11.3 25.0
11.9 25.4
12.5 26.0
13.0 26.7
13.4 27.5
13.8 28.3
14.1 29.1
14.5 29.8
15.0 30.5
15.6 31.1
16.3 31.6
16.8 32.2
17.3 32.9
17.8 33.6
18.3 34.3
18.8 35.1
19.3 35.8
19.8 36.5
20.1 37.2
20.4 38.0
20.5 38.8
20.7 39.5
21.0 40.1
21.6 40.6
22.4 41.0
23.2 41.3
23.9 41.4
25.0 42.0
