15.0 13.0
16.2 12.9
17.2 12.5
18.3 11.8
19.4 11.1
20.3 10.5
21.4 10.3
22.6 10.5
23.8 11.0
24.9 11.6
25.9 12.4
26.8 13.0
27.8 12.7
28.8 11.6
29.7 10.9
30.8 10.8
32.0 11.0
32.9 11.6
33.7 12.6
34.3 13.8
34.6 14.9
34.4 16.1
34.0 17.2
33.4 18.2
33.6 19.4
34.4 20.2
35.6 20.8
36.7 21.3
37.6 22.2
38.4 23.2
39.0 24.0
39.7 25.1
40.5 26.3
40.9 27.7
40.4 28.6
41.2 29.7
42.2 30.6
43.1 31.5
44.2 32.1
45.4 32.5
46.2 33.4
46.5 34.5
46.7 35.8
47.0 37.1
47.4 38.3
47.9 39.5
48.4 40.5
48.4 41.7
48.2 43.0
47.7 44.3
47.2 45.4
46.4 46.4
