25.0 46.0
26.1 45.8
27.1 45.3
27.8 44.5
28.2 43.4
28.4 42.2
28.5 41.0
29.0 40.0
29.9 39.3
31.1 38.8
32.4 38.6
33.7 38.4
35.0 38.4
35.9 37.9
36.1 36.9
35.8 35.7
35.2 34.6
34.6 33.5
34.0 32.4
33.7 31.2
33.6 30.0
33.6 28.6
33.6 27.3
33.7 26.0
33.9 24.7
34.0 23.4
34.1 22.1
34.1 21.0
33.6 20.1
32.6 19.3
31.6 18.8
31.4 17.5
31.8 16.4
32.2 15.3
32.3 14.0
32.6 13.0
33.3 12.1
34.3 11.5
35.5 11.1
36.7 10.6
37.8 9.7
38.2 8.5
38.5 7.2
38.5 5.9
38.4 4.6
38.2 3.5
38.9 2.5
40.0 2.0
41.1 1.9
42.1 2.5
42.9 3.5
43.6 4.6
44.5 5.5
45.5 6.2
46.6 6.8
47.6 7.3
48.1 8.4
48.0 9.6
47.3 10.7
46.3 11.3
45.1 11.5
