35.0 13.0
33.9 12.6
32.8 12.1
31.8 11.4
30.9 10.8
29.8 10.7
28.6 10.3
27.5 9.7
26.4 9.5
25.1 9.5
23.8 9.8
22.6 10.1
21.3 10.3
20.0 10.5
18.8 10.7
17.8 11.3
17.0 12.2
16.5 13.3
16.4 14.5
16.6 15.8
16.7 17.1
16.7 18.3
16.4 19.6
16.3 20.9
16.1 22.2
16.0 23.5
15.5 24.4
14.6 25.2
13.7 25.8
14.1 26.9
15.0 27.8
16.0 28.7
16.5 30.0
16.4 31.2
16.1 32.4
15.6 33.7
15.0 34.8
14.6 36.1
14.3 37.3
14.0 38.6
13.8 39.8
12.9 40.6
11.8 40.7
10.9 41.2
10.4 42.2
10.2 43.4
10.2 44.6
10.2 45.8
9.8 47.0
9.2 47.9
8.2 48.3
7.1 48.2
6.0 47.7
5.1 46.8
