35.0 17.0
33.9 17.4
32.8 17.9
31.6 17.4
30.6 17.1
29.3 17.0
28.0 16.9
26.9 16.6
25.8 15.9
24.8 15.1
23.6 14.9
22.4 15.2
21.4 15.9
21.0 16.9
21.5 17.9
21.9 19.1
22.1 20.3
22.5 21.5
23.2 22.6
24.0 23.6
24.8 24.7
25.5 25.6
25.8 26.7
25.7 27.9
25.5 29.2
25.1 30.4
24.7 31.6
24.8 33.0
25.4 34.1
26.3 35.1
27.1 36.0
27.6 37.0
27.1 37.9
26.1 38.6
25.2 39.1
25.3 40.4
24.7 41.6
24.0 42.6
23.7 43.8
23.3 44.8
22.5 45.5
21.3 45.9
20.0 46.2
18.7 46.3
17.4 46.3
16.1 46.2
14.8 46.0
13.6 45.9
12.3 46.1
11.1 46.6
10.0 46.8
8.9 46.5
7.7 45.9
6.5 45.5
