45.0 37.0
46.1 37.2
45.4 36.3
44.8 35.2
44.4 33.9
44.2 32.6
44.0 31.4
43.7 30.1
43.3 28.8
42.9 27.8
42.0 27.0
40.9 26.4
39.7 26.1
38.6 26.3
37.5 26.8
36.5 27.3
35.4 27.2
34.5 26.5
35.0 25.4
36.0 24.6
35.2 23.6
34.0 23.2
32.8 23.0
31.6 22.6
30.9 21.8
30.4 20.8
29.4 20.0
28.2 19.8
27.0 19.8
26.0 19.7
24.9 19.2
23.7 18.8
22.7 18.1
21.6 17.3
20.5 17.2
20.0 18.2
19.6 19.3
18.8 20.2
17.9 21.0
16.8 21.3
15.5 21.5
14.6 22.2
14.0 23.3
13.7 24.5
13.4 25.6
12.7 26.4
11.7 27.1
10.6 27.8
9.6 28.6
8.6 29.3
7.6 30.1
6.8 31.1
6.1 32.1
4.9 32.6
3.9 33.3
3.3 34.5
2.7 35.4
