45.0 37.0
46.0 37.3
46.9 37.8
47.8 38.7
48.2 39.8
48.0 41.0
47.4 42.1
46.7 43.1
45.9 44.2
45.1 45.2
44.4 46.2
43.7 47.0
42.7 47.2
41.6 46.8
40.7 46.3
40.3 45.3
40.2 44.1
40.4 42.9
40.8 41.7
40.5 40.7
39.7 40.0
38.5 39.5
37.2 39.3
36.1 39.4
35.2 40.0
34.2 40.5
33.1 40.7
31.9 40.6
30.6 40.3
29.4 40.0
28.3 39.5
27.4 38.7
26.7 37.7
26.0 36.6
25.5 35.7
24.4 36.0
23.5 36.8
22.9 37.8
21.7 38.5
20.6 38.3
19.4 37.8
18.3 37.2
17.1 36.6
16.0 35.9
15.2 35.3
15.7 34.1
16.6 33.3
17.8 32.8
18.5 32.0
18.0 31.1
17.0 30.3
15.9 29.7
14.7 29.2
13.5 29.1
12.3 29.3
11.0 29.3
9.7 29.1
8.5 28.8
7.2 28.7
6.1 29.0
5.5 30.1
5.4 31.3
5.7 32.5
6.1 33.6
6.2 34.6
5.7 35.6
4.9 36.5
