7.0 29.0
8.0 29.6
9.0 30.1
10.1 30.1
11.3 29.8
12.4 29.3
13.3 28.4
14.0 27.3
14.7 26.2
15.4 25.3
15.8 24.2
15.8 22.9
16.0 21.8
17.2 22.5
18.0 23.4
18.2 24.7
18.5 25.9
19.0 27.1
19.4 28.3
20.3 29.0
21.5 29.6
22.7 30.2
23.8 30.7
24.9 31.3
25.8 31.8
26.7 30.9
27.7 30.4
28.9 30.2
30.0 30.2
30.9 29.3
31.1 28.2
32.0 27.2
33.0 26.8
34.2 26.9
35.5 27.3
36.7 27.4
37.5 26.7
38.2 25.7
38.9 24.6
39.7 24.0
40.8 23.6
42.0 23.5
43.1 22.9
43.9 21.9
44.4 20.7
44.8 19.5
45.1 18.2
45.5 17.1
46.1 16.0
46.8 15.0
47.2 13.9
47.3 12.6
47.6 11.5
48.2 10.4
48.4 9.4
47.9 8.4
47.0 7.6
46.0 7.0
45.8 6.0
