15.0 45.0
16.2 44.9
17.3 44.7
18.5 45.0
19.4 45.8
20.0 46.7
21.1 47.1
22.3 46.9
23.4 46.3
24.5 45.5
25.6 44.8
26.7 44.1
27.8 43.3
28.7 42.4
29.5 41.4
30.3 40.7
31.4 40.3
32.7 40.2
33.7 40.0
34.3 39.1
34.9 38.2
35.9 37.6
37.1 37.2
38.4 36.8
39.4 36.3
40.3 35.4
41.3 35.0
42.6 34.7
43.8 34.3
45.0 34.0
46.1 33.3
46.6 32.2
46.8 30.9
46.8 29.6
46.8 28.3
46.7 27.0
46.9 25.8
47.1 24.5
47.3 23.3
47.5 22.0
47.5 20.7
47.5 19.4
47.4 18.1
46.9 17.1
46.1 16.2
45.2 15.5
44.6 14.5
44.3 13.3
44.2 12.0
44.2 10.8
43.9 9.6
43.3 8.5
42.6 7.5
42.3 6.2
42.7 5.1
42.9 4.1
42.5 3.0
41.7 2.1
40.7 1.6
39.4 1.7
38.3 2.2
37.3 3.0
36.3 3.8
