4.0 13.0
2.9 12.8
2.3 11.7
2.0 10.4
1.9 9.1
1.8 7.9
2.0 6.8
2.7 5.8
3.7 5.0
4.8 4.3
5.9 3.5
6.9 2.9
8.0 3.0
9.1 3.5
10.0 4.3
10.8 5.3
11.6 6.4
11.9 7.4
12.2 8.7
12.4 9.8
13.7 10.3
14.9 10.1
16.1 9.7
17.4 9.4
18.7 9.3
20.0 9.7
20.9 10.5
21.9 11.2
23.1 11.7
24.3 12.1
25.3 12.7
26.2 13.5
27.0 14.5
27.9 15.5
28.8 16.4
29.7 17.3
30.7 18.0
31.8 18.6
33.1 19.0
34.4 19.2
35.4 19.3
36.1 20.1
36.2 21.2
36.1 22.5
35.8 23.8
35.6 25.0
35.8 26.0
36.5 26.9
37.5 27.6
37.3 28.7
36.3 29.4
35.1 29.9
34.3 30.6
33.8 31.6
33.5 32.8
33.3 34.1
33.0 35.3
32.6 36.6
32.1 37.8
31.5 38.9
30.8 40.0
29.9 40.6
28.7 40.4
27.5 39.9
26.5 39.4
25.6 38.4
25.0 37.3
24.5 36.1
23.9 35.3
22.8 34.6
21.7 34.1
20.5 33.5
19.5 32.7
18.6 32.1
17.3 32.2
16.1 32.6
14.9 33.0
13.8 33.5
12.8 33.7
11.6 33.5
10.5 33.7
9.6 34.6
9.2 35.7
9.1 36.9
9.2 38.1
9.4 39.4
9.5 40.7
9.8 41.8
10.6 42.7
11.5 43.6
12.6 44.2
13.4 45.0
13.9 46.0
