4.0 4.0
5.0 4.1
6.0 3.7
7.1 3.1
8.3 2.9
9.4 3.0
10.4 3.6
11.3 4.4
11.8 5.5
11.9 6.8
11.9 8.0
11.7 9.3
11.7 10.5
12.0 11.7
12.5 12.9
13.2 14.0
13.9 15.1
14.7 16.2
15.4 17.3
16.2 18.3
16.5 19.4
16.1 20.5
15.5 21.6
14.7 22.7
13.8 23.7
13.0 24.7
12.3 25.5
13.2 26.3
14.3 26.5
15.6 26.7
16.8 27.2
17.9 27.7
19.1 28.2
20.3 28.2
21.1 27.5
21.8 26.7
22.8 26.3
24.1 26.1
25.4 25.8
26.6 25.5
27.8 25.5
29.1 25.7
30.3 26.0
31.3 26.5
32.2 27.3
32.9 28.3
33.9 28.9
34.9 28.4
35.7 27.5
36.3 26.4
36.7 25.2
36.9 24.0
37.4 22.8
38.0 21.7
38.7 20.7
39.7 19.9
40.8 19.3
42.0 19.0
43.3 19.1
44.4 19.0
45.1 18.1
45.2 16.9
45.0 15.6
44.6 14.4
