45.0 45.0
44.0 45.9
43.7 46.9
42.3 46.5
41.2 46.6
40.2 46.4
39.3 45.5
38.8 44.6
37.9 44.1
36.7 44.3
35.7 44.4
34.8 43.4
34.4 42.2
33.4 41.4
32.2 41.5
31.1 41.4
30.0 41.0
28.9 41.2
27.8 41.8
26.9 42.7
25.9 43.3
24.9 42.2
24.3 41.1
24.0 39.9
23.4 38.7
22.4 38.2
21.2 38.0
20.0 37.5
19.4 36.5
19.1 35.4
18.3 34.6
17.2 34.0
16.1 33.7
15.1 33.4
14.4 32.3
14.3 31.0
14.4 29.8
14.5 28.6
14.1 27.6
13.2 26.8
12.3 25.9
11.6 25.0
12.0 23.9
12.9 23.2
13.8 22.3
14.0 21.3
13.8 20.0
13.8 18.7
13.9 17.5
14.5 16.6
15.4 15.8
16.5 15.1
17.7 14.5
18.7 13.9
19.3 13.0
19.6 11.9
19.8 10.6
19.8 9.4
19.8 8.3
21.0 8.4
22.2 8.5
23.3 9.3
23.9 10.3
24.3 11.5
