32.5 33.0
33.5 33.4
34.3 34.3
34.8 35.4
35.0 36.7
35.2 37.9
36.0 38.6
37.1 38.3
38.1 38.4
39.2 38.9
40.2 39.5
41.4 39.7
42.5 39.8
43.5 40.6
43.9 41.6
44.0 42.8
44.7 43.7
45.9 43.7
47.0 43.3
47.8 42.2
47.9 41.0
47.8 39.8
47.2 38.5
46.7 37.3
46.0 36.1
45.6 34.8
45.7 33.5
46.0 32.3
46.1 31.1
45.9 29.9
45.5 28.6
45.0 27.4
44.5 26.2
44.0 25.0
43.5 24.0
42.6 23.2
41.7 22.5
41.2 21.3
41.4 20.1
41.8 19.0
42.4 18.0
42.4 16.8
42.3 15.5
42.1 14.3
41.9 13.0
41.4 11.9
40.7 10.8
40.3 9.7
40.1 8.4
40.1 7.0
40.3 5.7
40.9 4.7
42.0 4.2
43.2 4.0
44.5 3.9
