32.5 33.0
33.6 32.6
33.9 33.7
33.7 34.9
33.8 36.0
34.6 36.9
35.5 37.8
36.1 38.9
36.7 39.9
37.6 40.8
38.7 41.5
39.8 41.8
40.8 41.4
41.9 40.9
43.1 41.0
44.3 41.4
45.4 42.0
46.5 42.0
47.4 41.5
48.0 40.6
48.5 39.4
48.6 38.2
48.3 37.1
47.7 35.9
47.3 34.8
46.7 33.7
45.9 32.6
45.0 31.7
44.5 30.8
44.4 29.7
44.7 28.6
45.0 27.6
44.3 26.5
43.2 25.9
42.0 25.2
41.1 24.2
40.8 23.1
40.7 21.9
40.2 20.8
39.2 20.1
38.4 19.5
37.9 18.4
37.7 17.2
37.6 15.9
37.8 14.6
38.1 13.4
38.6 12.1
38.7 11.1
38.4 10.0
37.8 9.0
38.3 7.9
39.3 7.2
40.5 6.5
41.6 5.9
42.8 5.3
44.0 4.9
45.3 4.7
