37.5 25.0
37.7 26.0
36.8 26.7
36.0 27.6
35.5 28.7
35.2 29.9
35.1 31.2
35.0 32.5
35.0 33.7
35.4 34.8
36.2 35.8
36.9 36.7
36.4 37.7
35.3 38.5
34.3 39.3
33.3 40.1
32.3 40.9
31.3 41.5
30.1 41.7
28.8 41.8
27.8 42.5
26.9 43.3
25.9 43.4
24.9 43.8
24.3 44.7
23.7 45.6
22.7 46.1
21.5 46.2
20.5 45.9
19.5 45.3
18.4 45.1
17.1 45.1
16.1 44.9
15.1 44.1
14.2 43.2
13.3 42.4
12.3 41.6
11.3 41.0
10.3 40.4
9.5 39.5
8.9 38.4
8.2 37.4
7.2 36.7
6.0 36.2
4.9 35.8
4.3 34.7
4.4 33.6
4.8 32.4
5.9 31.4
7.1 31.2
8.3 31.6
9.4 32.2
10.6 32.5
11.9 32.6
13.2 32.5
14.0 33.1
