10.0 30.0
11.0 29.7
11.9 29.0
12.9 28.7
14.1 28.8
15.3 28.7
16.4 29.1
17.4 29.8
18.2 30.8
19.1 31.5
20.4 31.3
21.3 30.6
22.3 30.0
23.4 30.2
24.5 30.7
25.5 31.4
26.6 31.9
27.7 32.1
28.5 31.5
29.0 30.5
29.5 29.5
30.7 29.4
31.7 29.8
32.6 30.6
33.7 30.7
34.8 30.3
35.8 30.0
37.0 30.1
38.0 30.6
38.9 31.5
39.7 32.6
40.4 33.7
40.9 34.9
41.2 36.1
41.7 37.3
42.0 38.3
41.7 39.3
41.1 40.3
40.4 41.2
40.3 42.3
40.5 43.5
40.7 44.6
40.0 45.4
38.9 46.0
37.8 46.3
36.7 46.1
35.5 45.7
34.3 45.5
33.0 45.5
31.8 45.5
31.2 44.5
31.4 43.5
31.9 42.6
31.1 41.8
30.0 41.7
