15.0 5.0
14.1 5.9
13.1 6.5
11.9 7.0
10.7 7.4
9.7 8.1
9.3 9.2
9.1 10.5
8.7 11.7
8.3 13.0
7.7 14.1
7.0 15.2
6.1 16.2
5.3 17.0
4.1 17.4
3.0 17.5
2.1 18.1
2.2 19.4
2.6 20.5
2.3 21.6
2.1 22.9
2.1 24.2
2.3 25.4
3.2 26.1
3.9 27.1
4.1 28.4
4.2 29.6
3.8 30.6
3.0 31.6
2.6 32.6
2.2 33.9
1.9 35.2
1.6 36.5
1.4 37.7
1.5 38.8
1.6 39.9
1.6 41.1
2.0 42.1
2.8 42.9
3.9 43.4
5.2 43.7
6.5 43.7
7.7 44.1
8.3 45.0
8.7 46.2
9.5 47.2
10.5 47.6
11.8 47.8
13.1 47.8
14.4 47.7
15.7 47.4
17.0 47.1
18.2 46.7
19.5 46.4
20.7 46.0
21.9 45.8
23.0 46.0
24.2 46.6
