15.0 5.0
14.7 6.0
13.8 7.0
12.6 7.5
11.6 8.2
10.7 9.1
10.0 10.3
9.0 10.9
7.9 11.2
7.0 11.9
6.4 12.9
6.0 14.1
5.6 15.3
4.9 16.3
4.1 17.4
3.3 18.4
2.6 19.5
2.1 20.4
2.5 21.4
3.4 22.2
4.5 22.7
5.6 23.3
6.7 24.0
7.7 24.2
8.9 24.0
10.0 23.5
11.0 22.8
11.9 23.4
12.4 24.5
12.7 25.7
13.1 26.9
13.6 28.1
14.2 29.4
14.8 30.5
15.4 31.7
16.2 32.8
17.0 33.8
17.9 34.7
18.9 35.3
20.1 35.6
21.3 35.6
22.5 35.8
23.6 36.3
24.7 36.8
25.9 36.9
27.1 36.7
28.4 36.5
29.5 36.2
30.5 35.5
31.3 34.5
32.0 33.5
32.7 32.3
33.3 31.2
34.0 30.1
34.8 29.1
35.6 28.3
36.7 27.7
37.6 26.9
38.4 25.8
