3.0 25.0
2.0 25.8
2.1 26.9
2.7 27.9
3.6 28.9
4.3 29.8
4.9 31.0
5.3 32.2
5.5 33.4
5.8 34.7
6.4 35.6
7.4 35.7
8.6 35.5
9.7 35.1
10.8 35.1
12.1 35.5
13.2 36.2
14.2 36.9
15.2 37.7
16.2 38.6
17.1 39.5
18.1 40.3
19.1 41.2
19.9 42.2
20.7 42.9
21.9 43.2
23.0 43.6
24.0 44.3
24.9 45.2
25.7 46.2
26.5 47.2
27.4 47.8
28.6 48.2
29.6 48.3
30.6 47.9
31.4 47.0
32.1 46.0
33.1 45.6
34.3 45.9
35.4 46.6
36.5 47.2
37.6 47.4
38.8 47.3
40.0 46.8
41.1 46.2
42.3 45.5
43.3 44.9
44.0 44.0
44.4 42.9
44.5 41.7
44.4 40.4
44.4 39.2
44.6 37.9
44.6 36.7
44.3 35.4
44.3 34.3
44.7 33.1
45.4 32.1
45.9 31.0
46.0 29.8
45.9 28.6
46.2 27.5
47.0 26.8
