3.5 46.0
3.8 44.9
3.5 43.8
4.0 42.6
4.9 41.8
5.8 40.9
6.0 39.8
5.6 38.6
5.0 37.6
5.3 36.6
5.3 35.5
5.4 34.4
5.1 33.2
4.5 32.1
4.1 31.1
4.2 30.0
4.9 28.9
6.0 28.3
6.9 27.6
7.7 26.6
8.4 25.5
8.7 24.4
8.7 23.2
9.1 22.1
9.5 20.8
9.2 19.8
8.8 18.8
8.8 17.6
9.1 16.4
9.6 15.3
9.9 14.0
10.2 12.7
10.6 11.5
10.5 10.3
10.1 9.1
9.8 8.0
9.9 6.9
10.4 5.8
11.3 5.1
12.5 4.8
13.8 4.7
15.1 4.9
15.9 4.3
15.3 3.1
16.2 2.4
17.3 2.6
18.5 3.1
19.6 3.7
20.8 4.0
22.1 4.1
23.4 4.2
24.7 4.5
26.0 4.6
27.3 4.6
28.6 4.6
29.9 4.4
31.3 4.2
32.6 3.9
