3.5 46.0
3.7 44.9
4.1 43.8
4.1 42.7
4.6 41.7
5.5 41.1
6.6 41.5
7.5 42.2
8.3 43.2
9.3 44.0
10.5 44.1
11.7 43.7
12.6 43.1
13.3 42.1
13.9 40.9
14.5 39.7
15.3 39.0
16.4 38.8
17.7 39.0
18.9 39.4
20.0 39.7
21.0 39.5
21.9 38.8
22.7 37.8
23.3 36.6
23.4 35.6
23.1 34.4
22.9 33.2
22.9 32.0
23.3 30.7
23.4 29.6
23.1 28.5
22.9 27.4
23.8 26.5
24.9 26.0
26.0 25.8
26.6 24.8
26.6 23.7
26.1 22.5
25.5 21.4
25.3 20.2
25.7 19.1
26.3 18.0
26.8 17.0
26.8 15.8
26.5 14.6
26.4 13.4
26.7 12.2
27.2 11.0
27.9 9.9
28.5 8.8
28.8 7.6
28.7 6.4
28.6 5.3
29.4 4.6
30.6 4.3
31.7 4.5
31.1 3.4
32.1 3.2
