46.0 17.5
45.2 16.8
44.3 16.1
43.2 15.5
42.0 14.8
41.5 13.8
41.3 12.6
41.1 11.4
40.8 10.2
40.4 8.9
40.2 7.7
39.8 6.7
39.1 5.8
38.1 5.0
36.9 4.3
35.9 4.0
35.0 4.6
33.9 5.2
32.8 5.0
31.7 4.7
30.6 5.0
29.5 5.6
28.5 6.5
27.7 7.3
26.6 7.7
25.9 8.5
25.8 9.5
26.3 10.6
26.6 11.6
26.5 12.7
25.9 13.7
25.4 14.9
25.0 16.1
24.4 17.0
23.5 17.7
22.3 18.2
21.5 19.2
21.2 20.3
21.1 21.4
20.4 22.3
19.4 22.8
18.3 22.9
17.1 22.6
15.9 22.3
14.6 22.3
13.3 22.6
12.3 22.7
11.2 22.3
10.1 21.6
9.2 20.8
8.4 19.9
9.4 19.4
10.6 19.4
11.8 19.4
13.1 19.3
14.3 19.0
15.5 18.7
16.7 18.3
