25.0 12.5
26.2 12.8
26.9 13.6
27.4 14.6
28.4 14.9
29.4 14.4
30.5 14.0
31.6 14.7
32.2 15.7
32.8 16.6
33.8 17.2
35.0 17.5
36.1 17.6
37.0 18.4
37.4 19.5
37.5 20.8
37.5 22.0
37.4 23.2
36.9 24.3
36.5 25.5
36.9 26.6
36.7 27.8
36.2 29.0
35.6 30.2
34.8 31.2
34.0 32.2
33.0 33.1
32.0 33.9
31.2 34.9
30.6 36.0
29.9 36.9
28.8 37.6
27.7 38.1
27.2 39.1
27.6 40.3
27.9 41.6
28.2 42.7
29.1 43.3
30.3 43.5
31.5 43.4
32.7 43.3
33.8 43.6
35.0 44.2
36.0 44.9
36.9 45.5
38.2 45.4
39.2 44.8
40.1 44.0
40.9 43.0
41.7 42.1
42.6 41.3
43.2 40.3
43.5 39.1
43.7 37.8
43.8 36.5
43.9 35.2
43.9 34.0
44.3 32.9
45.1 31.9
45.9 30.9
46.4 29.9
46.5 28.7
46.2 27.5
45.8 26.3
45.4 25.1
45.5 23.8
46.2 22.9
47.2 22.2
47.9 21.2
47.7 20.2
47.1 19.2
46.2 18.2
45.3 17.3
44.5 16.6
44.2 15.6
44.2 14.4
44.5 13.3
44.2 12.3
43.6 11.3
42.6 10.5
41.5 9.8
40.4 9.1
39.3 8.4
38.4 7.8
37.7 6.8
37.2 5.7
36.8 4.5
35.8 4.9
