35.0 37.0
36.0 36.5
36.4 35.2
36.1 34.0
35.2 33.3
34.0 32.8
33.2 31.9
33.3 30.8
33.8 29.7
34.5 28.7
35.0 27.4
35.4 26.2
35.6 24.9
35.7 23.8
35.3 22.8
34.4 22.0
33.6 21.2
33.1 20.2
33.0 19.0
32.9 17.7
32.8 16.5
32.6 15.2
32.3 13.9
31.8 12.8
30.8 12.3
29.7 12.3
28.5 12.7
27.4 13.0
26.3 12.8
25.2 12.2
24.3 11.3
23.6 10.3
22.7 9.5
21.7 9.2
20.4 9.1
19.2 9.2
17.9 9.3
16.6 9.5
15.3 9.8
14.0 10.0
12.7 10.2
11.4 10.2
10.6 9.5
10.0 8.5
9.6 7.3
9.5 6.0
9.4 4.7
9.5 3.4
9.5 2.3
8.3 2.3
7.3 2.9
6.4 3.7
5.3 4.3
