17.5 35.0
17.7 36.3
18.2 37.6
19.2 37.9
20.1 38.4
21.1 39.1
22.1 39.0
23.2 38.4
24.0 37.6
24.4 36.4
24.6 35.2
24.5 34.2
23.4 33.5
22.7 32.7
22.2 31.6
22.1 30.4
22.3 29.2
22.7 27.9
23.0 26.7
23.2 25.4
23.3 24.2
23.1 22.9
22.8 21.6
22.2 20.5
21.8 19.4
21.6 18.1
21.6 16.8
21.9 15.6
22.2 14.3
22.3 13.2
23.1 12.1
23.5 11.1
23.7 9.9
22.8 9.0
21.8 8.3
21.5 7.3
21.6 6.1
22.0 5.0
20.8 4.8
19.7 5.4
18.7 5.7
17.5 5.7
16.3 5.4
15.1 5.0
13.9 4.5
12.7 4.4
11.5 4.8
10.8 5.7
10.6 6.8
10.7 8.0
11.1 9.3
11.6 10.4
12.1 11.6
12.0 12.9
11.8 14.2
12.3 15.1
13.3 15.5
14.6 15.6
15.8 15.4
16.9 15.5
17.4 16.4
