7.5 25.0
6.6 25.9
6.4 27.1
6.6 28.3
7.2 29.4
7.8 30.5
8.5 31.6
9.4 32.3
10.4 32.9
11.0 33.9
11.3 35.1
11.4 36.4
12.0 37.5
12.9 38.1
14.1 38.3
15.4 38.3
16.7 38.4
18.0 38.7
19.2 39.1
20.0 39.8
20.6 40.8
21.5 41.6
22.6 41.8
23.8 41.6
24.9 41.2
26.0 40.5
27.0 39.6
28.0 39.2
29.2 39.4
30.3 39.6
31.1 38.9
31.6 37.9
31.8 36.6
32.4 35.7
33.4 35.3
34.6 35.2
35.8 35.3
37.0 35.0
38.0 34.5
39.1 34.2
40.3 34.0
41.5 33.5
42.5 32.7
43.5 31.9
44.3 31.1
44.2 30.1
43.5 29.3
42.4 28.7
41.2 28.3
40.5 27.3
40.6 26.1
41.0 24.9
41.6 23.8
41.8 22.6
41.8 21.3
41.6 20.1
41.3 18.8
41.1 17.5
41.1 16.2
41.1 14.9
40.7 13.7
39.8 12.9
38.7 12.4
