12.5 12.5
13.0 12.3
13.0 13.0
13.0 13.9
12.8 14.6
13.3 14.9
13.9 15.2
14.3 15.5
14.8 16.1
15.3 16.8
15.7 17.5
16.1 18.3
16.3 19.0
16.3 19.7
16.0 20.4
15.6 21.0
15.0 21.5
14.6 21.8
14.5 22.5
14.7 23.1
15.1 23.8
15.6 24.3
15.8 25.0
15.9 25.7
15.7 26.5
15.5 27.3
15.4 28.1
15.4 29.0
15.6 29.9
15.8 30.7
16.0 31.5
16.0 32.2
15.7 33.0
15.4 33.8
15.0 34.5
14.6 35.1
15.3 35.5
16.1 35.6
16.9 35.5
17.7 35.5
18.6 35.8
19.4 36.1
19.9 36.3
20.4 35.7
20.7 34.9
21.1 34.4
21.6 34.2
22.3 34.3
23.1 34.4
23.9 34.4
24.7 34.3
25.5 34.0
26.3 33.8
27.2 33.8
28.0 33.8
28.8 33.6
29.6 33.4
30.3 33.0
31.1 32.6
31.7 32.0
32.2 31.4
32.6 30.6
32.8 29.8
33.0 29.0
33.1 28.5
33.2 27.7
33.5 27.0
33.9 26.2
34.2 25.4
34.4 24.6
34.5 23.8
34.5 23.0
34.4 22.5
34.2 21.7
33.9 20.9
33.6 20.1
33.2 19.4
32.7 18.8
32.1 18.2
31.7 17.7
31.9 17.2
32.5 16.8
33.2 16.6
34.0 16.5
34.9 16.5
35.7 16.6
36.5 16.8
37.2 16.9
37.8 16.4
38.2 15.7
38.3 14.9
38.3 14.1
38.2 13.4
37.5 12.5
