33.5 35.0
33.0 35.9
32.6 36.9
31.7 37.5
30.7 38.0
30.0 38.9
28.8 39.3
27.7 38.9
26.6 38.3
25.8 37.5
25.2 36.3
25.1 35.3
25.4 34.2
26.1 33.3
26.0 32.3
25.4 31.4
24.5 30.5
24.8 29.3
25.6 28.3
26.2 27.1
26.6 25.9
26.5 24.8
25.7 23.9
24.7 24.1
23.7 24.9
23.1 23.8
23.4 22.6
23.9 21.4
24.6 20.2
25.3 19.1
25.1 18.0
24.1 17.4
23.3 16.3
23.0 15.1
22.5 13.9
21.9 12.7
21.3 11.7
21.9 10.8
22.9 10.2
24.2 9.9
24.7 9.0
24.5 7.9
24.0 6.8
23.1 5.8
23.0 4.5
23.4 3.5
22.3 3.7
21.2 4.3
20.3 5.1
19.0 5.2
17.9 4.8
16.8 4.1
15.6 3.8
14.5 4.0
13.4 4.6
12.2 5.2
11.1 5.7
10.0 6.5
9.4 7.6
9.3 8.8
9.6 10.1
10.1 11.3
10.5 12.4
10.0 13.3
8.9 14.0
7.7 14.5
6.5 15.1
5.2 15.5
4.0 16.0
3.0 16.7
