4.0 46.0
4.2 44.9
4.1 43.8
4.9 44.8
5.5 45.8
5.9 47.0
6.7 47.6
7.9 47.5
8.9 47.0
9.5 46.1
9.8 44.9
10.0 43.7
10.2 42.5
10.7 41.5
11.7 40.7
12.8 40.3
14.0 40.0
15.3 39.9
16.6 40.0
17.8 40.1
19.1 39.9
20.4 39.6
21.4 39.2
22.2 38.3
22.8 37.3
23.5 36.3
24.4 35.4
25.5 34.9
26.8 34.7
28.0 34.5
28.9 33.7
29.7 32.6
30.7 31.8
31.8 31.1
32.9 30.4
34.1 29.8
35.2 29.2
36.0 28.3
36.6 27.2
37.0 25.9
37.4 24.8
38.1 23.9
39.1 23.1
40.1 22.3
41.2 21.6
42.0 20.6
42.7 19.6
43.7 18.7
44.7 18.0
45.6 17.2
46.2 16.1
46.5 14.9
46.8 13.6
47.2 12.4
47.5 11.3
47.6 10.0
47.4 8.7
47.5 7.4
47.8 6.1
47.7 4.9
46.9 4.1
45.8 3.5
44.6 3.1
43.3 2.8
42.1 2.9
40.8 3.0
39.7 3.4
38.6 4.1
37.8 5.0
38.0 6.0
38.2 7.2
38.3 8.5
38.3 9.7
37.4 10.7
36.2 11.2
35.0 11.3
33.7 11.4
32.5 11.5
31.3 12.0
30.1 12.6
29.0 13.4
27.8 13.7
26.6 13.0
25.9 12.0
25.1 11.3
23.9 10.9
22.8 10.4
22.0 9.6
21.6 8.3
21.7 7.0
22.1 5.8
22.7 4.6
23.2 3.7
23.8 4.8
