36
13
33.15931 25.81348 33.16124 25.79395 33.19976 25.00981 33.19976 24.99019 33.16124 24.20605 33.15931 24.18652 33.04412 23.40993 32.64845 23.46862 32.7622 24.23549 32.79976 25.0 32.7622 25.76451 32.64845 26.53138 33.04412 26.59007 

7
32.23617 21.14332 32.22692 21.12601 31.8233 20.45262 31.48021 20.65826 31.87877 21.32322 32.21024 22.02404 32.57183 21.85302 

10
30.20946 18.66773 30.19429 18.65527 29.5637 18.1876 29.54738 18.1767 28.87399 17.77308 28.66835 18.11618 29.33331 18.51474 29.94811 18.9707 30.52254 19.49134 30.79117 19.19496 

7
32.57183 28.14698 32.57935 28.12885 32.84383 27.38966 32.46721 27.2549 32.20604 27.98484 31.87457 28.68566 32.23617 28.85668 

13
26.60932 16.95971 26.59007 16.95588 25.81348 16.84069 25.79395 16.83876 25.00981 16.80024 24.99019 16.80024 24.20605 16.83876 24.22568 17.23828 25.0 17.20024 25.76451 17.2378 26.52166 17.35011 27.27368 17.53848 27.37087 17.15047 

4
19.79054 31.33227 20.05917 31.03589 19.47746 30.50866 19.20883 30.80504 

31
24.99019 33.19976 25.00981 33.19976 25.79395 33.16124 25.81348 33.15931 26.59007 33.04412 26.60932 33.04029 27.37087 32.84953 27.38966 32.84383 28.12885 32.57935 28.14698 32.57183 28.85668 32.23617 28.87399 32.22692 29.54738 31.8233 29.5637 31.8124 30.19429 31.34473 30.20946 31.33227 30.79117 30.80504 30.80504 30.79117 31.33227 30.20946 31.03589 29.94083 30.51526 30.51526 29.94811 31.0293 29.33331 31.48526 28.67678 31.87877 27.98484 32.20604 27.26415 32.4639 26.52166 32.64989 25.76451 32.7622 25.0 32.79976 24.22568 32.76172 24.20605 33.16124 

16
19.80571 18.65527 19.79054 18.66773 19.20883 19.19496 19.19496 19.20883 18.66773 19.79054 18.65527 19.80571 18.1876 20.4363 18.1767 20.45262 17.77308 21.12601 18.11618 21.33165 18.51474 20.66669 18.9707 20.05189 19.48474 19.48474 20.05189 18.9707 20.67458 18.50888 20.4363 18.1876 

22
16.80024 24.99019 16.80024 25.00981 16.83876 25.79395 16.84069 25.81348 16.95588 26.59007 16.95971 26.60932 17.15047 27.37087 17.15617 27.38966 17.42065 28.12885 17.42817 28.14698 17.76383 28.85668 17.77308 28.87399 18.1767 29.54738 18.51979 29.34174 18.12123 28.67678 17.79396 27.98484 17.5361 27.26415 17.35011 26.52166 17.2378 25.76451 17.20024 25.0 17.23828 24.22568 16.83876 24.20605 

89
7.7 32.0 7.7 39.7 3.0 39.7 3.0 40.3 7.7 40.3 7.7 46.0 7.70144 46.02941 7.70576 46.05853 7.71292 46.08709 7.72284 46.11481 7.73542 46.14142 7.75056 46.16667 7.7681 46.19032 7.78787 46.21213 7.80968 46.2319 7.83333 46.24944 7.85858 46.26458 7.88519 46.27716 7.91291 46.28708 7.94147 46.29424 7.97059 46.29856 8.0 46.3 8.02941 46.29856 8.05853 46.29424 8.08709 46.28708 8.11481 46.27716 8.14142 46.26458 8.16667 46.24944 8.19032 46.2319 8.21213 46.21213 8.2319 46.19032 8.24944 46.16667 8.26458 46.14142 8.27716 46.11481 8.28708 46.08709 8.29424 46.05853 8.29856 46.02941 8.3 46.0 8.3 40.0 8.3 32.3 15.0 32.3 15.02941 32.29856 15.05853 32.29424 15.08709 32.28708 15.11481 32.27716 15.14142 32.26458 15.16667 32.24944 15.19032 32.2319 15.21213 32.21213 15.2319 32.19032 15.24944 32.16667 15.26458 32.14142 15.27716 32.11481 15.28708 32.08709 15.29424 32.05853 15.29856 32.02941 15.3 32.0 15.29856 31.97059 15.29424 31.94147 15.28708 31.91291 15.27716 31.88519 15.26458 31.85858 15.24944 31.83333 15.2319 31.80968 15.21213 31.78787 15.19032 31.7681 15.16667 31.75056 15.14142 31.73542 15.11481 31.72284 15.08709 31.71292 15.05853 31.70576 15.02941 31.70144 15.0 31.7 8.0 31.7 7.97059 31.70144 7.94147 31.70576 7.91291 31.71292 7.88519 31.72284 7.85858 31.73542 7.83333 31.75056 7.80968 31.7681 7.78787 31.78787 7.7681 31.80968 7.75056 31.83333 7.73542 31.85858 7.72284 31.88519 7.71292 31.91291 7.70576 31.94147 7.70144 31.97059 

89
34.7 32.0 34.70144 32.02941 34.70576 32.05853 34.71292 32.08709 34.72284 32.11481 34.73542 32.14142 34.75056 32.16667 34.7681 32.19032 34.78787 32.21213 34.80968 32.2319 34.83333 32.24944 34.85858 32.26458 34.88519 32.27716 34.91291 32.28708 34.94147 32.29424 34.97059 32.29856 35.0 32.3 41.7 32.3 41.7 40.0 41.7 46.0 41.70144 46.02941 41.70576 46.05853 41.71292 46.08709 41.72284 46.11481 41.73542 46.14142 41.75056 46.16667 41.7681 46.19032 41.78787 46.21213 41.80968 46.2319 41.83333 46.24944 41.85858 46.26458 41.88519 46.27716 41.91291 46.28708 41.94147 46.29424 41.97059 46.29856 42.0 46.3 42.02941 46.29856 42.05853 46.29424 42.08709 46.28708 42.11481 46.27716 42.14142 46.26458 42.16667 46.24944 42.19032 46.2319 42.21213 46.21213 42.2319 46.19032 42.24944 46.16667 42.26458 46.14142 42.27716 46.11481 42.28708 46.08709 42.29424 46.05853 42.29856 46.02941 42.3 46.0 42.3 40.3 47.0 40.3 47.0 39.7 42.3 39.7 42.3 32.0 42.29856 31.97059 42.29424 31.94147 42.28708 31.91291 42.27716 31.88519 42.26458 31.85858 42.24944 31.83333 42.2319 31.80968 42.21213 31.78787 42.19032 31.7681 42.16667 31.75056 42.14142 31.73542 42.11481 31.72284 42.08709 31.71292 42.05853 31.70576 42.02941 31.70144 42.0 31.7 35.0 31.7 34.97059 31.70144 34.94147 31.70576 34.91291 31.71292 34.88519 31.72284 34.85858 31.73542 34.83333 31.75056 34.80968 31.7681 34.78787 31.78787 34.7681 31.80968 34.75056 31.83333 34.73542 31.85858 34.72284 31.88519 34.71292 31.91291 34.70576 31.94147 34.70144 31.97059 

89
7.7 4.0 7.7 9.7 3.0 9.7 3.0 10.3 7.7 10.3 7.7 18.0 7.70144 18.02941 7.70576 18.05853 7.71292 18.08709 7.72284 18.11481 7.73542 18.14142 7.75056 18.16667 7.7681 18.19032 7.78787 18.21213 7.80968 18.2319 7.83333 18.24944 7.85858 18.26458 7.88519 18.27716 7.91291 18.28708 7.94147 18.29424 7.97059 18.29856 8.0 18.3 15.0 18.3 15.02941 18.29856 15.05853 18.29424 15.08709 18.28708 15.11481 18.27716 15.14142 18.26458 15.16667 18.24944 15.19032 18.2319 15.21213 18.21213 15.2319 18.19032 15.24944 18.16667 15.26458 18.14142 15.27716 18.11481 15.28708 18.08709 15.29424 18.05853 15.29856 18.02941 15.3 18.0 15.29856 17.97059 15.29424 17.94147 15.28708 17.91291 15.27716 17.88519 15.26458 17.85858 15.24944 17.83333 15.2319 17.80968 15.21213 17.78787 15.19032 17.7681 15.16667 17.75056 15.14142 17.73542 15.11481 17.72284 15.08709 17.71292 15.05853 17.70576 15.02941 17.70144 15.0 17.7 8.3 17.7 8.3 10.0 8.3 4.0 8.29856 3.97059 8.29424 3.94147 8.28708 3.91291 8.27716 3.88519 8.26458 3.85858 8.24944 3.83333 8.2319 3.80968 8.21213 3.78787 8.19032 3.7681 8.16667 3.75056 8.14142 3.73542 8.11481 3.72284 8.08709 3.71292 8.05853 3.70576 8.02941 3.70144 8.0 3.7 7.97059 3.70144 7.94147 3.70576 7.91291 3.71292 7.88519 3.72284 7.85858 3.73542 7.83333 3.75056 7.80968 3.7681 7.78787 3.78787 7.7681 3.80968 7.75056 3.83333 7.73542 3.85858 7.72284 3.88519 7.71292 3.91291 7.70576 3.94147 7.70144 3.97059 

89
34.7 18.0 34.70144 18.02941 34.70576 18.05853 34.71292 18.08709 34.72284 18.11481 34.73542 18.14142 34.75056 18.16667 34.7681 18.19032 34.78787 18.21213 34.80968 18.2319 34.83333 18.24944 34.85858 18.26458 34.88519 18.27716 34.91291 18.28708 34.94147 18.29424 34.97059 18.29856 35.0 18.3 42.0 18.3 42.02941 18.29856 42.05853 18.29424 42.08709 18.28708 42.11481 18.27716 42.14142 18.26458 42.16667 18.24944 42.19032 18.2319 42.21213 18.21213 42.2319 18.19032 42.24944 18.16667 42.26458 18.14142 42.27716 18.11481 42.28708 18.08709 42.29424 18.05853 42.29856 18.02941 42.3 18.0 42.3 10.3 47.0 10.3 47.0 9.7 42.3 9.7 42.3 4.0 42.29856 3.97059 42.29424 3.94147 42.28708 3.91291 42.27716 3.88519 42.26458 3.85858 42.24944 3.83333 42.2319 3.80968 42.21213 3.78787 42.19032 3.7681 42.16667 3.75056 42.14142 3.73542 42.11481 3.72284 42.08709 3.71292 42.05853 3.70576 42.02941 3.70144 42.0 3.7 41.97059 3.70144 41.94147 3.70576 41.91291 3.71292 41.88519 3.72284 41.85858 3.73542 41.83333 3.75056 41.80968 3.7681 41.78787 3.78787 41.7681 3.80968 41.75056 3.83333 41.73542 3.85858 41.72284 3.88519 41.71292 3.91291 41.70576 3.94147 41.70144 3.97059 41.7 4.0 41.7 10.0 41.7 17.7 35.0 17.7 34.97059 17.70144 34.94147 17.70576 34.91291 17.71292 34.88519 17.72284 34.85858 17.73542 34.83333 17.75056 34.80968 17.7681 34.78787 17.78787 34.7681 17.80968 34.75056 17.83333 34.73542 17.85858 34.72284 17.88519 34.71292 17.91291 34.70576 17.94147 34.70144 17.97059 

22
20.3 42.0 20.29856 41.97059 20.29424 41.94147 20.28708 41.91291 20.27716 41.88519 20.26458 41.85858 20.24944 41.83333 20.2319 41.80968 20.21213 41.78787 20.19032 41.7681 20.16667 41.75056 20.14142 41.73542 20.11481 41.72284 20.08709 41.71292 20.05853 41.70576 20.02941 41.70144 20.0 41.7 13.0 41.7 13.0 42.3 19.7 42.3 19.7 50 20.3 50 

22
30.3 42.3 37.0 42.3 37.0 41.7 30.0 41.7 29.97059 41.70144 29.94147 41.70576 29.91291 41.71292 29.88519 41.72284 29.85858 41.73542 29.83333 41.75056 29.80968 41.7681 29.78787 41.78787 29.7681 41.80968 29.75056 41.83333 29.73542 41.85858 29.72284 41.88519 29.71292 41.91291 29.70576 41.94147 29.70144 41.97059 29.7 42.0 29.7 50 30.3 50 

22
19.7 7.7 13.0 7.7 13.0 8.3 20.0 8.3 20.02941 8.29856 20.05853 8.29424 20.08709 8.28708 20.11481 8.27716 20.14142 8.26458 20.16667 8.24944 20.19032 8.2319 20.21213 8.21213 20.2319 8.19032 20.24944 8.16667 20.26458 8.14142 20.27716 8.11481 20.28708 8.08709 20.29424 8.05853 20.29856 8.02941 20.3 8.0 20.3 0 19.7 0 

22
29.7 8.0 29.70144 8.02941 29.70576 8.05853 29.71292 8.08709 29.72284 8.11481 29.73542 8.14142 29.75056 8.16667 29.7681 8.19032 29.78787 8.21213 29.80968 8.2319 29.83333 8.24944 29.85858 8.26458 29.88519 8.27716 29.91291 8.28708 29.94147 8.29424 29.97059 8.29856 30.0 8.3 37.0 8.3 37.0 7.7 30.3 7.7 30.3 0 29.7 0 

74
3.7 21.0 3.7 24.7 0 24.7 0 25.3 3.7 25.3 3.7 29.0 3.70144 29.02941 3.70576 29.05853 3.71292 29.08709 3.72284 29.11481 3.73542 29.14142 3.75056 29.16667 3.7681 29.19032 3.78787 29.21213 3.80968 29.2319 3.83333 29.24944 3.85858 29.26458 3.88519 29.27716 3.91291 29.28708 3.94147 29.29424 3.97059 29.29856 4.0 29.3 4.02941 29.29856 4.05853 29.29424 4.08709 29.28708 4.11481 29.27716 4.14142 29.26458 4.16667 29.24944 4.19032 29.2319 4.21213 29.21213 4.2319 29.19032 4.24944 29.16667 4.26458 29.14142 4.27716 29.11481 4.28708 29.08709 4.29424 29.05853 4.29856 29.02941 4.3 29.0 4.3 25.3 8.0 25.3 8.0 24.7 4.3 24.7 4.3 21.0 4.29856 20.97059 4.29424 20.94147 4.28708 20.91291 4.27716 20.88519 4.26458 20.85858 4.24944 20.83333 4.2319 20.80968 4.21213 20.78787 4.19032 20.7681 4.16667 20.75056 4.14142 20.73542 4.11481 20.72284 4.08709 20.71292 4.05853 20.70576 4.02941 20.70144 4.0 20.7 3.97059 20.70144 3.94147 20.70576 3.91291 20.71292 3.88519 20.72284 3.85858 20.73542 3.83333 20.75056 3.80968 20.7681 3.78787 20.78787 3.7681 20.80968 3.75056 20.83333 3.73542 20.85858 3.72284 20.88519 3.71292 20.91291 3.70576 20.94147 3.70144 20.97059 

74
45.7 21.0 45.7 24.7 42.0 24.7 42.0 25.3 45.7 25.3 45.7 29.0 45.70144 29.02941 45.70576 29.05853 45.71292 29.08709 45.72284 29.11481 45.73542 29.14142 45.75056 29.16667 45.7681 29.19032 45.78787 29.21213 45.80968 29.2319 45.83333 29.24944 45.85858 29.26458 45.88519 29.27716 45.91291 29.28708 45.94147 29.29424 45.97059 29.29856 46.0 29.3 46.02941 29.29856 46.05853 29.29424 46.08709 29.28708 46.11481 29.27716 46.14142 29.26458 46.16667 29.24944 46.19032 29.2319 46.21213 29.21213 46.2319 29.19032 46.24944 29.16667 46.26458 29.14142 46.27716 29.11481 46.28708 29.08709 46.29424 29.05853 46.29856 29.02941 46.3 29.0 46.3 25.3 50 25.3 50 24.7 46.3 24.7 46.3 21.0 46.29856 20.97059 46.29424 20.94147 46.28708 20.91291 46.27716 20.88519 46.26458 20.85858 46.24944 20.83333 46.2319 20.80968 46.21213 20.78787 46.19032 20.7681 46.16667 20.75056 46.14142 20.73542 46.11481 20.72284 46.08709 20.71292 46.05853 20.70576 46.02941 20.70144 46.0 20.7 45.97059 20.70144 45.94147 20.70576 45.91291 20.71292 45.88519 20.72284 45.85858 20.73542 45.83333 20.75056 45.80968 20.7681 45.78787 20.78787 45.7681 20.80968 45.75056 20.83333 45.73542 20.85858 45.72284 20.88519 45.71292 20.91291 45.70576 20.94147 45.70144 20.97059 

4
40.75058 13.58644 38.80132 10.36559 35.58047 12.31485 37.52973 15.5357 

4
28.28429 29.67391 27.42899 26.08494 23.84003 26.94024 24.69533 30.52921 

3
34.31101 49.73377 37.10657 46.6561 34.07592 44.83941 

3
14.61032 38.04401 13.25184 34.28905 10.34912 36.04694 

136
26.37059 2.66509 25.71721 3.73074 24.65157 3.07736 24.63005 3.06558 24.60748 3.05596 24.58407 3.0486 24.56006 3.04358 24.53567 3.04093 24.51114 3.04068 24.4867 3.04284 24.46259 3.04738 24.43904 3.05427 24.41628 3.06343 24.39453 3.07478 24.374 3.0882 24.35488 3.10357 24.33735 3.12075 24.3216 3.13955 24.30777 3.15981 24.29598 3.18133 24.28637 3.2039 24.27901 3.22731 24.27398 3.25132 24.27133 3.27571 24.27108 3.30025 24.27324 3.32468 24.27779 3.34879 24.28467 3.37234 24.29383 3.3951 24.30518 3.41685 24.31861 3.43739 24.33398 3.45651 24.35115 3.47403 24.36996 3.48978 24.39022 3.50362 25.45586 4.15699 24.80249 5.22264 24.79071 5.24416 24.78109 5.26673 24.77373 5.29013 24.7687 5.31415 24.76605 5.33854 24.76581 5.36307 24.76797 5.38751 24.77251 5.41162 24.7794 5.43517 24.78856 5.45793 24.7999 5.47968 24.81333 5.50021 24.8287 5.51933 24.84587 5.53686 24.86468 5.55261 24.88494 5.56644 24.90646 5.57823 24.92903 5.58784 24.95244 5.5952 24.97645 5.60023 25.00084 5.60288 25.02537 5.60312 25.04981 5.60097 25.07392 5.59642 25.09747 5.58954 25.12023 5.58038 25.14198 5.56903 25.16252 5.5556 25.18164 5.54023 25.19916 5.52306 25.21491 5.50425 25.22875 5.48399 25.88212 4.41835 26.94777 5.07172 26.96929 5.0835 26.99186 5.09312 27.01526 5.10048 27.03928 5.1055 27.06367 5.10816 27.0882 5.1084 27.11264 5.10624 27.13675 5.1017 27.16029 5.09481 27.18305 5.08565 27.20481 5.07431 27.22534 5.06088 27.24446 5.04551 27.26198 5.02834 27.27774 5.00953 27.29157 4.98927 27.30335 4.96775 27.31297 4.94518 27.32033 4.92177 27.32536 4.89776 27.32801 4.87337 27.32825 4.84884 27.32609 4.8244 27.32155 4.80029 27.31466 4.77674 27.3055 4.75398 27.29416 4.73223 27.28073 4.71169 27.26536 4.69257 27.24819 4.67505 27.22938 4.6593 27.20912 4.64546 26.14347 3.99209 26.79685 2.92644 26.80863 2.90492 26.81825 2.88235 26.8256 2.85895 26.83063 2.83493 26.83328 2.81054 26.83353 2.78601 26.83137 2.76157 26.82683 2.73746 26.81994 2.71392 26.81078 2.69116 26.79943 2.6694 26.78601 2.64887 26.77064 2.62975 26.75346 2.61223 26.73466 2.59647 26.7144 2.58264 26.69288 2.57086 26.6703 2.56124 26.6469 2.55388 26.62289 2.54885 26.5985 2.5462 26.57396 2.54596 26.54953 2.54812 26.52542 2.55266 26.50187 2.55955 26.47911 2.56871 26.45736 2.58005 26.43682 2.59348 26.4177 2.60885 26.40018 2.62602 26.38443 2.64483 

136
33.41215 34.68222 32.18462 34.44629 32.42055 33.21875 32.42399 33.19446 32.42504 33.16995 32.42368 33.14545 32.41992 33.12121 32.4138 33.09745 32.40539 33.0744 32.39476 33.05229 32.38201 33.03133 32.36727 33.01172 32.35067 32.99365 32.33239 32.97729 32.31259 32.96281 32.29146 32.95033 32.26922 32.93998 32.24607 32.93187 32.22223 32.92606 32.19794 32.92262 32.17343 32.92157 32.14893 32.92293 32.12469 32.92669 32.10093 32.93281 32.07788 32.94122 32.05577 32.95185 32.03481 32.9646 32.0152 32.97934 31.99713 32.99594 31.98077 33.01422 31.96628 33.03402 31.95381 33.05515 31.94346 33.07739 31.93534 33.10054 31.92954 33.12438 31.69361 34.35191 30.46607 34.11599 30.44178 34.11254 30.41727 34.1115 30.39278 34.11286 30.36853 34.11662 30.34477 34.12273 30.32173 34.13115 30.29962 34.14178 30.27865 34.15453 30.25904 34.16927 30.24097 34.18586 30.22461 34.20415 30.21013 34.22395 30.19765 34.24507 30.1873 34.26732 30.17919 34.29047 30.17338 34.31431 30.16994 34.3386 30.16889 34.36311 30.17026 34.3876 30.17401 34.41185 30.18013 34.43561 30.18854 34.45865 30.19918 34.48076 30.21192 34.50173 30.22667 34.52134 30.24326 34.53941 30.26154 34.55577 30.28134 34.57025 30.30247 34.58273 30.32471 34.59308 30.34787 34.60119 30.3717 34.607 31.59924 34.84293 31.36331 36.07046 31.35986 36.09475 31.35882 36.11926 31.36018 36.14376 31.36394 36.168 31.37005 36.19176 31.37847 36.21481 31.3891 36.23692 31.40185 36.25788 31.41659 36.27749 31.43318 36.29556 31.45147 36.31192 31.47127 36.32641 31.49239 36.33888 31.51464 36.34923 31.53779 36.35735 31.56163 36.36315 31.58592 36.3666 31.61043 36.36764 31.63493 36.36628 31.65917 36.36252 31.68293 36.35641 31.70598 36.34799 31.72809 36.33736 31.74905 36.32461 31.76866 36.30987 31.78673 36.29328 31.80309 36.27499 31.81757 36.25519 31.83005 36.23407 31.8404 36.21182 31.84851 36.18867 31.85432 36.16483 32.09025 34.9373 33.31778 35.17323 33.34207 35.17667 33.36658 35.17772 33.39108 35.17635 33.41533 35.1726 33.43908 35.16648 33.46213 35.15807 33.48424 35.14744 33.5052 35.13469 33.52481 35.11994 33.54288 35.10335 33.55924 35.08507 33.57373 35.06527 33.58621 35.04414 33.59655 35.0219 33.60467 34.99874 33.61047 34.97491 33.61392 34.95062 33.61496 34.92611 33.6136 34.90161 33.60984 34.87736 33.60373 34.85361 33.59531 34.83056 33.58468 34.80845 33.57193 34.78749 33.55719 34.76788 33.5406 34.74981 33.52231 34.73345 33.50251 34.71896 33.48139 34.70648 33.45914 34.69614 33.43599 34.68802 

136
25.1897 46.19578 25.45968 44.97528 26.68018 45.24526 26.70437 45.24938 26.72884 45.2511 26.75336 45.25042 26.7777 45.24734 26.80162 45.24189 26.82489 45.23412 26.84729 45.22411 26.8686 45.21194 26.88861 45.19775 26.90714 45.18167 26.924 45.16385 26.93903 45.14446 26.95209 45.12369 26.96305 45.10174 26.97181 45.07882 26.97827 45.05516 26.98239 45.03097 26.98412 45.0065 26.98344 44.98197 26.98036 44.95763 26.9749 44.93371 26.96713 44.91044 26.95712 44.88804 26.94496 44.86674 26.93077 44.84672 26.91469 44.8282 26.89686 44.81134 26.87747 44.7963 26.8567 44.78325 26.83475 44.77228 26.81184 44.76353 26.78817 44.75706 25.56767 44.48708 25.83765 43.26659 25.84177 43.2424 25.8435 43.21793 25.84282 43.1934 25.83974 43.16906 25.83428 43.14514 25.82651 43.12187 25.8165 43.09947 25.80434 43.07817 25.79015 43.05815 25.77406 43.03963 25.75624 43.02277 25.73685 43.00773 25.71608 42.99468 25.69413 42.98371 25.67122 42.97496 25.64755 42.96849 25.62336 42.96437 25.59889 42.96265 25.57437 42.96333 25.55003 42.96641 25.52611 42.97186 25.50284 42.97963 25.48044 42.98964 25.45913 43.0018 25.43912 43.016 25.42059 43.03208 25.40373 43.0499 25.3887 43.06929 25.37564 43.09006 25.36468 43.11201 25.35592 43.13493 25.34945 43.15859 25.07948 44.37909 23.85898 44.10911 23.83479 44.10499 23.81032 44.10327 23.7858 44.10395 23.76146 44.10703 23.73754 44.11248 23.71427 44.12025 23.69187 44.13027 23.67056 44.14243 23.65055 44.15662 23.63202 44.1727 23.61516 44.19052 23.60013 44.20991 23.58707 44.23068 23.57611 44.25263 23.56735 44.27555 23.56088 44.29922 23.55677 44.3234 23.55504 44.34787 23.55572 44.3724 23.5588 44.39674 23.56425 44.42066 23.57202 44.44393 23.58204 44.46633 23.5942 44.48763 23.60839 44.50765 23.62447 44.52617 23.6423 44.54303 23.66169 44.55807 23.68245 44.57113 23.7044 44.58209 23.72732 44.59084 23.75099 44.59731 24.97148 44.86729 24.70151 46.08779 24.69739 46.11197 24.69566 46.13644 24.69634 46.16097 24.69942 46.18531 24.70488 46.20923 24.71265 46.2325 24.72266 46.2549 24.73482 46.2762 24.74901 46.29622 24.76509 46.31474 24.78292 46.3316 24.80231 46.34664 24.82308 46.3597 24.84503 46.37066 24.86794 46.37941 24.89161 46.38588 24.9158 46.39 24.94027 46.39172 24.96479 46.39104 24.98913 46.38796 25.01305 46.38251 25.03632 46.37474 25.05872 46.36473 25.08003 46.35257 25.10004 46.33838 25.11857 46.32229 25.13543 46.30447 25.15046 46.28508 25.16352 46.26431 25.17448 46.24236 25.18324 46.21944 

136
16.13207 3.33002 14.98783 3.83323 14.48462 2.689 14.47365 2.66705 14.46059 2.64628 14.44555 2.6269 14.42869 2.60908 14.41016 2.593 14.39014 2.57882 14.36883 2.56666 14.34643 2.55665 14.32316 2.54889 14.29923 2.54344 14.27489 2.54037 14.25037 2.5397 14.2259 2.54143 14.20171 2.54555 14.17805 2.55203 14.15513 2.56079 14.13318 2.57176 14.11242 2.58482 14.09303 2.59986 14.07522 2.61672 14.05914 2.63525 14.04495 2.65527 14.0328 2.67658 14.02279 2.69898 14.01503 2.72226 14.00958 2.74618 14.00651 2.77052 14.00583 2.79504 14.00757 2.81952 14.01169 2.8437 14.01816 2.86736 14.02693 2.89028 14.53014 4.03452 13.3859 4.53773 13.36395 4.54869 13.34319 4.56176 13.3238 4.5768 13.30598 4.59366 13.2899 4.61219 13.27572 4.63221 13.26356 4.65352 13.25356 4.67592 13.24579 4.69919 13.24035 4.72312 13.23727 4.74746 13.2366 4.77198 13.23833 4.79645 13.24246 4.82064 13.24893 4.8443 13.25769 4.86722 13.26866 4.88916 13.28172 4.90993 13.29676 4.92931 13.31363 4.94713 13.33216 4.96321 13.35217 4.9774 13.37349 4.98955 13.39589 4.99956 13.41916 5.00732 13.44308 5.01277 13.46742 5.01584 13.49195 5.01652 13.51642 5.01478 13.5406 5.01066 13.56427 5.00419 13.58718 4.99542 14.73142 4.49221 15.23463 5.63645 15.2456 5.6584 15.25866 5.67916 15.2737 5.69855 15.29056 5.71637 15.30909 5.73244 15.32911 5.74663 15.35042 5.75878 15.37282 5.76879 15.3961 5.77656 15.42002 5.782 15.44436 5.78508 15.46888 5.78575 15.49335 5.78402 15.51754 5.77989 15.5412 5.77342 15.56412 5.76466 15.58607 5.75369 15.60683 5.74062 15.62622 5.72559 15.64403 5.70872 15.66011 5.69019 15.6743 5.67017 15.68645 5.64886 15.69646 5.62646 15.70423 5.60319 15.70967 5.57927 15.71275 5.55493 15.71342 5.5304 15.71169 5.50593 15.70756 5.48175 15.70109 5.45808 15.69232 5.43517 15.18911 4.29093 16.33335 3.78772 16.3553 3.77675 16.37606 3.76369 16.39545 3.74865 16.41327 3.73178 16.42935 3.71325 16.44353 3.69324 16.45569 3.67193 16.46569 3.64953 16.47346 3.62625 16.4789 3.60233 16.48198 3.57799 16.48265 3.55347 16.48092 3.52899 16.47679 3.50481 16.47032 3.48114 16.46156 3.45823 16.45059 3.43628 16.43753 3.41552 16.42249 3.39613 16.40562 3.37831 16.38709 3.36223 16.36708 3.34805 16.34577 3.33589 16.32337 3.32589 16.30009 3.31812 16.27617 3.31268 16.25183 3.3096 16.22731 3.30893 16.20283 3.31066 16.17865 3.31479 16.15498 3.32126 

136
27.0885 22.83683 27.25098 21.59743 28.49037 21.75991 28.51483 21.7619 28.53936 21.76148 28.56373 21.75867 28.58771 21.75347 28.61106 21.74595 28.63357 21.73618 28.655 21.72425 28.67517 21.71028 28.69387 21.6944 28.71092 21.67676 28.72616 21.65753 28.73944 21.63691 28.75064 21.61508 28.75965 21.59226 28.76637 21.56866 28.77075 21.54452 28.77274 21.52007 28.77232 21.49554 28.76951 21.47117 28.76432 21.44719 28.7568 21.42384 28.74703 21.40133 28.7351 21.37989 28.72112 21.35973 28.70524 21.34103 28.6876 21.32398 28.66838 21.30873 28.64775 21.29545 28.62592 21.28425 28.6031 21.27525 28.5795 21.26853 28.55536 21.26415 27.31597 21.10167 27.47844 19.86228 27.48043 19.83782 27.48002 19.81329 27.4772 19.78892 27.47201 19.76494 27.46449 19.74159 27.45472 19.71909 27.44279 19.69765 27.42882 19.67748 27.41294 19.65878 27.3953 19.64173 27.37607 19.62649 27.35544 19.61321 27.33362 19.60201 27.31079 19.59301 27.2872 19.58628 27.26306 19.5819 27.23861 19.57991 27.21408 19.58033 27.1897 19.58314 27.16573 19.58834 27.14237 19.59585 27.11987 19.60563 27.09843 19.61755 27.07826 19.63153 27.05957 19.64741 27.04251 19.66505 27.02727 19.68427 27.01399 19.7049 27.00279 19.72673 26.99379 19.74955 26.98706 19.77315 26.98268 19.79729 26.82021 21.03668 25.58081 20.87421 25.55636 20.87222 25.53183 20.87263 25.50746 20.87545 25.48348 20.88064 25.46013 20.88816 25.43762 20.89793 25.41619 20.90986 25.39602 20.92383 25.37732 20.93972 25.36027 20.95735 25.34503 20.97658 25.33174 20.99721 25.32055 21.01904 25.31154 21.04186 25.30482 21.06545 25.30044 21.08959 25.29845 21.11405 25.29886 21.13858 25.30168 21.16295 25.30687 21.18693 25.31439 21.21028 25.32416 21.23278 25.33609 21.25422 25.35006 21.27439 25.36595 21.29309 25.38359 21.31014 25.40281 21.32538 25.42344 21.33866 25.44527 21.34986 25.46809 21.35886 25.49168 21.36559 25.51582 21.36997 26.75522 21.53244 26.59275 22.77184 26.59075 22.79629 26.59117 22.82082 26.59399 22.84519 26.59918 22.86917 26.6067 22.89252 26.61647 22.91503 26.6284 22.93647 26.64237 22.95663 26.65825 22.97533 26.67589 22.99238 26.69512 23.00762 26.71574 23.02091 26.73757 23.03211 26.7604 23.04111 26.78399 23.04783 26.80813 23.05221 26.83258 23.0542 26.85711 23.05379 26.88148 23.05097 26.90546 23.04578 26.92882 23.03826 26.95132 23.02849 26.97276 23.01656 26.99292 23.00259 27.01162 22.9867 27.02868 22.96907 27.04392 22.94984 27.0572 22.92921 27.0684 22.90738 27.0774 22.88456 27.08413 22.86097 

84
18.83065 25.53802 21.74035 23.43251 21.7595 23.41717 21.77705 23.40002 21.79283 23.38124 21.8067 23.361 21.81852 23.3395 21.82817 23.31695 21.83557 23.29356 21.84064 23.26955 21.84333 23.24517 21.84362 23.22063 21.8415 23.19619 21.837 23.17208 21.83015 23.14852 21.82103 23.12574 21.80972 23.10397 21.79633 23.08341 21.78099 23.06427 21.76384 23.04672 21.74506 23.03093 21.72483 23.01706 21.70333 23.00524 21.68077 22.99559 21.65738 22.98819 21.63337 22.98312 21.60899 22.98043 21.58446 22.98015 21.56001 22.98226 21.5359 22.98677 21.51234 22.99361 21.48956 23.00273 21.46779 23.01405 21.44723 23.02744 18.33499 25.27951 18.31585 25.29485 18.2983 25.312 18.28251 25.33078 18.26864 25.35101 18.25683 25.37251 18.24717 25.39507 18.23977 25.41846 18.23471 25.44247 18.23201 25.46685 18.23173 25.49138 18.23385 25.51583 18.23835 25.53994 18.24519 25.5635 18.25432 25.58628 18.26563 25.60805 18.27902 25.62861 20.53109 28.74085 20.54643 28.75999 20.56358 28.77754 20.58236 28.79333 20.6026 28.8072 20.6241 28.81902 20.64665 28.82867 20.67004 28.83607 20.69405 28.84113 20.71843 28.84383 20.74297 28.84411 20.76741 28.842 20.79152 28.83749 20.81508 28.83065 20.83786 28.82152 20.85963 28.81021 20.88019 28.79682 20.89933 28.78148 20.91688 28.76434 20.93267 28.74556 20.94654 28.72532 20.95836 28.70382 20.96801 28.68127 20.97541 28.65787 20.98048 28.63387 20.98317 28.60948 20.98346 28.58495 20.98134 28.56051 20.97683 28.53639 20.96999 28.51283 20.96087 28.49006 20.94955 28.46829 20.93616 28.44773 

66
32.2141 16.021 32.19434 16.03555 32.17611 16.05197 32.15958 16.07009 32.1449 16.08975 32.13222 16.11075 32.12166 16.1329 32.11332 16.15597 32.10728 16.17975 32.1036 16.20401 32.10232 16.22851 32.10344 16.25302 32.10696 16.2773 32.11284 16.30111 32.12104 16.32424 32.13145 16.34645 32.144 16.36754 32.15855 16.38729 32.17496 16.40552 32.19309 16.42206 32.21275 16.43673 32.23375 16.44942 32.25589 16.45998 32.27897 16.46832 32.30275 16.47436 32.327 16.47803 32.3515 16.47932 32.37601 16.47819 32.40029 16.47467 32.42411 16.46879 32.44723 16.4606 32.46945 16.45018 32.49053 16.43764 34.89135 14.84472 34.9111 14.83017 34.92933 14.81375 34.94587 14.79563 34.96055 14.77597 34.97323 14.75497 34.98379 14.73282 34.99213 14.70975 34.99817 14.68597 35.00185 14.66171 35.00313 14.63721 35.00201 14.61271 34.99849 14.58843 34.9926 14.56461 34.98441 14.54148 34.97399 14.51927 34.96145 14.49819 34.9469 14.47843 34.93048 14.4602 34.91236 14.44367 34.8927 14.42899 34.8717 14.41631 34.84955 14.40574 34.82648 14.3974 34.8027 14.39137 34.77845 14.38769 34.75395 14.3864 34.72944 14.38753 34.70516 14.39105 34.68134 14.39693 34.65821 14.40512 34.636 14.41554 34.61492 14.42808 

66
18.23623 15.55122 18.26063 15.54869 18.28467 15.54379 18.30811 15.53656 18.33073 15.52706 18.35232 15.51539 18.37265 15.50166 18.39154 15.48601 18.4088 15.46858 18.42428 15.44954 18.43781 15.42907 18.44927 15.40738 18.45855 15.38467 18.46556 15.36116 18.47023 15.33707 18.47251 15.31264 18.4724 15.28811 18.46987 15.26371 18.46497 15.23967 18.45774 15.21623 18.44824 15.1936 18.43657 15.17202 18.42284 15.15169 18.40719 15.1328 18.38976 15.11554 18.37072 15.10006 18.35025 15.08653 18.32856 15.07507 18.30585 15.06579 18.28234 15.05878 18.25825 15.05411 18.23383 15.05182 18.20929 15.05194 15.33228 15.20716 15.30787 15.20968 15.28383 15.21458 15.26039 15.22182 15.23777 15.23132 15.21619 15.24298 15.19585 15.25671 15.17696 15.27237 15.1597 15.2898 15.14423 15.30884 15.1307 15.3293 15.11923 15.351 15.10996 15.37371 15.10295 15.39722 15.09828 15.4213 15.09599 15.44573 15.09611 15.47026 15.09863 15.49467 15.10353 15.51871 15.11077 15.54215 15.12026 15.56477 15.13193 15.58635 15.14566 15.60668 15.16132 15.62557 15.17875 15.64284 15.19779 15.65831 15.21825 15.67184 15.23994 15.6833 15.26265 15.69258 15.28617 15.69959 15.31025 15.70426 15.33468 15.70655 15.35921 15.70643 

66
26.60293 7.95265 26.62725 7.94944 26.65115 7.94386 26.67437 7.93596 26.69672 7.92583 26.71796 7.91355 26.7379 7.89926 26.75634 7.88307 26.7731 7.86516 26.78803 7.84569 26.80098 7.82485 26.81182 7.80284 26.82045 7.77988 26.8268 7.75618 26.83078 7.73197 26.83238 7.70749 26.83157 7.68297 26.82836 7.65865 26.82278 7.63476 26.81488 7.61153 26.80475 7.58918 26.79247 7.56794 26.77818 7.548 26.76199 7.52957 26.74408 7.5128 26.72461 7.49787 26.70377 7.48492 26.68176 7.47408 26.6588 7.46545 26.6351 7.45911 26.61089 7.45512 26.58641 7.45352 26.56189 7.45433 23.80412 7.68147 23.7798 7.68468 23.75591 7.69026 23.73268 7.69816 23.71034 7.70829 23.68909 7.72056 23.66916 7.73486 23.65072 7.75104 23.63395 7.76896 23.61902 7.78843 23.60608 7.80926 23.59523 7.83127 23.5866 7.85424 23.58026 7.87794 23.57627 7.90214 23.57468 7.92663 23.57549 7.95115 23.5787 7.97547 23.58428 7.99936 23.59217 8.02259 23.60231 8.04493 23.61458 8.06618 23.62888 8.08611 23.64506 8.10455 23.66297 8.12132 23.68244 8.13624 23.70328 8.14919 23.72529 8.16004 23.74825 8.16867 23.77195 8.17501 23.79616 8.179 23.82064 8.18059 23.84516 8.17978 

66
31.36139 24.33383 31.38514 24.32767 31.40817 24.3192 31.43025 24.30853 31.45119 24.29573 31.47077 24.28095 31.48881 24.26432 31.50513 24.246 31.51957 24.22617 31.532 24.20502 31.5423 24.18275 31.55037 24.15958 31.55613 24.13574 31.55952 24.11144 31.56052 24.08692 31.5591 24.06243 31.5553 24.03819 31.54913 24.01445 31.54067 23.99142 31.52999 23.96933 31.5172 23.9484 31.50242 23.92882 31.48579 23.91078 31.46747 23.89446 31.44764 23.88001 31.42649 23.86758 31.40422 23.85728 31.38105 23.84921 31.3572 23.84346 31.3329 23.84006 31.30839 23.83907 31.2839 23.84048 31.25966 23.84429 28.60462 24.39603 28.58087 24.40219 28.55784 24.41066 28.53576 24.42133 28.51482 24.43413 28.49524 24.44891 28.4772 24.46554 28.46088 24.48386 28.44644 24.50369 28.43401 24.52484 28.42371 24.54711 28.41564 24.57027 28.40988 24.59412 28.40649 24.61842 28.40549 24.64294 28.40691 24.66743 28.41071 24.69166 28.41688 24.71541 28.42534 24.73844 28.43602 24.76053 28.44881 24.78146 28.46359 24.80104 28.48023 24.81908 28.49854 24.8354 28.51837 24.84985 28.53952 24.86228 28.56179 24.87258 28.58496 24.88065 28.60881 24.8864 28.63311 24.8898 28.65762 24.89079 28.68211 24.88938 28.70635 24.88557 

66
39.88174 42.94893 39.89274 42.92699 39.90153 42.90409 39.90804 42.88044 39.91219 42.85626 39.91396 42.83179 39.91332 42.80726 39.91028 42.78292 39.90486 42.75899 39.89713 42.7357 39.88715 42.71329 39.87503 42.69196 39.86087 42.67193 39.84481 42.65337 39.82702 42.63649 39.80765 42.62142 39.7869 42.60833 39.76497 42.59733 39.74207 42.58854 39.71841 42.58203 39.69423 42.57788 39.66976 42.57611 39.64524 42.57675 39.62089 42.57979 39.59697 42.58521 39.57368 42.59294 39.55127 42.60292 39.52994 42.61504 39.5099 42.6292 39.49135 42.64526 39.47446 42.66305 39.4594 42.68242 39.44631 42.70316 38.14007 45.01751 38.12907 45.03944 38.12028 45.06234 38.11377 45.086 38.10962 45.11018 38.10785 45.13465 38.10849 45.15917 38.11153 45.18352 38.11694 45.20745 38.12468 45.23073 38.13466 45.25314 38.14678 45.27447 38.16094 45.29451 38.17699 45.31306 38.19479 45.32995 38.21415 45.34501 38.2349 45.35811 38.25683 45.3691 38.27974 45.37789 38.30339 45.3844 38.32757 45.38856 38.35204 45.39032 38.37657 45.38968 38.40091 45.38664 38.42484 45.38123 38.44813 45.3735 38.47054 45.36352 38.49187 45.35139 38.5119 45.33723 38.53045 45.32118 38.54734 45.30338 38.56241 45.28402 38.5755 45.26327 

66
28.71023 25.8813 28.68725 25.87271 28.66353 25.86641 28.63932 25.86246 28.61484 25.86091 28.59032 25.86176 28.566 25.86502 28.54212 25.87064 28.5189 25.87857 28.49658 25.88875 28.47536 25.90106 28.45544 25.91539 28.43703 25.93161 28.4203 25.94955 28.40541 25.96904 28.39249 25.98991 28.38169 26.01193 28.3731 26.03491 28.3668 26.05862 28.36285 26.08284 28.3613 26.10732 28.36215 26.13184 28.36541 26.15616 28.37103 26.18004 28.37896 26.20325 28.38914 26.22558 28.40145 26.2468 28.41578 26.26671 28.432 26.28512 28.44994 26.30186 28.46943 26.31675 28.4903 26.32966 28.51232 26.34047 30.90401 27.3713 30.92699 27.37989 30.9507 27.38619 30.97491 27.39014 30.9994 27.39169 31.02392 27.39083 31.04824 27.38758 31.07212 27.38196 31.09533 27.37402 31.11766 27.36385 31.13888 27.35154 31.15879 27.33721 31.1772 27.32099 31.19393 27.30305 31.20883 27.28355 31.22174 27.26269 31.23254 27.24066 31.24114 27.21769 31.24744 27.19397 31.25138 27.16976 31.25294 27.14527 31.25208 27.12076 31.24883 27.09644 31.24321 27.07256 31.23527 27.04934 31.2251 27.02702 31.21279 27.0058 31.19845 26.98588 31.18224 26.96747 31.1643 26.95074 31.1448 26.93585 31.12394 26.92293 31.10191 26.91213 

66
21.99195 33.44685 21.98441 33.47019 21.97919 33.49416 21.97634 33.51853 21.9759 33.54306 21.97786 33.56752 21.98221 33.59166 21.98891 33.61526 21.99789 33.6381 22.00906 33.65994 22.02232 33.68058 22.03754 33.69982 22.05457 33.71748 22.07325 33.73339 22.0934 33.74738 22.11482 33.75934 22.13732 33.76913 22.16066 33.77668 22.18463 33.7819 22.209 33.78474 22.23353 33.78519 22.25799 33.78322 22.28213 33.77887 22.30573 33.77218 22.32857 33.7632 22.35041 33.75203 22.37105 33.73877 22.39029 33.72355 22.40795 33.70652 22.42386 33.68783 22.43785 33.66769 22.44981 33.64626 22.4596 33.62377 23.38114 31.18788 23.38868 31.16454 23.3939 31.14056 23.39675 31.1162 23.39719 31.09167 23.39523 31.06721 23.39088 31.04307 23.38418 31.01946 23.3752 30.99663 23.36403 30.97479 23.35077 30.95415 23.33555 30.9349 23.31852 30.91724 23.29984 30.90134 23.27969 30.88734 23.25827 30.87539 23.23577 30.86559 23.21243 30.85805 23.18846 30.85283 23.16409 30.84998 23.13956 30.84954 23.1151 30.8515 23.09096 30.85585 23.06736 30.86255 23.04452 30.87153 23.02268 30.8827 23.00204 30.89596 22.9828 30.91118 22.96514 30.92821 22.94923 30.94689 22.93524 30.96704 22.92328 30.98847 22.91349 31.01096 

