31
10
31.34473 19.80571 31.33227 19.79054 30.80504 19.20883 30.79117 19.19496 30.20946 18.66773 29.94083 18.96411 30.51526 19.48474 31.0293 20.05189 31.49112 20.67458 31.8124 20.4363 

7
28.14698 17.42817 28.12885 17.42065 27.38966 17.15617 27.2549 17.53279 27.98484 17.79396 28.68566 18.12543 28.85668 17.76383 

37
16.84069 24.18652 16.83876 24.20605 16.80024 24.99019 16.80024 25.00981 16.83876 25.79395 16.84069 25.81348 16.95588 26.59007 16.95971 26.60932 17.15047 27.37087 17.15617 27.38966 17.42065 28.12885 17.42817 28.14698 17.76383 28.85668 17.77308 28.87399 18.1767 29.54738 18.1876 29.5637 18.65527 30.19429 18.66773 30.20946 19.19496 30.79117 19.20883 30.80504 19.79054 31.33227 19.80571 31.34473 20.4363 31.8124 20.67458 31.49112 20.05189 31.0293 19.48474 30.51526 18.9707 29.94811 18.51474 29.33331 18.12123 28.67678 17.79396 27.98484 17.5361 27.26415 17.35011 26.52166 17.2378 25.76451 17.20024 25.0 17.2378 24.23549 17.35155 23.46862 16.95588 23.40993 

13
25.79395 33.16124 25.81348 33.15931 26.59007 33.04412 26.60932 33.04029 27.37087 32.84953 27.38966 32.84383 28.12885 32.57935 27.99409 32.20273 27.26415 32.4639 26.52166 32.64989 25.76451 32.7622 24.99019 32.80024 25.00981 33.19976 

19
24.20605 16.83876 24.18652 16.84069 23.40993 16.95588 23.39068 16.95971 22.62913 17.15047 22.61034 17.15617 21.87115 17.42065 21.85302 17.42817 21.14332 17.76383 21.12601 17.77308 20.45262 18.1767 20.65826 18.51979 21.32322 18.12123 22.01516 17.79396 22.73585 17.5361 23.47834 17.35011 24.23549 17.2378 25.00981 17.19976 24.99019 16.80024 

13
18.66773 19.79054 18.65527 19.80571 18.1876 20.4363 18.1767 20.45262 17.77308 21.12601 17.76383 21.14332 17.42817 21.85302 17.78976 22.02404 18.12123 21.32322 18.51474 20.66669 18.9707 20.05189 19.49134 19.47746 19.19496 19.20883 

89
7.7 32.0 7.7 39.7 3.0 39.7 3.0 40.3 7.7 40.3 7.7 46.0 7.70144 46.02941 7.70576 46.05853 7.71292 46.08709 7.72284 46.11481 7.73542 46.14142 7.75056 46.16667 7.7681 46.19032 7.78787 46.21213 7.80968 46.2319 7.83333 46.24944 7.85858 46.26458 7.88519 46.27716 7.91291 46.28708 7.94147 46.29424 7.97059 46.29856 8.0 46.3 8.02941 46.29856 8.05853 46.29424 8.08709 46.28708 8.11481 46.27716 8.14142 46.26458 8.16667 46.24944 8.19032 46.2319 8.21213 46.21213 8.2319 46.19032 8.24944 46.16667 8.26458 46.14142 8.27716 46.11481 8.28708 46.08709 8.29424 46.05853 8.29856 46.02941 8.3 46.0 8.3 40.0 8.3 32.3 15.0 32.3 15.02941 32.29856 15.05853 32.29424 15.08709 32.28708 15.11481 32.27716 15.14142 32.26458 15.16667 32.24944 15.19032 32.2319 15.21213 32.21213 15.2319 32.19032 15.24944 32.16667 15.26458 32.14142 15.27716 32.11481 15.28708 32.08709 15.29424 32.05853 15.29856 32.02941 15.3 32.0 15.29856 31.97059 15.29424 31.94147 15.28708 31.91291 15.27716 31.88519 15.26458 31.85858 15.24944 31.83333 15.2319 31.80968 15.21213 31.78787 15.19032 31.7681 15.16667 31.75056 15.14142 31.73542 15.11481 31.72284 15.08709 31.71292 15.05853 31.70576 15.02941 31.70144 15.0 31.7 8.0 31.7 7.97059 31.70144 7.94147 31.70576 7.91291 31.71292 7.88519 31.72284 7.85858 31.73542 7.83333 31.75056 7.80968 31.7681 7.78787 31.78787 7.7681 31.80968 7.75056 31.83333 7.73542 31.85858 7.72284 31.88519 7.71292 31.91291 7.70576 31.94147 7.70144 31.97059 

89
34.7 32.0 34.70144 32.02941 34.70576 32.05853 34.71292 32.08709 34.72284 32.11481 34.73542 32.14142 34.75056 32.16667 34.7681 32.19032 34.78787 32.21213 34.80968 32.2319 34.83333 32.24944 34.85858 32.26458 34.88519 32.27716 34.91291 32.28708 34.94147 32.29424 34.97059 32.29856 35.0 32.3 41.7 32.3 41.7 40.0 41.7 46.0 41.70144 46.02941 41.70576 46.05853 41.71292 46.08709 41.72284 46.11481 41.73542 46.14142 41.75056 46.16667 41.7681 46.19032 41.78787 46.21213 41.80968 46.2319 41.83333 46.24944 41.85858 46.26458 41.88519 46.27716 41.91291 46.28708 41.94147 46.29424 41.97059 46.29856 42.0 46.3 42.02941 46.29856 42.05853 46.29424 42.08709 46.28708 42.11481 46.27716 42.14142 46.26458 42.16667 46.24944 42.19032 46.2319 42.21213 46.21213 42.2319 46.19032 42.24944 46.16667 42.26458 46.14142 42.27716 46.11481 42.28708 46.08709 42.29424 46.05853 42.29856 46.02941 42.3 46.0 42.3 40.3 47.0 40.3 47.0 39.7 42.3 39.7 42.3 32.0 42.29856 31.97059 42.29424 31.94147 42.28708 31.91291 42.27716 31.88519 42.26458 31.85858 42.24944 31.83333 42.2319 31.80968 42.21213 31.78787 42.19032 31.7681 42.16667 31.75056 42.14142 31.73542 42.11481 31.72284 42.08709 31.71292 42.05853 31.70576 42.02941 31.70144 42.0 31.7 35.0 31.7 34.97059 31.70144 34.94147 31.70576 34.91291 31.71292 34.88519 31.72284 34.85858 31.73542 34.83333 31.75056 34.80968 31.7681 34.78787 31.78787 34.7681 31.80968 34.75056 31.83333 34.73542 31.85858 34.72284 31.88519 34.71292 31.91291 34.70576 31.94147 34.70144 31.97059 

89
7.7 4.0 7.7 9.7 3.0 9.7 3.0 10.3 7.7 10.3 7.7 18.0 7.70144 18.02941 7.70576 18.05853 7.71292 18.08709 7.72284 18.11481 7.73542 18.14142 7.75056 18.16667 7.7681 18.19032 7.78787 18.21213 7.80968 18.2319 7.83333 18.24944 7.85858 18.26458 7.88519 18.27716 7.91291 18.28708 7.94147 18.29424 7.97059 18.29856 8.0 18.3 15.0 18.3 15.02941 18.29856 15.05853 18.29424 15.08709 18.28708 15.11481 18.27716 15.14142 18.26458 15.16667 18.24944 15.19032 18.2319 15.21213 18.21213 15.2319 18.19032 15.24944 18.16667 15.26458 18.14142 15.27716 18.11481 15.28708 18.08709 15.29424 18.05853 15.29856 18.02941 15.3 18.0 15.29856 17.97059 15.29424 17.94147 15.28708 17.91291 15.27716 17.88519 15.26458 17.85858 15.24944 17.83333 15.2319 17.80968 15.21213 17.78787 15.19032 17.7681 15.16667 17.75056 15.14142 17.73542 15.11481 17.72284 15.08709 17.71292 15.05853 17.70576 15.02941 17.70144 15.0 17.7 8.3 17.7 8.3 10.0 8.3 4.0 8.29856 3.97059 8.29424 3.94147 8.28708 3.91291 8.27716 3.88519 8.26458 3.85858 8.24944 3.83333 8.2319 3.80968 8.21213 3.78787 8.19032 3.7681 8.16667 3.75056 8.14142 3.73542 8.11481 3.72284 8.08709 3.71292 8.05853 3.70576 8.02941 3.70144 8.0 3.7 7.97059 3.70144 7.94147 3.70576 7.91291 3.71292 7.88519 3.72284 7.85858 3.73542 7.83333 3.75056 7.80968 3.7681 7.78787 3.78787 7.7681 3.80968 7.75056 3.83333 7.73542 3.85858 7.72284 3.88519 7.71292 3.91291 7.70576 3.94147 7.70144 3.97059 

89
34.7 18.0 34.70144 18.02941 34.70576 18.05853 34.71292 18.08709 34.72284 18.11481 34.73542 18.14142 34.75056 18.16667 34.7681 18.19032 34.78787 18.21213 34.80968 18.2319 34.83333 18.24944 34.85858 18.26458 34.88519 18.27716 34.91291 18.28708 34.94147 18.29424 34.97059 18.29856 35.0 18.3 42.0 18.3 42.02941 18.29856 42.05853 18.29424 42.08709 18.28708 42.11481 18.27716 42.14142 18.26458 42.16667 18.24944 42.19032 18.2319 42.21213 18.21213 42.2319 18.19032 42.24944 18.16667 42.26458 18.14142 42.27716 18.11481 42.28708 18.08709 42.29424 18.05853 42.29856 18.02941 42.3 18.0 42.3 10.3 47.0 10.3 47.0 9.7 42.3 9.7 42.3 4.0 42.29856 3.97059 42.29424 3.94147 42.28708 3.91291 42.27716 3.88519 42.26458 3.85858 42.24944 3.83333 42.2319 3.80968 42.21213 3.78787 42.19032 3.7681 42.16667 3.75056 42.14142 3.73542 42.11481 3.72284 42.08709 3.71292 42.05853 3.70576 42.02941 3.70144 42.0 3.7 41.97059 3.70144 41.94147 3.70576 41.91291 3.71292 41.88519 3.72284 41.85858 3.73542 41.83333 3.75056 41.80968 3.7681 41.78787 3.78787 41.7681 3.80968 41.75056 3.83333 41.73542 3.85858 41.72284 3.88519 41.71292 3.91291 41.70576 3.94147 41.70144 3.97059 41.7 4.0 41.7 10.0 41.7 17.7 35.0 17.7 34.97059 17.70144 34.94147 17.70576 34.91291 17.71292 34.88519 17.72284 34.85858 17.73542 34.83333 17.75056 34.80968 17.7681 34.78787 17.78787 34.7681 17.80968 34.75056 17.83333 34.73542 17.85858 34.72284 17.88519 34.71292 17.91291 34.70576 17.94147 34.70144 17.97059 

22
20.3 42.0 20.29856 41.97059 20.29424 41.94147 20.28708 41.91291 20.27716 41.88519 20.26458 41.85858 20.24944 41.83333 20.2319 41.80968 20.21213 41.78787 20.19032 41.7681 20.16667 41.75056 20.14142 41.73542 20.11481 41.72284 20.08709 41.71292 20.05853 41.70576 20.02941 41.70144 20.0 41.7 13.0 41.7 13.0 42.3 19.7 42.3 19.7 50 20.3 50 

22
30.3 42.3 37.0 42.3 37.0 41.7 30.0 41.7 29.97059 41.70144 29.94147 41.70576 29.91291 41.71292 29.88519 41.72284 29.85858 41.73542 29.83333 41.75056 29.80968 41.7681 29.78787 41.78787 29.7681 41.80968 29.75056 41.83333 29.73542 41.85858 29.72284 41.88519 29.71292 41.91291 29.70576 41.94147 29.70144 41.97059 29.7 42.0 29.7 50 30.3 50 

22
19.7 7.7 13.0 7.7 13.0 8.3 20.0 8.3 20.02941 8.29856 20.05853 8.29424 20.08709 8.28708 20.11481 8.27716 20.14142 8.26458 20.16667 8.24944 20.19032 8.2319 20.21213 8.21213 20.2319 8.19032 20.24944 8.16667 20.26458 8.14142 20.27716 8.11481 20.28708 8.08709 20.29424 8.05853 20.29856 8.02941 20.3 8.0 20.3 0 19.7 0 

22
29.7 8.0 29.70144 8.02941 29.70576 8.05853 29.71292 8.08709 29.72284 8.11481 29.73542 8.14142 29.75056 8.16667 29.7681 8.19032 29.78787 8.21213 29.80968 8.2319 29.83333 8.24944 29.85858 8.26458 29.88519 8.27716 29.91291 8.28708 29.94147 8.29424 29.97059 8.29856 30.0 8.3 37.0 8.3 37.0 7.7 30.3 7.7 30.3 0 29.7 0 

74
3.7 21.0 3.7 24.7 0 24.7 0 25.3 3.7 25.3 3.7 29.0 3.70144 29.02941 3.70576 29.05853 3.71292 29.08709 3.72284 29.11481 3.73542 29.14142 3.75056 29.16667 3.7681 29.19032 3.78787 29.21213 3.80968 29.2319 3.83333 29.24944 3.85858 29.26458 3.88519 29.27716 3.91291 29.28708 3.94147 29.29424 3.97059 29.29856 4.0 29.3 4.02941 29.29856 4.05853 29.29424 4.08709 29.28708 4.11481 29.27716 4.14142 29.26458 4.16667 29.24944 4.19032 29.2319 4.21213 29.21213 4.2319 29.19032 4.24944 29.16667 4.26458 29.14142 4.27716 29.11481 4.28708 29.08709 4.29424 29.05853 4.29856 29.02941 4.3 29.0 4.3 25.3 8.0 25.3 8.0 24.7 4.3 24.7 4.3 21.0 4.29856 20.97059 4.29424 20.94147 4.28708 20.91291 4.27716 20.88519 4.26458 20.85858 4.24944 20.83333 4.2319 20.80968 4.21213 20.78787 4.19032 20.7681 4.16667 20.75056 4.14142 20.73542 4.11481 20.72284 4.08709 20.71292 4.05853 20.70576 4.02941 20.70144 4.0 20.7 3.97059 20.70144 3.94147 20.70576 3.91291 20.71292 3.88519 20.72284 3.85858 20.73542 3.83333 20.75056 3.80968 20.7681 3.78787 20.78787 3.7681 20.80968 3.75056 20.83333 3.73542 20.85858 3.72284 20.88519 3.71292 20.91291 3.70576 20.94147 3.70144 20.97059 

74
45.7 21.0 45.7 24.7 42.0 24.7 42.0 25.3 45.7 25.3 45.7 29.0 45.70144 29.02941 45.70576 29.05853 45.71292 29.08709 45.72284 29.11481 45.73542 29.14142 45.75056 29.16667 45.7681 29.19032 45.78787 29.21213 45.80968 29.2319 45.83333 29.24944 45.85858 29.26458 45.88519 29.27716 45.91291 29.28708 45.94147 29.29424 45.97059 29.29856 46.0 29.3 46.02941 29.29856 46.05853 29.29424 46.08709 29.28708 46.11481 29.27716 46.14142 29.26458 46.16667 29.24944 46.19032 29.2319 46.21213 29.21213 46.2319 29.19032 46.24944 29.16667 46.26458 29.14142 46.27716 29.11481 46.28708 29.08709 46.29424 29.05853 46.29856 29.02941 46.3 29.0 46.3 25.3 50 25.3 50 24.7 46.3 24.7 46.3 21.0 46.29856 20.97059 46.29424 20.94147 46.28708 20.91291 46.27716 20.88519 46.26458 20.85858 46.24944 20.83333 46.2319 20.80968 46.21213 20.78787 46.19032 20.7681 46.16667 20.75056 46.14142 20.73542 46.11481 20.72284 46.08709 20.71292 46.05853 20.70576 46.02941 20.70144 46.0 20.7 45.97059 20.70144 45.94147 20.70576 45.91291 20.71292 45.88519 20.72284 45.85858 20.73542 45.83333 20.75056 45.80968 20.7681 45.78787 20.78787 45.7681 20.80968 45.75056 20.83333 45.73542 20.85858 45.72284 20.88519 45.71292 20.91291 45.70576 20.94147 45.70144 20.97059 

4
28.88838 27.57207 32.69297 26.62789 31.7488 22.8233 27.9442 23.76747 

4
26.66931 16.15412 29.78731 13.7783 27.41149 10.66031 24.2935 13.03612 

4
28.49897 29.69339 27.53128 26.05512 23.89301 27.02281 24.8607 30.66108 

3
44.02189 17.53784 48.02013 16.75252 46.69932 13.55154 

3
25.1622 37.92332 29.02594 39.2172 29.46021 35.78177 

102
17.92637 15.41353 15.93551 12.4242 15.92092 12.40448 15.90447 12.38627 15.88632 12.36977 15.86664 12.35513 15.84561 12.34248 15.82345 12.33196 15.80036 12.32366 15.77657 12.31766 15.75231 12.31402 15.72781 12.31278 15.7033 12.31395 15.67903 12.31751 15.65522 12.32344 15.63211 12.33167 15.60992 12.34212 15.58885 12.3547 12.39145 14.48415 12.37172 14.49873 12.35352 14.51518 12.33702 14.53333 12.32237 14.55302 12.30973 14.57404 12.29921 14.5962 12.2909 14.61929 12.28491 14.64308 12.28127 14.66734 12.28003 14.69184 12.2812 14.71635 12.28476 14.74062 12.29069 14.76443 12.29892 14.78754 12.30937 14.80974 12.32195 14.8308 12.33654 14.85053 12.35299 14.86873 12.37114 14.88524 12.39082 14.89988 12.41185 14.91252 12.43401 14.92305 12.4571 14.93135 12.48089 14.93735 12.50515 14.94098 12.52965 14.94222 12.55416 14.94106 12.57843 14.93749 12.60224 14.93157 12.62535 14.92334 12.64755 14.91288 12.66861 14.9003 15.65793 12.90944 17.64879 15.89876 17.66338 15.91849 17.67983 15.93669 17.69798 15.9532 17.71766 15.96784 17.73869 15.98048 17.76085 15.99101 17.78394 15.99931 17.80773 16.00531 17.83199 16.00894 17.85649 16.01018 17.881 16.00902 17.90527 16.00545 17.92908 15.99953 17.95219 15.9913 17.97439 15.98084 17.99545 15.96826 21.19285 13.83882 21.21258 13.82424 21.23078 13.80779 21.24728 13.78963 21.26193 13.76995 21.27457 13.74893 21.2851 13.72676 21.2934 13.70368 21.29939 13.67989 21.30303 13.65562 21.30427 13.63112 21.30311 13.60661 21.29954 13.58234 21.29362 13.55853 21.28539 13.53542 21.27493 13.51323 21.26235 13.49216 21.24777 13.47244 21.23132 13.45423 21.21316 13.43773 21.19348 13.42309 21.17246 13.41044 21.15029 13.39992 21.12721 13.39162 21.10342 13.38562 21.07915 13.38198 21.05465 13.38074 21.03014 13.38191 21.00587 13.38547 20.98206 13.3914 20.95895 13.39963 20.93676 13.41008 20.91569 13.42267 

136
26.10518 22.29055 25.18102 23.04118 24.43039 22.11702 24.414 22.09876 24.39591 22.08219 24.37628 22.06748 24.3553 22.05476 24.33317 22.04416 24.31011 22.03578 24.28635 22.0297 24.2621 22.02597 24.2376 22.02464 24.21309 22.02572 24.1888 22.0292 24.16497 22.03504 24.14183 22.04319 24.1196 22.05357 24.09849 22.06607 24.07871 22.08059 24.06045 22.09697 24.04388 22.11507 24.02917 22.1347 24.01645 22.15568 24.00585 22.1778 23.99747 22.20086 23.99139 22.22463 23.98766 22.24888 23.98633 22.27337 23.98741 22.29788 23.99089 22.32217 23.99673 22.346 24.00488 22.36914 24.01526 22.39137 24.02776 22.41248 24.04228 22.43226 24.79292 23.35642 23.86875 24.10706 23.85049 24.12344 23.83393 24.14153 23.81921 24.16117 23.80649 24.18214 23.79589 24.20427 23.78751 24.22733 23.78143 24.2511 23.7777 24.27535 23.77638 24.29984 23.77745 24.32435 23.78093 24.34864 23.78677 24.37247 23.79492 24.39561 23.8053 24.41784 23.8178 24.43895 23.83232 24.45873 23.8487 24.47699 23.8668 24.49356 23.88643 24.50827 23.90741 24.52099 23.92953 24.53159 23.95259 24.53997 23.97636 24.54606 24.00061 24.54978 24.02511 24.55111 24.04962 24.55003 24.0739 24.54655 24.09773 24.54071 24.12087 24.53256 24.1431 24.52218 24.16421 24.50968 24.18399 24.49516 25.10815 23.74453 25.85879 24.66869 25.87517 24.68695 25.89327 24.70352 25.9129 24.71823 25.93388 24.73095 25.956 24.74155 25.97906 24.74993 26.00283 24.75602 26.02708 24.75974 26.05157 24.76107 26.07608 24.75999 26.10037 24.75651 26.1242 24.75067 26.14734 24.74252 26.16957 24.73214 26.19068 24.71964 26.21046 24.70512 26.22872 24.68874 26.24529 24.67064 26.26 24.65101 26.27272 24.63003 26.28332 24.60791 26.2917 24.58485 26.29779 24.56108 26.30151 24.53683 26.30284 24.51234 26.30176 24.48783 26.29828 24.46354 26.29244 24.43971 26.28429 24.41657 26.27391 24.39434 26.26141 24.37323 26.24689 24.35345 25.49626 23.42929 26.42042 22.67865 26.43868 22.66227 26.45525 22.64418 26.46996 22.62454 26.48268 22.60357 26.49328 22.58144 26.50166 22.55838 26.50775 22.53461 26.51147 22.51037 26.5128 22.48587 26.51172 22.46136 26.50824 22.43707 26.5024 22.41324 26.49425 22.3901 26.48387 22.36787 26.47137 22.34676 26.45685 22.32698 26.44047 22.30872 26.42238 22.29215 26.40274 22.27744 26.38176 22.26472 26.35964 22.25412 26.33658 22.24574 26.31281 22.23965 26.28856 22.23593 26.26407 22.2346 26.23956 22.23568 26.21527 22.23916 26.19144 22.245 26.1683 22.25315 26.14607 22.26353 26.12496 22.27603 

136
37.8392 26.99096 38.91651 27.42587 38.4816 28.50318 38.47355 28.52636 38.4678 28.55021 38.46442 28.57451 38.46344 28.59902 38.46486 28.62351 38.46868 28.64775 38.47486 28.67149 38.48333 28.69452 38.49402 28.7166 38.50682 28.73753 38.52161 28.7571 38.53825 28.77513 38.55658 28.79144 38.57641 28.80588 38.59757 28.8183 38.61984 28.82859 38.64301 28.83665 38.66687 28.84239 38.69117 28.84578 38.71568 28.84676 38.74017 28.84533 38.76441 28.84152 38.78815 28.83534 38.81118 28.82687 38.83326 28.81618 38.85419 28.80338 38.87376 28.78858 38.89179 28.77195 38.9081 28.75362 38.92254 28.73378 38.93496 28.71263 38.94525 28.69035 39.38016 27.61304 40.45747 28.04795 40.48065 28.056 40.5045 28.06175 40.5288 28.06513 40.55331 28.06612 40.5778 28.06469 40.60204 28.06087 40.62578 28.0547 40.64881 28.04622 40.67089 28.03553 40.69182 28.02273 40.71139 28.00794 40.72942 27.9913 40.74573 27.97298 40.76017 27.95314 40.77259 27.93198 40.78288 27.90971 40.79094 27.88654 40.79668 27.86269 40.80006 27.83839 40.80105 27.81387 40.79962 27.78938 40.79581 27.76515 40.78963 27.7414 40.78116 27.71838 40.77047 27.69629 40.75767 27.67537 40.74287 27.65579 40.72623 27.63776 40.70791 27.62145 40.68807 27.60701 40.66692 27.59459 40.64464 27.5843 39.56733 27.1494 40.00224 26.07208 40.01029 26.04891 40.01604 26.02506 40.01942 26.00076 40.0204 25.97624 40.01898 25.95175 40.01516 25.92751 40.00899 25.90377 40.00051 25.88075 39.98982 25.85866 39.97702 25.83773 39.96223 25.81816 39.94559 25.80013 39.92727 25.78382 39.90743 25.76938 39.88627 25.75696 39.864 25.74667 39.84083 25.73862 39.81698 25.73287 39.79268 25.72949 39.76816 25.7285 39.74367 25.72993 39.71943 25.73375 39.69569 25.73992 39.67267 25.7484 39.65058 25.75909 39.62965 25.77189 39.61008 25.78668 39.59205 25.80332 39.57574 25.82164 39.5613 25.84148 39.54888 25.86264 39.53859 25.88491 39.10368 26.96222 38.02637 26.52732 38.0032 26.51926 37.97935 26.51351 37.95505 26.51013 37.93053 26.50915 37.90604 26.51057 37.8818 26.51439 37.85806 26.52057 37.83504 26.52904 37.81295 26.53973 37.79202 26.55253 37.77245 26.56732 37.75442 26.58396 37.73811 26.60229 37.72367 26.62212 37.71125 26.64328 37.70096 26.66555 37.6929 26.68873 37.68716 26.71258 37.68378 26.73688 37.68279 26.76139 37.68422 26.78588 37.68804 26.81012 37.69421 26.83386 37.70269 26.85689 37.71337 26.87897 37.72618 26.8999 37.74097 26.91947 37.75761 26.9375 37.77593 26.95381 37.79577 26.96825 37.81693 26.98067 

136
23.62373 5.35639 24.33579 6.23839 23.45379 6.95045 23.43548 6.96678 23.41886 6.98482 23.40409 7.00441 23.39131 7.02535 23.38064 7.04744 23.37219 7.07048 23.36604 7.09423 23.36224 7.11846 23.36084 7.14296 23.36185 7.16747 23.36525 7.19177 23.37102 7.21561 23.3791 7.23878 23.38941 7.26104 23.40186 7.28218 23.41631 7.30201 23.43264 7.32032 23.45069 7.33694 23.47028 7.35171 23.49122 7.36449 23.51331 7.37516 23.53634 7.38361 23.56009 7.38976 23.58433 7.39356 23.60882 7.39496 23.63334 7.39395 23.65763 7.39055 23.68148 7.38478 23.70465 7.3767 23.72691 7.36639 23.74805 7.35394 23.76787 7.33949 24.64987 6.62743 25.36193 7.50943 25.37826 7.52774 25.3963 7.54436 25.41589 7.55913 25.43683 7.57191 25.45892 7.58258 25.48196 7.59103 25.50571 7.59718 25.52994 7.60098 25.55444 7.60238 25.57895 7.60137 25.60325 7.59797 25.62709 7.5922 25.65026 7.58412 25.67252 7.57381 25.69366 7.56136 25.71349 7.54691 25.7318 7.53058 25.74842 7.51253 25.76319 7.49295 25.77597 7.472 25.78664 7.44991 25.79509 7.42688 25.80124 7.40313 25.80504 7.37889 25.80644 7.3544 25.80543 7.32988 25.80203 7.30559 25.79626 7.28174 25.78818 7.25858 25.77787 7.23631 25.76542 7.21517 25.75097 7.19535 25.03891 6.31335 25.92091 5.60129 25.93922 5.58497 25.95584 5.56692 25.97061 5.54733 25.98339 5.52639 25.99406 5.5043 26.00251 5.48127 26.00866 5.45752 26.01246 5.43328 26.01386 5.40878 26.01285 5.38427 26.00945 5.35997 26.00368 5.33613 25.9956 5.31296 25.98529 5.2907 25.97284 5.26956 25.95839 5.24973 25.94206 5.23142 25.92401 5.2148 25.90443 5.20003 25.88348 5.18725 25.86139 5.17658 25.83836 5.16813 25.81461 5.16198 25.79037 5.15818 25.76588 5.15678 25.74136 5.15779 25.71707 5.16119 25.69322 5.16696 25.67005 5.17504 25.64779 5.18535 25.62665 5.1978 25.60683 5.21225 24.72483 5.92431 24.01277 5.04231 23.99645 5.024 23.9784 5.00738 23.95881 4.99261 23.93787 4.97983 23.91578 4.96916 23.89274 4.96071 23.86899 4.95456 23.84476 4.95076 23.82026 4.94936 23.79575 4.95037 23.77145 4.95377 23.74761 4.95954 23.72444 4.96762 23.70218 4.97793 23.68104 4.99038 23.66121 5.00483 23.6429 5.02116 23.62628 5.03921 23.61151 5.0588 23.59873 5.07974 23.58806 5.10183 23.57961 5.12486 23.57346 5.14861 23.56966 5.17285 23.56826 5.19735 23.56927 5.22186 23.57267 5.24615 23.57844 5.27 23.58652 5.29317 23.59683 5.31543 23.60928 5.33657 

84
12.76981 27.33257 9.29787 26.78555 9.27347 26.78292 9.24894 26.7827 9.22451 26.78488 9.2004 26.78945 9.17686 26.79636 9.15411 26.80555 9.13237 26.81692 9.11185 26.83036 9.09274 26.84576 9.07524 26.86295 9.05951 26.88177 9.04569 26.90205 9.03393 26.92358 9.02434 26.94616 9.01701 26.96957 9.01201 26.99359 9.00938 27.01798 9.00916 27.04252 9.01134 27.06695 9.01591 27.09106 9.02282 27.1146 9.03201 27.13735 9.04338 27.15909 9.05682 27.17961 9.07222 27.19871 9.08941 27.21622 9.10823 27.23195 9.12851 27.24576 9.15004 27.25752 9.17262 27.26712 9.19603 27.27445 9.22005 27.27945 12.93894 27.86538 12.96334 27.86801 12.98787 27.86823 13.0123 27.86604 13.03641 27.86148 13.05995 27.85457 13.0827 27.84538 13.10444 27.83401 13.12496 27.82057 13.14407 27.80517 13.16157 27.78798 13.1773 27.76916 13.19112 27.74888 13.20288 27.72735 13.21247 27.70477 13.2198 27.68136 13.2248 27.65734 13.81074 23.93845 13.81336 23.91405 13.81358 23.88952 13.8114 23.86508 13.80683 23.84098 13.79992 23.81744 13.79073 23.79469 13.77936 23.77295 13.76592 23.75243 13.75053 23.73332 13.73333 23.71582 13.71451 23.70009 13.69423 23.68627 13.6727 23.67451 13.65012 23.66492 13.62671 23.65759 13.60269 23.65258 13.5783 23.64996 13.55377 23.64974 13.52933 23.65192 13.50522 23.65649 13.48168 23.6634 13.45893 23.67259 13.43719 23.68396 13.41667 23.6974 13.39757 23.71279 13.38006 23.72999 13.36433 23.74881 13.35052 23.76909 13.33876 23.79062 13.32916 23.8132 13.32183 23.83661 13.31683 23.86063 

84
22.00946 33.86517 23.04994 30.50794 23.05605 30.48418 23.05979 30.45994 23.06114 30.43544 23.06009 30.41093 23.05663 30.38664 23.05082 30.3628 23.04269 30.33965 23.03233 30.31741 23.01985 30.2963 23.00535 30.2765 22.98899 30.25822 22.97091 30.24164 22.95129 30.22691 22.93032 30.21417 22.90821 30.20354 22.88516 30.19514 22.8614 30.18904 22.83715 30.18529 22.81265 30.18394 22.78814 30.185 22.76385 30.18845 22.74002 30.19427 22.71687 30.20239 22.69463 30.21275 22.67351 30.22524 22.65372 30.23973 22.63544 30.2561 22.61885 30.27418 22.60412 30.2938 22.59138 30.31476 22.58076 30.33688 22.57235 30.35993 21.45786 33.95595 21.45176 33.97971 21.44801 34.00396 21.44666 34.02845 21.44771 34.05297 21.45117 34.07726 21.45699 34.10109 21.46511 34.12424 21.47547 34.14648 21.48796 34.1676 21.50245 34.18739 21.51882 34.20567 21.5369 34.22225 21.55651 34.23699 21.57748 34.24973 21.5996 34.26035 21.62265 34.26875 25.21867 35.38325 25.24243 35.38935 25.26668 35.3931 25.29117 35.39445 25.31568 35.39339 25.33997 35.38994 25.36381 35.38412 25.38696 35.37599 25.4092 35.36564 25.43032 35.35315 25.45011 35.33866 25.46839 35.32229 25.48497 35.30421 25.4997 35.28459 25.51244 35.26363 25.52307 35.24151 25.53147 35.21846 25.53757 35.1947 25.54132 35.17045 25.54267 35.14596 25.54162 35.12145 25.53816 35.09716 25.53234 35.07332 25.52422 35.05017 25.51386 35.02793 25.50138 35.00681 25.48688 34.98702 25.47051 34.96874 25.45243 34.95216 25.43282 34.93742 25.41185 34.92469 25.38973 34.91406 25.36668 34.90566 

84
24.54912 43.81076 26.60106 46.57111 26.61664 46.59006 26.63401 46.60739 26.65299 46.62293 26.6734 46.63654 26.69505 46.64808 26.71773 46.65744 26.74122 46.66454 26.76528 46.6693 26.7897 46.67168 26.81424 46.67165 26.83865 46.66922 26.86271 46.6644 26.88618 46.65726 26.90883 46.64784 26.93046 46.63625 26.95084 46.6226 26.96979 46.60702 26.98712 46.58965 27.00266 46.57067 27.01627 46.55025 27.02781 46.5286 27.03717 46.50593 27.04427 46.48244 27.04903 46.45837 27.05141 46.43395 27.05138 46.40942 27.04895 46.38501 27.04413 46.36095 27.03699 46.33748 27.02757 46.31483 27.01598 46.2932 27.00233 46.27282 24.80125 43.31183 24.78567 43.29288 24.7683 43.27555 24.74932 43.26001 24.7289 43.2464 24.70725 43.23486 24.68458 43.2255 24.66109 43.2184 24.63702 43.21364 24.6126 43.21126 24.58807 43.21129 24.56366 43.21372 24.5396 43.21853 24.51613 43.22568 24.49348 43.2351 24.47185 43.24668 24.45147 43.26034 21.49048 45.46142 21.47153 45.477 21.4542 45.49437 21.43866 45.51335 21.42505 45.53377 21.41351 45.55542 21.40415 45.57809 21.39705 45.60158 21.39229 45.62565 21.38991 45.65006 21.38994 45.6746 21.39237 45.69901 21.39718 45.72307 21.40433 45.74654 21.41375 45.76919 21.42533 45.79082 21.43899 45.8112 21.45457 45.83015 21.47194 45.84748 21.49092 45.86302 21.51134 45.87663 21.53299 45.88817 21.55566 45.89753 21.57915 45.90463 21.60321 45.90939 21.62763 45.91177 21.65217 45.91174 21.67658 45.90931 21.70064 45.9045 21.72411 45.89735 21.74676 45.88794 21.76839 45.87635 21.78877 45.86269 

66
33.4188 33.03462 33.40112 33.01761 33.38186 33.00241 33.3612 32.98918 33.33934 32.97803 33.3165 32.96908 33.29289 32.96241 33.26874 32.95809 33.24428 32.95616 33.21975 32.95663 33.19539 32.95951 33.17142 32.96475 33.14809 32.97233 33.1256 32.98215 33.10419 32.99413 33.08406 33.00815 33.0654 33.02408 33.04839 33.04176 33.03319 33.06102 33.01996 33.08168 33.00881 33.10353 32.99986 33.12637 32.99319 33.14998 32.98887 33.17413 32.98694 33.19859 32.98741 33.22312 32.99028 33.24749 32.99553 33.27145 33.00311 33.29479 33.01293 33.31727 33.02491 33.33868 33.03893 33.35881 33.05486 33.37747 35.03051 35.47464 35.04819 35.49165 35.06745 35.50684 35.08811 35.52008 35.10997 35.53122 35.13281 35.54017 35.15642 35.54684 35.18057 35.55116 35.20503 35.5531 35.22956 35.55263 35.25392 35.54975 35.27789 35.5445 35.30122 35.53693 35.32371 35.52711 35.34512 35.51513 35.36525 35.50111 35.38391 35.48518 35.40092 35.4675 35.41612 35.44824 35.42935 35.42758 35.4405 35.40573 35.44945 35.38288 35.45612 35.35927 35.46044 35.33512 35.46237 35.31066 35.4619 35.28614 35.45903 35.26177 35.45378 35.2378 35.4462 35.21447 35.43638 35.19199 35.4244 35.17058 35.41038 35.15044 35.39445 35.13178 

66
46.58045 34.24758 46.60495 34.24622 46.62919 34.24247 46.65295 34.23636 46.676 34.22795 46.69811 34.21732 46.71907 34.20457 46.73869 34.18984 46.75676 34.17325 46.77312 34.15496 46.78761 34.13517 46.80009 34.11404 46.81044 34.0918 46.81856 34.06865 46.82437 34.04481 46.82782 34.02052 46.82887 33.99601 46.82751 33.97151 46.82376 33.94727 46.81765 33.92351 46.80924 33.90046 46.79861 33.87835 46.78586 33.85739 46.77112 33.83777 46.75453 33.8197 46.73625 33.80334 46.71645 33.78885 46.69533 33.77637 46.67309 33.76602 46.64994 33.7579 46.6261 33.75209 46.60181 33.74864 46.5773 33.74759 43.75378 33.76538 43.72928 33.76674 43.70504 33.77049 43.68128 33.7766 43.65823 33.78501 43.63612 33.79564 43.61515 33.80839 43.59554 33.82313 43.57747 33.83972 43.56111 33.858 43.54662 33.8778 43.53414 33.89892 43.52379 33.92116 43.51567 33.94431 43.50986 33.96815 43.50641 33.99244 43.50536 34.01695 43.50672 34.04145 43.51047 34.06569 43.51658 34.08945 43.52499 34.1125 43.53562 34.13461 43.54837 34.15558 43.5631 34.17519 43.57969 34.19326 43.59798 34.20962 43.61777 34.22411 43.6389 34.23659 43.66114 34.24694 43.68429 34.25506 43.70813 34.26088 43.73242 34.26432 43.75693 34.26537 

66
23.36616 37.99487 23.38857 38.00486 23.41185 38.0126 23.43578 38.01802 23.46012 38.02107 23.48465 38.02172 23.50912 38.01996 23.5333 38.01581 23.55695 38.00931 23.57986 38.00052 23.6018 37.98953 23.62255 37.97645 23.64192 37.96139 23.65972 37.94451 23.67578 37.92596 23.68994 37.90593 23.70208 37.8846 23.71206 37.86219 23.7198 37.83891 23.72522 37.81499 23.72827 37.79064 23.72892 37.76612 23.72716 37.74165 23.72301 37.71747 23.71651 37.69381 23.70773 37.6709 23.69674 37.64897 23.68365 37.62821 23.66859 37.60885 23.65171 37.59104 23.63316 37.57498 23.61313 37.56082 23.59181 37.54869 21.12252 36.29989 21.10011 36.28991 21.07683 36.28217 21.0529 36.27675 21.02856 36.2737 21.00403 36.27305 20.97956 36.27481 20.95538 36.27896 20.93172 36.28545 20.90882 36.29424 20.88688 36.30523 20.86613 36.31832 20.84676 36.33337 20.82896 36.35026 20.8129 36.3688 20.79874 36.38884 20.7866 36.41016 20.77662 36.43257 20.76888 36.45585 20.76346 36.47978 20.76041 36.50412 20.75976 36.52865 20.76152 36.55312 20.76567 36.5773 20.77217 36.60096 20.78095 36.62386 20.79194 36.6458 20.80503 36.66655 20.82009 36.68592 20.83697 36.70372 20.85552 36.71978 20.87555 36.73394 20.89687 36.74608 

