31
16
30.19429 31.34473 30.20946 31.33227 30.79117 30.80504 30.80504 30.79117 31.33227 30.20946 31.34473 30.19429 31.8124 29.5637 31.8233 29.54738 32.22692 28.87399 31.88382 28.66835 31.48526 29.33331 31.0293 29.94811 30.51526 30.51526 29.94811 31.0293 29.32542 31.49112 29.5637 31.8124 

7
16.84069 24.18652 16.83876 24.20605 16.80024 24.99019 17.19976 25.00981 17.2378 24.23549 17.35155 23.46862 16.95588 23.40993 

37
24.20605 16.83876 24.18652 16.84069 23.40993 16.95588 23.39068 16.95971 22.62913 17.15047 22.61034 17.15617 21.87115 17.42065 21.85302 17.42817 21.14332 17.76383 21.12601 17.77308 20.45262 18.1767 20.4363 18.1876 19.80571 18.65527 19.79054 18.66773 19.20883 19.19496 19.19496 19.20883 18.66773 19.79054 18.65527 19.80571 18.1876 20.4363 18.1767 20.45262 17.77308 21.12601 17.76383 21.14332 17.42817 21.85302 17.78976 22.02404 18.12123 21.32322 18.51474 20.66669 18.9707 20.05189 19.48474 19.48474 20.05189 18.9707 20.66669 18.51474 21.32322 18.12123 22.01516 17.79396 22.73585 17.5361 23.47834 17.35011 24.23549 17.2378 25.00981 17.19976 24.99019 16.80024 

28
17.15047 27.37087 17.15617 27.38966 17.42065 28.12885 17.42817 28.14698 17.76383 28.85668 17.77308 28.87399 18.1767 29.54738 18.1876 29.5637 18.65527 30.19429 18.66773 30.20946 19.19496 30.79117 19.20883 30.80504 19.79054 31.33227 19.80571 31.34473 20.4363 31.8124 20.45262 31.8233 21.12601 32.22692 21.33165 31.88382 20.66669 31.48526 20.05189 31.0293 19.48474 30.51526 18.9707 29.94811 18.51474 29.33331 18.12123 28.67678 17.79396 27.98484 17.5361 27.26415 17.34772 26.51213 16.95971 26.60932 

13
23.39068 33.04029 23.40993 33.04412 24.18652 33.15931 24.20605 33.16124 24.99019 33.19976 25.00981 33.19976 25.79395 33.16124 25.77432 32.76172 25.0 32.79976 24.23549 32.7622 23.47834 32.64989 22.72632 32.46152 22.62913 32.84953 

31
32.23617 21.14332 32.22692 21.12601 31.8233 20.45262 31.8124 20.4363 31.34473 19.80571 31.33227 19.79054 30.80504 19.20883 30.79117 19.19496 30.20946 18.66773 30.19429 18.65527 29.5637 18.1876 29.54738 18.1767 28.87399 17.77308 28.85668 17.76383 28.14698 17.42817 28.12885 17.42065 27.38966 17.15617 27.37087 17.15047 26.60932 16.95971 26.51213 17.34772 27.26415 17.5361 27.98484 17.79396 28.67678 18.12123 29.33331 18.51474 29.94811 18.9707 30.51526 19.48474 31.0293 20.05189 31.48526 20.66669 31.87877 21.32322 32.21024 22.02404 32.57183 21.85302 

89
7.7 32.0 7.7 39.7 3.0 39.7 3.0 40.3 7.7 40.3 7.7 46.0 7.70144 46.02941 7.70576 46.05853 7.71292 46.08709 7.72284 46.11481 7.73542 46.14142 7.75056 46.16667 7.7681 46.19032 7.78787 46.21213 7.80968 46.2319 7.83333 46.24944 7.85858 46.26458 7.88519 46.27716 7.91291 46.28708 7.94147 46.29424 7.97059 46.29856 8.0 46.3 8.02941 46.29856 8.05853 46.29424 8.08709 46.28708 8.11481 46.27716 8.14142 46.26458 8.16667 46.24944 8.19032 46.2319 8.21213 46.21213 8.2319 46.19032 8.24944 46.16667 8.26458 46.14142 8.27716 46.11481 8.28708 46.08709 8.29424 46.05853 8.29856 46.02941 8.3 46.0 8.3 40.0 8.3 32.3 15.0 32.3 15.02941 32.29856 15.05853 32.29424 15.08709 32.28708 15.11481 32.27716 15.14142 32.26458 15.16667 32.24944 15.19032 32.2319 15.21213 32.21213 15.2319 32.19032 15.24944 32.16667 15.26458 32.14142 15.27716 32.11481 15.28708 32.08709 15.29424 32.05853 15.29856 32.02941 15.3 32.0 15.29856 31.97059 15.29424 31.94147 15.28708 31.91291 15.27716 31.88519 15.26458 31.85858 15.24944 31.83333 15.2319 31.80968 15.21213 31.78787 15.19032 31.7681 15.16667 31.75056 15.14142 31.73542 15.11481 31.72284 15.08709 31.71292 15.05853 31.70576 15.02941 31.70144 15.0 31.7 8.0 31.7 7.97059 31.70144 7.94147 31.70576 7.91291 31.71292 7.88519 31.72284 7.85858 31.73542 7.83333 31.75056 7.80968 31.7681 7.78787 31.78787 7.7681 31.80968 7.75056 31.83333 7.73542 31.85858 7.72284 31.88519 7.71292 31.91291 7.70576 31.94147 7.70144 31.97059 

89
34.7 32.0 34.70144 32.02941 34.70576 32.05853 34.71292 32.08709 34.72284 32.11481 34.73542 32.14142 34.75056 32.16667 34.7681 32.19032 34.78787 32.21213 34.80968 32.2319 34.83333 32.24944 34.85858 32.26458 34.88519 32.27716 34.91291 32.28708 34.94147 32.29424 34.97059 32.29856 35.0 32.3 41.7 32.3 41.7 40.0 41.7 46.0 41.70144 46.02941 41.70576 46.05853 41.71292 46.08709 41.72284 46.11481 41.73542 46.14142 41.75056 46.16667 41.7681 46.19032 41.78787 46.21213 41.80968 46.2319 41.83333 46.24944 41.85858 46.26458 41.88519 46.27716 41.91291 46.28708 41.94147 46.29424 41.97059 46.29856 42.0 46.3 42.02941 46.29856 42.05853 46.29424 42.08709 46.28708 42.11481 46.27716 42.14142 46.26458 42.16667 46.24944 42.19032 46.2319 42.21213 46.21213 42.2319 46.19032 42.24944 46.16667 42.26458 46.14142 42.27716 46.11481 42.28708 46.08709 42.29424 46.05853 42.29856 46.02941 42.3 46.0 42.3 40.3 47.0 40.3 47.0 39.7 42.3 39.7 42.3 32.0 42.29856 31.97059 42.29424 31.94147 42.28708 31.91291 42.27716 31.88519 42.26458 31.85858 42.24944 31.83333 42.2319 31.80968 42.21213 31.78787 42.19032 31.7681 42.16667 31.75056 42.14142 31.73542 42.11481 31.72284 42.08709 31.71292 42.05853 31.70576 42.02941 31.70144 42.0 31.7 35.0 31.7 34.97059 31.70144 34.94147 31.70576 34.91291 31.71292 34.88519 31.72284 34.85858 31.73542 34.83333 31.75056 34.80968 31.7681 34.78787 31.78787 34.7681 31.80968 34.75056 31.83333 34.73542 31.85858 34.72284 31.88519 34.71292 31.91291 34.70576 31.94147 34.70144 31.97059 

89
7.7 4.0 7.7 9.7 3.0 9.7 3.0 10.3 7.7 10.3 7.7 18.0 7.70144 18.02941 7.70576 18.05853 7.71292 18.08709 7.72284 18.11481 7.73542 18.14142 7.75056 18.16667 7.7681 18.19032 7.78787 18.21213 7.80968 18.2319 7.83333 18.24944 7.85858 18.26458 7.88519 18.27716 7.91291 18.28708 7.94147 18.29424 7.97059 18.29856 8.0 18.3 15.0 18.3 15.02941 18.29856 15.05853 18.29424 15.08709 18.28708 15.11481 18.27716 15.14142 18.26458 15.16667 18.24944 15.19032 18.2319 15.21213 18.21213 15.2319 18.19032 15.24944 18.16667 15.26458 18.14142 15.27716 18.11481 15.28708 18.08709 15.29424 18.05853 15.29856 18.02941 15.3 18.0 15.29856 17.97059 15.29424 17.94147 15.28708 17.91291 15.27716 17.88519 15.26458 17.85858 15.24944 17.83333 15.2319 17.80968 15.21213 17.78787 15.19032 17.7681 15.16667 17.75056 15.14142 17.73542 15.11481 17.72284 15.08709 17.71292 15.05853 17.70576 15.02941 17.70144 15.0 17.7 8.3 17.7 8.3 10.0 8.3 4.0 8.29856 3.97059 8.29424 3.94147 8.28708 3.91291 8.27716 3.88519 8.26458 3.85858 8.24944 3.83333 8.2319 3.80968 8.21213 3.78787 8.19032 3.7681 8.16667 3.75056 8.14142 3.73542 8.11481 3.72284 8.08709 3.71292 8.05853 3.70576 8.02941 3.70144 8.0 3.7 7.97059 3.70144 7.94147 3.70576 7.91291 3.71292 7.88519 3.72284 7.85858 3.73542 7.83333 3.75056 7.80968 3.7681 7.78787 3.78787 7.7681 3.80968 7.75056 3.83333 7.73542 3.85858 7.72284 3.88519 7.71292 3.91291 7.70576 3.94147 7.70144 3.97059 

89
34.7 18.0 34.70144 18.02941 34.70576 18.05853 34.71292 18.08709 34.72284 18.11481 34.73542 18.14142 34.75056 18.16667 34.7681 18.19032 34.78787 18.21213 34.80968 18.2319 34.83333 18.24944 34.85858 18.26458 34.88519 18.27716 34.91291 18.28708 34.94147 18.29424 34.97059 18.29856 35.0 18.3 42.0 18.3 42.02941 18.29856 42.05853 18.29424 42.08709 18.28708 42.11481 18.27716 42.14142 18.26458 42.16667 18.24944 42.19032 18.2319 42.21213 18.21213 42.2319 18.19032 42.24944 18.16667 42.26458 18.14142 42.27716 18.11481 42.28708 18.08709 42.29424 18.05853 42.29856 18.02941 42.3 18.0 42.3 10.3 47.0 10.3 47.0 9.7 42.3 9.7 42.3 4.0 42.29856 3.97059 42.29424 3.94147 42.28708 3.91291 42.27716 3.88519 42.26458 3.85858 42.24944 3.83333 42.2319 3.80968 42.21213 3.78787 42.19032 3.7681 42.16667 3.75056 42.14142 3.73542 42.11481 3.72284 42.08709 3.71292 42.05853 3.70576 42.02941 3.70144 42.0 3.7 41.97059 3.70144 41.94147 3.70576 41.91291 3.71292 41.88519 3.72284 41.85858 3.73542 41.83333 3.75056 41.80968 3.7681 41.78787 3.78787 41.7681 3.80968 41.75056 3.83333 41.73542 3.85858 41.72284 3.88519 41.71292 3.91291 41.70576 3.94147 41.70144 3.97059 41.7 4.0 41.7 10.0 41.7 17.7 35.0 17.7 34.97059 17.70144 34.94147 17.70576 34.91291 17.71292 34.88519 17.72284 34.85858 17.73542 34.83333 17.75056 34.80968 17.7681 34.78787 17.78787 34.7681 17.80968 34.75056 17.83333 34.73542 17.85858 34.72284 17.88519 34.71292 17.91291 34.70576 17.94147 34.70144 17.97059 

22
20.3 42.0 20.29856 41.97059 20.29424 41.94147 20.28708 41.91291 20.27716 41.88519 20.26458 41.85858 20.24944 41.83333 20.2319 41.80968 20.21213 41.78787 20.19032 41.7681 20.16667 41.75056 20.14142 41.73542 20.11481 41.72284 20.08709 41.71292 20.05853 41.70576 20.02941 41.70144 20.0 41.7 13.0 41.7 13.0 42.3 19.7 42.3 19.7 50 20.3 50 

22
30.3 42.3 37.0 42.3 37.0 41.7 30.0 41.7 29.97059 41.70144 29.94147 41.70576 29.91291 41.71292 29.88519 41.72284 29.85858 41.73542 29.83333 41.75056 29.80968 41.7681 29.78787 41.78787 29.7681 41.80968 29.75056 41.83333 29.73542 41.85858 29.72284 41.88519 29.71292 41.91291 29.70576 41.94147 29.70144 41.97059 29.7 42.0 29.7 50 30.3 50 

22
19.7 7.7 13.0 7.7 13.0 8.3 20.0 8.3 20.02941 8.29856 20.05853 8.29424 20.08709 8.28708 20.11481 8.27716 20.14142 8.26458 20.16667 8.24944 20.19032 8.2319 20.21213 8.21213 20.2319 8.19032 20.24944 8.16667 20.26458 8.14142 20.27716 8.11481 20.28708 8.08709 20.29424 8.05853 20.29856 8.02941 20.3 8.0 20.3 0 19.7 0 

22
29.7 8.0 29.70144 8.02941 29.70576 8.05853 29.71292 8.08709 29.72284 8.11481 29.73542 8.14142 29.75056 8.16667 29.7681 8.19032 29.78787 8.21213 29.80968 8.2319 29.83333 8.24944 29.85858 8.26458 29.88519 8.27716 29.91291 8.28708 29.94147 8.29424 29.97059 8.29856 30.0 8.3 37.0 8.3 37.0 7.7 30.3 7.7 30.3 0 29.7 0 

74
3.7 21.0 3.7 24.7 0 24.7 0 25.3 3.7 25.3 3.7 29.0 3.70144 29.02941 3.70576 29.05853 3.71292 29.08709 3.72284 29.11481 3.73542 29.14142 3.75056 29.16667 3.7681 29.19032 3.78787 29.21213 3.80968 29.2319 3.83333 29.24944 3.85858 29.26458 3.88519 29.27716 3.91291 29.28708 3.94147 29.29424 3.97059 29.29856 4.0 29.3 4.02941 29.29856 4.05853 29.29424 4.08709 29.28708 4.11481 29.27716 4.14142 29.26458 4.16667 29.24944 4.19032 29.2319 4.21213 29.21213 4.2319 29.19032 4.24944 29.16667 4.26458 29.14142 4.27716 29.11481 4.28708 29.08709 4.29424 29.05853 4.29856 29.02941 4.3 29.0 4.3 25.3 8.0 25.3 8.0 24.7 4.3 24.7 4.3 21.0 4.29856 20.97059 4.29424 20.94147 4.28708 20.91291 4.27716 20.88519 4.26458 20.85858 4.24944 20.83333 4.2319 20.80968 4.21213 20.78787 4.19032 20.7681 4.16667 20.75056 4.14142 20.73542 4.11481 20.72284 4.08709 20.71292 4.05853 20.70576 4.02941 20.70144 4.0 20.7 3.97059 20.70144 3.94147 20.70576 3.91291 20.71292 3.88519 20.72284 3.85858 20.73542 3.83333 20.75056 3.80968 20.7681 3.78787 20.78787 3.7681 20.80968 3.75056 20.83333 3.73542 20.85858 3.72284 20.88519 3.71292 20.91291 3.70576 20.94147 3.70144 20.97059 

74
45.7 21.0 45.7 24.7 42.0 24.7 42.0 25.3 45.7 25.3 45.7 29.0 45.70144 29.02941 45.70576 29.05853 45.71292 29.08709 45.72284 29.11481 45.73542 29.14142 45.75056 29.16667 45.7681 29.19032 45.78787 29.21213 45.80968 29.2319 45.83333 29.24944 45.85858 29.26458 45.88519 29.27716 45.91291 29.28708 45.94147 29.29424 45.97059 29.29856 46.0 29.3 46.02941 29.29856 46.05853 29.29424 46.08709 29.28708 46.11481 29.27716 46.14142 29.26458 46.16667 29.24944 46.19032 29.2319 46.21213 29.21213 46.2319 29.19032 46.24944 29.16667 46.26458 29.14142 46.27716 29.11481 46.28708 29.08709 46.29424 29.05853 46.29856 29.02941 46.3 29.0 46.3 25.3 50 25.3 50 24.7 46.3 24.7 46.3 21.0 46.29856 20.97059 46.29424 20.94147 46.28708 20.91291 46.27716 20.88519 46.26458 20.85858 46.24944 20.83333 46.2319 20.80968 46.21213 20.78787 46.19032 20.7681 46.16667 20.75056 46.14142 20.73542 46.11481 20.72284 46.08709 20.71292 46.05853 20.70576 46.02941 20.70144 46.0 20.7 45.97059 20.70144 45.94147 20.70576 45.91291 20.71292 45.88519 20.72284 45.85858 20.73542 45.83333 20.75056 45.80968 20.7681 45.78787 20.78787 45.7681 20.80968 45.75056 20.83333 45.73542 20.85858 45.72284 20.88519 45.71292 20.91291 45.70576 20.94147 45.70144 20.97059 

4
27.99719 28.06617 29.11264 24.22485 25.27131 23.10939 24.15586 26.95072 

4
26.19556 10.87968 23.38035 13.49357 25.99424 16.30879 28.80946 13.69489 

4
13.15718 22.55475 9.86181 24.37519 11.68225 27.67056 14.97762 25.85012 

4
21.56397 38.62213 23.85187 35.63232 20.86206 33.34442 18.57416 36.33423 

3
21.99879 25.88236 21.47228 29.92283 24.92709 29.68818 

3
23.67391 22.3228 19.74333 21.61873 19.81171 25.01156 

102
15.84032 13.65784 15.34532 10.02137 15.34082 9.99725 15.33398 9.97369 15.32486 9.95092 15.31356 9.92914 15.30017 9.90858 15.28484 9.88943 15.2677 9.87188 15.24892 9.85609 15.22869 9.84221 15.20719 9.83039 15.18464 9.82073 15.16125 9.81333 15.13724 9.80825 15.11286 9.80556 15.08833 9.80526 15.06388 9.80738 11.1797 10.3361 11.15559 10.3406 11.13202 10.34744 11.10925 10.35656 11.08747 10.36786 11.06691 10.38125 11.04776 10.39658 11.03021 10.41372 11.01442 10.4325 11.00054 10.45274 10.98872 10.47423 10.97906 10.49678 10.97166 10.52017 10.96659 10.54418 10.96389 10.56856 10.9636 10.5931 10.96571 10.61754 10.97021 10.64166 10.97705 10.66522 10.98616 10.68799 10.99747 10.70977 11.01085 10.73033 11.02619 10.74948 11.04333 10.76703 11.06211 10.78282 11.08234 10.7967 11.10384 10.80852 11.12639 10.81818 11.14978 10.82558 11.17378 10.83066 11.19817 10.83335 11.2227 10.83365 11.24714 10.83153 14.88361 10.33653 15.37861 13.97299 15.38311 13.99711 15.38995 14.02067 15.39907 14.04345 15.41037 14.06522 15.42376 14.08578 15.43909 14.10493 15.45623 14.12249 15.47501 14.13828 15.49525 14.15215 15.51674 14.16397 15.53929 14.17363 15.56269 14.18103 15.58669 14.18611 15.61107 14.18881 15.63561 14.1891 15.66005 14.18699 19.54423 13.65826 19.56835 13.65376 19.59191 13.64692 19.61468 13.63781 19.63646 13.6265 19.65702 13.61312 19.67617 13.59778 19.69372 13.58064 19.70951 13.56186 19.72339 13.54163 19.73521 13.52013 19.74487 13.49758 19.75227 13.47419 19.75735 13.45019 19.76004 13.4258 19.76034 13.40127 19.75822 13.37683 19.75373 13.35271 19.74689 13.32915 19.73777 13.30637 19.72646 13.2846 19.71308 13.26403 19.69774 13.24488 19.6806 13.22733 19.66183 13.21154 19.64159 13.19767 19.62009 13.18584 19.59754 13.17618 19.57415 13.16878 19.55015 13.16371 19.52576 13.16101 19.50123 13.16072 19.47679 13.16283 

102
34.80071 13.5617 38.0406 15.11178 38.06322 15.12127 38.08667 15.1285 38.11071 15.13339 38.13511 15.13591 38.15964 15.13602 38.18407 15.13372 38.20815 15.12904 38.23166 15.12202 38.25437 15.11274 38.27606 15.10127 38.29652 15.08773 38.31555 15.07225 38.33298 15.05498 38.34863 15.03608 38.36235 15.01575 38.37401 14.99416 40.03198 11.52876 40.04147 11.50613 40.0487 11.48269 40.05359 11.45865 40.05611 11.43424 40.05622 11.40971 40.05392 11.38528 40.04924 11.3612 40.04222 11.33769 40.03294 11.31498 40.02147 11.29329 40.00793 11.27283 39.99245 11.2538 39.97518 11.23637 39.95628 11.22073 39.93595 11.207 39.91436 11.19534 39.89174 11.18585 39.86829 11.17863 39.84425 11.17373 39.81985 11.17122 39.79531 11.17111 39.77089 11.17341 39.7468 11.17809 39.72329 11.1851 39.70059 11.19439 39.6789 11.20586 39.65844 11.2194 39.6394 11.23488 39.62198 11.25215 39.60633 11.27104 39.59261 11.29138 39.58095 11.31297 38.03087 14.55285 34.79099 13.00277 34.76836 12.99328 34.74492 12.98606 34.72087 12.98116 34.69647 12.97865 34.67194 12.97854 34.64751 12.98083 34.62343 12.98551 34.59992 12.99253 34.57721 13.00182 34.55552 13.01329 34.53506 13.02683 34.51603 13.04231 34.4986 13.05958 34.48295 13.07847 34.46923 13.09881 34.45757 13.12039 32.7996 16.5858 32.79011 16.60842 32.78288 16.63187 32.77799 16.65591 32.77547 16.68031 32.77536 16.70485 32.77766 16.72927 32.78234 16.75336 32.78936 16.77686 32.79864 16.79957 32.81011 16.82126 32.82365 16.84172 32.83913 16.86075 32.8564 16.87818 32.8753 16.89383 32.89563 16.90755 32.91722 16.91921 32.93984 16.9287 32.96329 16.93593 32.98733 16.94082 33.01173 16.94333 33.03627 16.94344 33.06069 16.94115 33.08478 16.93647 33.10829 16.92945 33.13099 16.92016 33.15268 16.9087 33.17314 16.89516 33.19218 16.87968 33.2096 16.86241 33.22525 16.84351 33.23897 16.82317 33.25063 16.80159 

102
33.79908 36.47784 34.48988 40.00238 34.49578 40.0262 34.50398 40.04932 34.51441 40.07153 34.52696 40.09261 34.54152 40.11235 34.55794 40.13058 34.57608 40.1471 34.59574 40.16177 34.61675 40.17445 34.6389 40.185 34.66197 40.19333 34.68576 40.19936 34.71001 40.20302 34.73452 40.2043 34.75902 40.20316 34.7833 40.19963 38.55317 39.46074 38.57699 39.45485 38.60011 39.44665 38.62232 39.43622 38.6434 39.42367 38.66314 39.40911 38.68137 39.39268 38.6979 39.37455 38.71257 39.35488 38.72524 39.33388 38.73579 39.31173 38.74412 39.28865 38.75015 39.26487 38.75382 39.24061 38.75509 39.21611 38.75395 39.1916 38.75042 39.16732 38.74453 39.14351 38.73633 39.12039 38.7259 39.09818 38.71334 39.0771 38.69879 39.05735 38.68236 39.03913 38.66423 39.0226 38.64456 39.00793 38.62356 38.99526 38.60141 38.98471 38.57833 38.97638 38.55455 38.97035 38.53029 38.96668 38.50579 38.96541 38.48128 38.96655 38.457 38.97008 34.93246 39.66088 34.24166 36.13634 34.23577 36.11253 34.22757 36.0894 34.21714 36.0672 34.20458 36.04612 34.19002 36.02637 34.1736 36.00815 34.15547 35.99162 34.1358 35.97695 34.1148 35.96428 34.09265 35.95372 34.06957 35.94539 34.04579 35.93937 34.02153 35.9357 33.99703 35.93443 33.97252 35.93556 33.94824 35.93909 30.17837 36.67798 30.15456 36.68388 30.13143 36.69208 30.10923 36.7025 30.08815 36.71506 30.0684 36.72962 30.05018 36.74604 30.03365 36.76417 30.01898 36.78384 30.00631 36.80485 29.99576 36.827 29.98743 36.85007 29.9814 36.87385 29.97773 36.89811 29.97646 36.92261 29.97759 36.94712 29.98112 36.9714 29.98702 36.99521 29.99522 37.01834 30.00565 37.04054 30.0182 37.06162 30.03276 37.08137 30.04918 37.09959 30.06732 37.11612 30.08698 37.13079 30.10799 37.14346 30.13014 37.15401 30.15321 37.16234 30.177 37.16837 30.20125 37.17204 30.22576 37.17331 30.25026 37.17218 30.27454 37.16865 

102
13.15078 45.74011 16.19905 47.6395 16.22048 47.65144 16.24299 47.66121 16.26634 47.66874 16.29031 47.67394 16.31468 47.67677 16.33921 47.67719 16.36367 47.67521 16.38781 47.67084 16.41141 47.66412 16.43423 47.65513 16.45606 47.64394 16.4767 47.63066 16.49593 47.61543 16.51357 47.59838 16.52946 47.57969 16.54344 47.55953 18.57503 44.29908 18.58697 44.27765 18.59675 44.25515 18.60428 44.23179 18.60948 44.20782 18.6123 44.18345 18.61273 44.15892 18.61075 44.13446 18.60638 44.11032 18.59966 44.08673 18.59066 44.0639 18.57947 44.04207 18.5662 44.02144 18.55096 44.00221 18.53392 43.98456 18.51523 43.96867 18.49506 43.95469 18.47363 43.94275 18.45113 43.93297 18.42778 43.92545 18.4038 43.92025 18.37943 43.91742 18.3549 43.917 18.33045 43.91898 18.30631 43.92335 18.28271 43.93006 18.25989 43.93906 18.23805 43.95025 18.21742 43.96353 18.19819 43.97876 18.18054 43.99581 18.16465 44.0145 18.15067 44.03466 16.25129 47.08293 13.20302 45.18354 13.18159 45.17161 13.15909 45.16183 13.13574 45.1543 13.11176 45.1491 13.08739 45.14627 13.06286 45.14585 13.03841 45.14783 13.01427 45.1522 12.99067 45.15892 12.96784 45.16791 12.94601 45.1791 12.92538 45.19238 12.90615 45.20761 12.8885 45.22466 12.87261 45.24335 12.85863 45.26351 10.82704 48.52396 10.8151 48.5454 10.80532 48.5679 10.7978 48.59125 10.7926 48.61522 10.78977 48.63959 10.78935 48.66412 10.79133 48.68858 10.7957 48.71272 10.80241 48.73632 10.81141 48.75914 10.8226 48.78097 10.83588 48.80161 10.85111 48.82084 10.86816 48.83848 10.88685 48.85437 10.90701 48.86835 10.92844 48.88029 10.95094 48.89007 10.9743 48.89759 10.99827 48.9028 11.02264 48.90562 11.04717 48.90604 11.07163 48.90406 11.09577 48.89969 11.11936 48.89298 11.14219 48.88398 11.16402 48.87279 11.18465 48.85952 11.20388 48.84428 11.22153 48.82724 11.23742 48.80854 11.2514 48.78838 

136
10.0814 36.44911 11.17526 36.84055 10.78383 37.93441 10.7767 37.95788 10.77192 37.98195 10.76951 38.00636 10.76951 38.0309 10.77191 38.05531 10.7767 38.07937 10.78382 38.10285 10.79321 38.12552 10.80477 38.14716 10.8184 38.16756 10.83397 38.18652 10.85131 38.20387 10.87028 38.21943 10.89068 38.23307 10.91231 38.24463 10.93498 38.25402 10.95846 38.26114 10.98252 38.26593 11.00693 38.26834 11.03147 38.26834 11.05588 38.26593 11.07995 38.26115 11.10342 38.25403 11.12609 38.24464 11.14773 38.23308 11.16813 38.21945 11.18709 38.20388 11.20444 38.18653 11.22001 38.16757 11.23364 38.14717 11.2452 38.12554 11.25459 38.10287 11.64603 37.00901 12.73989 37.40044 12.76336 37.40757 12.78743 37.41235 12.81184 37.41476 12.83638 37.41476 12.86079 37.41236 12.88485 37.40757 12.90833 37.40045 12.931 37.39106 12.95264 37.3795 12.97304 37.36587 12.992 37.35031 13.00935 37.33296 13.02491 37.31399 13.03855 37.29359 13.05011 37.27196 13.0595 37.24929 13.06662 37.22582 13.07141 37.20175 13.07382 37.17734 13.07382 37.1528 13.07141 37.12839 13.06663 37.10432 13.05951 37.08085 13.05012 37.05818 13.03855 37.03654 13.02493 37.01614 13.00936 36.99718 12.99201 36.97983 12.97305 36.96426 12.95265 36.95063 12.93102 36.93907 12.90835 36.92968 11.81449 36.53824 12.20592 35.44438 12.21305 35.42091 12.21783 35.39684 12.22024 35.37243 12.22024 35.34789 12.21784 35.32348 12.21305 35.29942 12.20593 35.27594 12.19654 35.25327 12.18498 35.23163 12.17135 35.21123 12.15578 35.19227 12.13844 35.17492 12.11947 35.15936 12.09907 35.14572 12.07744 35.13416 12.05477 35.12477 12.03129 35.11765 12.00723 35.11286 11.98282 35.11045 11.95828 35.11045 11.93387 35.11286 11.9098 35.11764 11.88633 35.12476 11.86366 35.13415 11.84202 35.14572 11.82162 35.15934 11.80266 35.17491 11.78531 35.19226 11.76974 35.21122 11.75611 35.23162 11.74455 35.25325 11.73516 35.27592 11.34372 36.36978 10.24986 35.97835 10.22639 35.97122 10.20232 35.96644 10.17791 35.96403 10.15337 35.96403 10.12896 35.96643 10.1049 35.97122 10.08142 35.97834 10.05875 35.98773 10.03711 35.99929 10.01671 36.01292 9.99775 36.02849 9.9804 36.04583 9.96484 36.0648 9.9512 36.0852 9.93964 36.10683 9.93025 36.1295 9.92313 36.15298 9.91834 36.17704 9.91593 36.20145 9.91593 36.22599 9.91834 36.2504 9.92312 36.27447 9.93024 36.29794 9.93963 36.32061 9.95119 36.34225 9.96482 36.36265 9.98039 36.38161 9.99774 36.39896 10.0167 36.41453 10.0371 36.42816 10.05873 36.43972 

66
23.41347 6.10672 23.42346 6.12913 23.43559 6.15045 23.44976 6.17048 23.46582 6.18903 23.48363 6.20591 23.503 6.22096 23.52375 6.23405 23.54569 6.24503 23.56859 6.25382 23.59225 6.26031 23.61643 6.26446 23.64091 6.26621 23.66543 6.26556 23.68977 6.26251 23.7137 6.25708 23.73698 6.24934 23.75939 6.23935 23.78071 6.22722 23.80074 6.21305 23.81929 6.19699 23.83617 6.17919 23.85122 6.15981 23.86431 6.13906 23.87529 6.11712 23.88408 6.09422 23.89057 6.07056 23.89472 6.04638 23.89647 6.02191 23.89582 5.99738 23.89277 5.97304 23.88734 5.94911 23.8796 5.92583 22.81597 3.18498 22.80598 3.16257 22.79385 3.14124 22.77968 3.12121 22.76362 3.10267 22.74581 3.08579 22.72644 3.07073 22.70569 3.05765 22.68375 3.04666 22.66085 3.03788 22.63719 3.03138 22.61301 3.02724 22.58853 3.02548 22.56401 3.02614 22.53967 3.02919 22.51574 3.03461 22.49246 3.04235 22.47005 3.05234 22.44873 3.06448 22.4287 3.07865 22.41015 3.09471 22.39327 3.11251 22.37822 3.13188 22.36513 3.15264 22.35415 3.17457 22.34536 3.19748 22.33887 3.22114 22.33472 3.24532 22.33297 3.26979 22.33362 3.29432 22.33667 3.31866 22.3421 3.34259 22.34984 3.36587 

66
38.21509 28.11755 38.20864 28.14122 38.20453 28.16541 38.20282 28.18988 38.20351 28.2144 38.20661 28.23874 38.21207 28.26266 38.21985 28.28593 38.22988 28.30832 38.24205 28.32962 38.25625 28.34963 38.27234 28.36814 38.29018 28.385 38.30957 28.40002 38.33035 28.41307 38.3523 28.42402 38.37523 28.43276 38.3989 28.43922 38.42308 28.44332 38.44756 28.44504 38.47208 28.44434 38.49642 28.44125 38.52034 28.43578 38.5436 28.428 38.566 28.41798 38.5873 28.40581 38.6073 28.3916 38.62582 28.37551 38.64267 28.35768 38.65769 28.33828 38.67074 28.31751 38.68169 28.29555 38.69044 28.27263 39.54868 25.64199 39.55514 25.61832 39.55924 25.59413 39.56095 25.56965 39.56026 25.54513 39.55717 25.52079 39.5517 25.49687 39.54392 25.47361 39.5339 25.45122 39.52172 25.42991 39.50752 25.40991 39.49143 25.39139 39.4736 25.37454 39.4542 25.35952 39.43343 25.34647 39.41147 25.33552 39.38855 25.32677 39.36488 25.32032 39.34069 25.31621 39.31622 25.3145 39.29169 25.31519 39.26735 25.31829 39.24344 25.32375 39.22017 25.33153 39.19778 25.34156 39.17648 25.35373 39.15647 25.36793 39.13795 25.38402 39.1211 25.40186 39.10608 25.42125 39.09303 25.44203 39.08208 25.46398 39.07334 25.48691 

66
26.90746 38.58331 26.9248 38.60067 26.94376 38.61625 26.96415 38.62989 26.98577 38.64147 27.00843 38.65087 27.03191 38.65801 27.05597 38.66281 27.08038 38.66524 27.10491 38.66525 27.12933 38.66286 27.1534 38.65809 27.17688 38.65099 27.19955 38.64161 27.2212 38.63006 27.2416 38.61645 27.26058 38.6009 27.27794 38.58356 27.29352 38.56461 27.30716 38.54422 27.31874 38.52259 27.32814 38.49993 27.33528 38.47645 27.34009 38.45239 27.34251 38.42798 27.34252 38.40345 27.34013 38.37903 27.33536 38.35496 27.32826 38.33148 27.31889 38.30881 27.30733 38.28716 27.29372 38.26676 27.27817 38.24778 25.45842 36.23727 25.44108 36.21991 25.42213 36.20433 25.40174 36.19068 25.38011 36.1791 25.35745 36.1697 25.33398 36.16256 25.30992 36.15776 25.2855 36.15534 25.26097 36.15532 25.23655 36.15771 25.21249 36.16248 25.189 36.16959 25.16633 36.17896 25.14469 36.19051 25.12428 36.20413 25.1053 36.21968 25.08794 36.23701 25.07237 36.25597 25.05872 36.27636 25.04714 36.29799 25.03774 36.32065 25.0306 36.34412 25.0258 36.36818 25.02338 36.39259 25.02336 36.41713 25.02575 36.44154 25.03052 36.46561 25.03762 36.48909 25.047 36.51177 25.05855 36.53341 25.07216 36.55382 25.08772 36.57279 

66
26.49198 47.02663 26.49024 47.00215 26.48611 46.97797 26.47963 46.95431 26.47087 46.93139 26.4599 46.90945 26.44683 46.88868 26.43179 46.8693 26.41492 46.85148 26.39639 46.83541 26.37637 46.82123 26.35506 46.80907 26.33266 46.79907 26.30938 46.79131 26.28546 46.78587 26.26112 46.7828 26.23659 46.78213 26.21212 46.78386 26.18794 46.78799 26.16427 46.79447 26.14136 46.80323 26.11942 46.8142 26.09865 46.82727 26.07927 46.84231 26.06145 46.85918 26.04538 46.87771 26.03119 46.89773 26.01904 46.91904 26.00904 46.94144 26.00128 46.96472 25.99583 46.98864 25.99276 47.01298 25.99209 47.03751 26.04877 49.64127 26.05051 49.66574 26.05463 49.68992 26.06111 49.71359 26.06988 49.7365 26.08085 49.75845 26.09391 49.77921 26.10895 49.79859 26.12582 49.81641 26.14435 49.83248 26.16437 49.84667 26.18569 49.85882 26.20809 49.86882 26.23136 49.87658 26.25528 49.88203 26.27963 49.8851 26.30415 49.88577 26.32862 49.88403 26.35281 49.8799 26.37647 49.87343 26.39938 49.86466 26.42133 49.85369 26.44209 49.84062 26.46148 49.82558 26.47929 49.80871 26.49537 49.79018 26.50955 49.77016 26.5217 49.74885 26.53171 49.72645 26.53947 49.70317 26.54491 49.67925 26.54798 49.65491 26.54865 49.63039 

