4.0 33.0
5.0 33.2
5.5 34.1
5.4 35.3
5.0 36.5
4.6 37.5
4.9 38.6
5.8 39.4
6.8 40.1
7.7 40.9
8.4 42.0
9.0 43.1
9.5 44.0
10.5 43.8
11.3 43.1
12.0 42.1
12.9 41.4
14.1 40.9
15.3 40.7
16.6 40.6
17.9 40.7
19.1 40.8
20.5 40.7
21.5 40.5
22.3 39.6
22.6 38.4
22.9 37.2
23.0 36.1
22.9 34.8
22.5 33.6
22.3 32.4
22.4 31.1
22.7 29.9
22.9 28.9
22.4 28.0
21.3 27.5
20.2 27.3
20.3 26.2
21.0 25.3
21.9 24.5
22.7 23.4
23.3 22.5
24.4 22.3
25.6 22.6
26.8 23.2
27.8 24.1
28.8 24.9
29.9 25.7
31.0 26.5
32.1 27.3
33.1 28.0
34.3 28.3
35.6 28.4
36.9 28.2
38.2 28.1
39.5 28.0
40.9 27.9
42.1 27.5
43.2 27.2
43.9 28.4
44.1 29.6
44.1 30.9
44.3 32.0
44.8 33.1
45.5 34.1
46.2 34.9
46.2 36.2
45.7 37.3
44.7 38.2
43.5 38.5
42.2 38.5
40.9 38.4
39.6 38.3
38.5 38.4
37.6 39.1
36.6 39.5
35.2 39.3
34.2 38.7
33.5 37.7
33.1 36.5
32.7 35.2
32.7 34.0
