45.0 37.0
44.7 36.0
43.9 35.3
44.6 34.2
44.6 33.1
44.1 32.0
43.7 30.7
43.1 29.7
41.9 29.4
40.7 29.7
39.6 30.1
38.4 30.1
37.1 29.7
35.9 29.1
34.8 28.5
33.8 28.6
33.1 29.5
32.7 30.6
32.4 31.9
32.2 33.1
32.0 34.3
30.9 34.5
29.8 34.1
28.6 34.0
27.3 34.1
26.3 34.6
25.4 35.5
24.7 36.6
24.2 37.7
24.0 39.0
23.8 40.0
23.0 40.6
21.8 40.7
20.5 40.6
19.3 40.2
18.0 39.8
16.8 39.4
15.5 39.2
14.2 39.2
13.2 39.5
12.2 40.2
11.5 41.2
10.9 42.2
11.2 43.2
11.7 44.2
11.5 45.3
10.7 46.3
9.7 47.1
8.5 47.7
7.3 48.1
6.3 47.6
5.4 46.7
4.8 45.7
