4.0 13.0
3.5 12.1
2.4 12.1
2.3 11.0
1.7 10.0
1.4 8.9
1.5 7.7
1.9 6.5
2.5 5.6
3.4 4.9
4.6 4.5
5.7 4.1
6.7 3.3
8.0 2.9
9.3 3.0
10.3 3.4
11.1 4.5
11.5 5.7
11.6 7.0
11.7 8.2
12.1 9.4
12.5 10.6
13.0 11.8
13.4 13.0
13.8 14.0
14.7 14.8
15.8 15.3
17.0 15.7
18.1 16.3
18.8 17.2
18.2 18.5
17.4 19.3
16.4 20.1
15.3 20.8
14.2 21.5
13.3 22.1
13.0 23.2
13.2 24.4
12.8 25.5
12.0 26.3
10.9 26.8
9.7 27.2
8.6 27.4
7.7 28.1
7.0 29.1
6.4 30.3
5.8 31.4
5.0 32.5
4.2 33.5
3.3 34.5
2.9 35.8
2.7 36.8
2.1 37.9
1.9 39.1
1.9 40.4
2.1 41.7
2.5 42.7
3.4 43.6
4.5 44.3
5.5 44.8
4.8 45.9
