4.0 13.0
5.0 13.3
4.3 12.5
3.3 11.8
2.5 11.0
2.4 9.8
2.6 8.7
3.1 7.7
3.9 6.7
4.8 6.0
5.9 5.4
6.6 4.5
7.3 3.4
7.8 2.2
8.7 3.1
9.0 4.3
9.2 5.5
9.9 6.5
10.6 7.6
11.3 8.7
12.0 9.8
12.6 11.0
13.1 12.2
13.6 13.4
14.0 14.6
14.6 15.6
15.4 16.5
16.3 17.3
16.9 18.4
16.3 19.3
15.4 19.9
15.1 21.0
15.3 22.2
15.7 23.4
15.5 24.7
14.7 25.6
13.6 26.3
12.4 26.9
11.3 27.4
10.2 28.1
9.2 28.9
8.1 29.5
6.9 30.0
5.7 30.2
4.8 31.0
4.5 32.1
4.6 33.3
4.8 34.6
4.8 35.9
4.7 37.0
4.1 38.0
3.2 38.8
2.3 39.7
1.7 40.8
1.5 42.0
2.1 42.9
3.1 43.5
4.3 44.0
4.6 45.2
