12.5 25.0
13.2 24.0
13.1 22.9
13.1 21.7
13.8 20.7
14.5 19.7
15.0 18.5
15.5 17.3
15.8 16.1
16.6 15.0
17.6 14.6
18.4 13.9
17.8 13.0
17.2 12.2
17.5 11.0
18.2 10.1
19.3 9.5
20.5 9.0
21.8 8.6
23.0 8.3
24.3 8.3
25.5 8.5
26.7 8.7
27.9 8.7
29.1 8.4
30.1 8.0
30.8 7.2
31.3 6.0
31.7 4.8
32.6 4.2
33.6 4.3
34.6 4.8
35.7 5.6
37.0 5.5
37.7 4.6
38.2 3.5
38.5 2.4
39.4 2.9
40.1 3.8
40.7 4.9
41.4 6.1
42.2 7.1
43.0 8.2
43.8 9.2
44.5 10.3
45.0 11.5
45.4 12.7
45.8 13.9
46.1 15.2
46.4 16.4
46.7 17.6
46.9 18.9
47.0 20.3
46.9 21.6
46.7 22.9
46.4 24.1
