41.5 30.0
40.7 30.9
39.9 31.6
38.7 32.0
37.4 32.1
36.2 32.2
35.0 32.5
33.8 33.1
32.8 33.9
31.9 34.7
31.0 35.7
30.2 36.6
29.1 37.0
27.9 36.8
26.8 36.7
25.7 36.9
24.5 36.9
23.2 36.6
22.1 36.2
20.8 35.9
19.5 35.5
18.4 34.9
17.5 34.1
16.6 33.3
15.5 32.5
14.5 31.9
13.5 31.0
12.7 30.0
12.3 29.0
12.3 27.7
12.5 26.4
12.8 25.2
12.9 24.0
12.1 23.4
11.0 23.3
9.9 23.8
8.8 24.4
7.6 25.1
6.7 26.2
6.5 27.2
6.9 28.2
7.6 29.3
8.4 30.2
9.0 31.2
9.4 32.4
9.7 33.5
10.3 34.6
11.2 35.6
12.2 36.4
13.2 37.2
14.2 37.9
15.3 38.6
16.4 39.4
17.2 40.2
