10.0 20.0
11.1 20.6
11.4 21.6
10.8 20.4
10.1 19.5
9.7 18.4
9.9 17.2
10.6 16.4
11.7 15.9
11.9 14.7
11.3 13.7
10.4 12.9
9.4 12.3
9.1 11.0
9.5 9.9
10.2 9.0
11.2 8.2
12.3 7.6
12.9 6.5
13.0 5.3
13.7 4.2
14.8 3.8
16.1 3.7
17.2 3.7
18.3 4.2
19.1 5.0
19.6 5.9
19.6 7.0
19.3 8.2
18.8 9.4
18.5 10.5
18.6 11.8
18.9 13.0
19.3 14.3
20.1 14.9
21.1 15.1
21.6 16.0
21.6 17.1
21.4 18.4
20.9 19.6
20.8 20.6
21.1 21.8
20.8 23.0
20.0 24.0
19.5 25.0
19.3 26.2
19.4 27.5
19.6 28.8
19.9 30.1
20.2 31.3
20.2 32.4
19.9 33.6
19.4 34.8
18.9 35.7
19.1 36.9
19.9 37.7
20.7 38.6
