15.0 13.0
15.3 12.0
16.2 11.3
17.3 11.2
18.4 11.5
19.5 12.0
20.6 12.1
21.7 11.8
22.8 11.2
24.0 10.7
25.2 10.4
26.5 10.1
27.8 10.0
29.1 10.0
30.4 10.0
31.7 9.9
33.0 9.6
34.2 9.3
35.4 9.2
36.6 9.4
37.8 9.9
39.0 9.8
39.6 9.0
39.9 7.9
40.2 6.6
40.3 5.2
40.5 3.9
40.6 2.9
41.9 3.0
42.8 3.7
43.7 4.6
44.6 5.5
45.6 6.4
46.6 7.0
47.3 7.8
47.7 9.0
47.8 10.2
47.7 11.5
47.4 12.8
47.0 14.0
46.4 14.8
45.3 15.5
44.3 16.3
43.7 17.3
43.8 18.3
44.4 19.3
43.9 20.5
43.0 21.2
41.9 21.7
41.1 22.4
40.4 23.4
39.5 24.2
38.4 24.8
37.3 25.3
36.1 25.8
35.8 27.0
36.4 28.0
37.2 28.9
