35.0 5.0
35.5 6.0
36.4 6.9
37.6 6.8
38.6 7.3
39.4 8.0
40.5 8.4
41.4 9.0
42.1 10.1
42.8 11.2
43.4 12.2
43.8 13.4
43.9 14.7
44.0 15.9
44.5 17.1
43.7 17.9
42.7 17.7
41.5 17.2
40.2 16.8
39.1 16.4
38.0 15.7
36.8 15.4
35.5 15.3
34.3 15.3
32.9 15.3
31.6 15.3
30.4 15.0
29.3 14.4
28.2 13.9
26.9 13.6
25.8 13.5
24.7 13.5
23.4 13.4
22.1 13.3
20.9 13.4
19.7 13.9
18.6 14.7
17.6 15.5
16.8 16.2
15.7 16.1
14.8 15.5
13.8 14.7
12.6 14.0
11.6 13.6
10.4 13.7
9.2 14.0
7.9 13.9
6.7 13.6
5.5 13.9
4.6 14.6
4.1 15.8
4.3 16.8
5.0 17.8
5.6 18.6
4.8 19.5
3.7 20.0
2.6 20.3
2.0 21.2
1.8 22.4
2.1 23.6
