17.5 17.5
16.3 17.8
15.2 17.8
14.6 16.7
13.6 16.0
12.4 15.7
11.3 15.6
10.2 16.3
9.5 17.2
9.2 18.5
9.1 19.8
9.1 21.1
9.3 22.3
10.4 23.1
11.5 23.3
12.7 23.2
13.8 23.5
14.9 24.1
15.8 24.7
16.9 24.8
18.0 24.5
19.2 24.6
20.3 25.5
20.9 26.5
22.1 26.8
23.3 26.4
24.5 26.1
25.6 26.0
26.5 26.7
26.9 27.7
27.7 28.4
28.7 28.3
29.7 27.7
30.6 26.8
31.5 26.3
32.7 26.2
33.9 26.5
35.0 27.0
36.1 27.6
37.0 26.8
37.2 25.6
37.0 24.4
37.5 23.3
38.4 22.8
39.3 22.2
40.1 21.3
39.5 20.1
38.6 19.5
37.4 19.1
36.1 19.0
34.8 19.0
33.5 19.2
32.8 18.4
