25.0 17.5
25.6 18.6
26.7 19.3
25.9 20.2
25.5 21.4
25.4 22.6
25.6 23.8
26.0 25.0
26.5 26.2
27.1 27.3
27.5 28.3
27.3 29.5
26.9 30.7
26.7 32.0
27.1 33.1
27.5 34.2
27.5 35.4
27.3 36.6
27.1 37.6
27.5 38.7
28.3 39.5
29.7 39.4
30.8 38.7
31.8 38.0
32.8 37.2
33.8 37.9
34.3 39.0
35.3 39.3
36.5 38.6
37.5 38.0
38.7 37.7
40.0 37.7
41.3 37.8
42.6 38.0
43.6 38.1
44.5 37.5
44.9 36.2
44.8 35.2
45.2 34.1
45.3 32.9
45.1 31.7
44.7 30.5
44.2 29.6
43.3 29.1
42.3 28.4
41.5 27.5
40.8 26.4
40.2 25.2
39.7 24.1
38.7 23.4
37.6 23.2
36.3 23.3
35.0 23.7
33.8 24.1
