47.0 25.0
45.9 24.7
45.3 25.6
44.2 25.1
43.0 24.8
41.8 24.6
40.8 24.0
39.8 23.4
38.6 23.0
37.4 22.8
36.3 22.9
35.2 23.4
34.2 24.2
33.4 25.1
32.3 25.5
31.2 25.3
30.0 24.7
29.0 24.0
28.1 23.3
27.1 23.1
25.9 23.4
24.8 24.0
23.5 24.3
22.3 24.6
21.1 24.9
19.9 25.4
18.7 25.9
17.5 26.6
16.4 27.2
15.4 27.5
14.4 26.9
13.5 26.0
12.5 25.4
11.4 26.1
10.7 27.1
9.7 27.9
8.6 28.5
7.3 29.0
6.1 29.6
5.2 30.1
5.1 31.2
5.3 32.4
5.1 33.7
4.8 34.9
4.9 36.0
5.4 37.2
6.0 38.3
6.8 39.4
7.7 40.2
8.9 40.3
10.1 40.1
11.3 39.7
12.4 39.1
13.4 38.5
14.5 38.4
15.7 38.4
16.9 38.0
18.1 37.4
18.9 36.7
18.8 35.4
