47.0 25.0
45.9 25.4
44.9 25.9
44.4 24.8
43.4 24.1
42.2 23.7
41.0 23.2
39.9 22.6
39.1 21.7
38.7 20.7
39.3 19.5
40.2 18.6
41.2 18.0
42.0 17.1
42.3 16.1
42.1 15.0
41.6 13.9
40.9 12.8
40.1 11.8
39.3 10.8
38.8 9.7
38.4 8.5
38.1 7.3
37.8 6.0
37.0 5.2
36.0 4.8
34.8 4.7
33.5 4.9
32.3 5.1
31.0 5.3
29.8 5.4
28.9 5.9
28.5 6.9
28.3 8.1
28.4 9.3
28.7 10.5
28.8 11.7
28.5 12.9
27.9 14.0
27.2 15.0
27.1 16.2
27.3 17.3
27.1 18.5
26.6 19.6
26.2 20.9
26.4 22.1
26.9 23.2
27.6 24.1
27.2 25.2
26.3 26.0
25.1 26.7
23.9 27.1
22.8 27.4
22.3 28.3
22.3 29.5
22.7 30.6
23.3 31.6
23.4 32.9
23.2 34.1
22.7 35.4
22.3 36.5
22.3 37.6
22.5 38.8
21.5 39.5
20.3 39.6
19.1 39.3
18.1 38.4
17.7 37.3
17.5 36.1
