4.0 46.0
4.6 46.9
5.6 47.2
6.8 47.2
8.1 47.1
9.4 47.0
10.5 46.7
11.5 46.1
12.3 45.2
12.4 43.9
12.0 42.7
11.4 41.6
10.7 40.5
11.2 39.6
12.7 39.7
13.8 39.7
15.0 39.3
16.0 38.6
17.0 38.2
18.2 38.2
19.5 38.4
20.5 38.7
21.7 38.2
22.4 37.4
23.0 36.3
23.8 35.3
24.8 34.5
25.8 34.1
27.0 34.1
28.2 33.8
29.3 33.2
30.4 32.5
31.6 32.0
32.5 31.3
33.3 30.3
33.9 29.1
34.4 27.9
34.8 26.6
35.1 25.4
35.2 24.1
35.2 22.8
35.1 21.7
34.6 20.5
34.1 19.4
33.3 18.5
32.4 17.8
32.5 16.7
33.3 15.8
34.3 15.0
35.4 14.3
36.0 13.5
36.5 12.3
37.2 11.2
37.9 10.2
38.7 9.1
39.2 8.0
38.4 6.9
37.3 6.2
36.1 5.7
34.9 5.3
