3.5 3.5
4.6 3.7
5.5 4.2
6.7 4.5
7.8 4.1
9.0 3.7
10.0 4.1
10.9 4.8
11.7 5.5
12.7 5.6
13.9 5.3
15.1 4.8
16.3 4.3
17.5 3.8
18.5 3.6
19.5 4.0
20.6 4.8
21.5 5.6
22.3 6.6
22.9 7.5
23.0 8.6
22.7 9.8
23.5 10.9
24.6 11.5
25.5 12.4
26.3 13.5
27.0 14.6
27.6 15.8
28.2 16.8
28.4 17.9
28.2 19.1
27.9 20.2
27.9 21.4
28.2 22.6
28.6 23.6
27.6 24.6
26.4 25.3
25.6 26.0
25.8 27.2
26.5 28.1
27.5 28.7
28.6 28.8
29.9 28.6
31.0 28.1
32.2 27.6
33.5 27.2
34.8 27.1
36.1 27.1
37.3 27.3
38.4 27.8
39.5 28.4
40.5 28.6
41.6 28.4
42.7 28.0
43.8 28.7
44.5 29.7
44.7 30.8
44.6 32.1
44.4 33.2
44.6 34.5
45.2 35.6
45.6 36.7
45.8 38.0
45.9 39.2
46.2 40.5
46.6 41.7
46.6 42.8
46.2 43.9
45.4 44.9
