3.5 3.5
4.5 3.3
5.7 2.6
6.9 2.4
8.1 2.5
9.4 2.7
10.6 3.1
11.8 3.6
12.9 4.2
14.1 4.7
15.3 5.2
16.6 5.5
17.9 5.9
19.2 6.0
20.4 6.1
21.0 7.1
21.4 8.3
21.9 9.5
22.5 10.7
23.1 11.8
23.8 12.9
24.4 14.0
24.7 15.2
24.9 16.5
24.9 17.8
25.0 18.9
25.6 19.8
26.6 20.5
27.8 21.0
28.8 21.5
29.7 22.3
30.5 23.0
31.5 23.2
32.7 22.9
33.8 22.6
35.0 22.7
36.1 23.2
37.2 23.8
38.3 24.5
39.2 25.4
39.9 26.5
40.5 27.6
41.3 28.4
42.3 28.8
43.5 29.2
44.7 29.8
45.6 30.8
45.7 32.0
45.4 33.2
45.3 34.4
45.2 35.7
45.3 37.0
45.5 38.2
45.9 39.3
46.6 40.4
47.2 41.4
47.4 42.6
47.2 43.9
46.8 45.1
