3.5 3.5
4.7 3.4
5.8 3.2
6.8 4.0
7.7 4.8
8.0 6.1
7.9 7.2
8.3 8.4
8.2 9.4
7.8 10.6
7.6 11.7
8.1 12.7
9.0 13.5
9.4 14.6
8.9 15.7
8.2 16.6
7.5 17.4
7.3 18.6
8.3 19.4
9.5 19.7
10.5 20.3
11.0 21.4
11.3 22.6
11.4 23.9
11.4 25.2
11.7 26.2
12.5 27.2
13.4 28.1
14.6 28.5
15.7 28.2
16.7 27.5
18.0 27.1
19.3 27.2
20.5 27.4
21.5 27.9
22.2 28.7
22.7 29.9
23.1 31.1
23.4 32.4
23.6 33.6
23.9 34.7
24.6 35.7
25.6 36.5
26.7 37.2
27.9 37.8
29.0 38.5
30.0 39.4
31.0 39.0
31.2 37.9
31.9 36.9
33.1 36.7
34.1 37.4
35.0 37.9
36.2 37.9
37.5 37.6
38.7 37.1
39.7 36.6
41.0 36.7
41.9 37.4
42.7 38.5
43.3 39.6
43.9 40.7
44.6 41.8
45.3 42.8
46.1 43.8
46.9 44.6
