5.0 5.0
6.1 5.3
6.7 6.1
7.0 7.2
8.2 6.7
9.4 6.4
10.1 7.4
10.7 8.5
11.2 9.7
11.6 10.9
12.1 12.0
12.9 13.0
13.9 13.8
14.6 14.9
14.6 16.1
14.2 17.3
15.3 18.1
16.5 17.9
17.7 18.0
18.9 18.2
20.3 18.3
21.6 18.2
22.9 18.1
24.2 18.2
25.5 18.3
26.8 18.4
28.1 18.5
29.5 18.6
30.6 18.9
31.6 19.6
32.6 19.7
33.7 19.4
34.7 18.7
35.7 19.3
36.0 20.3
36.1 21.5
36.5 22.7
36.9 23.9
37.1 25.1
36.9 26.4
36.7 27.7
36.5 29.0
36.2 30.1
35.5 31.1
34.5 31.9
33.5 32.6
32.4 33.2
31.3 33.8
30.1 34.5
29.1 35.2
28.2 36.2
27.6 37.2
26.7 37.9
25.5 38.4
25.0 39.3
25.5 40.4
26.2 41.3
27.0 42.1
26.9 43.2
26.4 44.2
25.5 45.1
24.5 46.0
