45.0 13.0
44.3 13.8
44.3 15.1
44.6 16.3
45.1 17.4
45.7 18.4
45.0 19.3
43.9 19.7
42.7 19.9
41.4 19.8
40.2 19.6
39.0 19.4
37.8 19.6
36.6 20.0
35.6 20.4
34.4 20.0
33.6 19.1
32.9 18.2
31.8 17.6
30.6 17.0
29.5 16.4
28.4 15.7
27.6 14.8
26.8 13.7
26.1 12.7
25.1 11.9
23.9 11.2
22.8 10.8
21.5 10.5
20.3 10.3
19.2 10.9
18.4 11.9
17.8 12.9
16.8 13.6
15.6 14.0
14.5 14.2
14.5 15.3
15.1 16.2
16.0 17.1
17.1 17.7
17.5 18.7
17.2 19.7
16.2 20.3
15.0 20.3
13.8 19.9
12.6 19.7
11.6 20.2
10.7 21.2
10.1 22.3
9.7 23.5
9.5 24.7
9.0 25.8
8.2 26.8
7.4 27.8
6.6 28.8
5.6 29.6
4.5 30.2
4.0 31.1
4.1 32.2
4.4 33.4
4.2 34.7
3.5 35.7
2.9 36.8
2.4 38.1
2.2 39.3
2.1 40.6
2.0 42.0
2.0 43.3
2.0 44.6
2.4 45.6
