32.5 33.0
33.5 33.7
33.9 34.9
34.5 36.0
35.2 37.1
35.9 38.3
36.6 39.4
37.6 40.0
38.8 40.1
40.1 39.8
41.4 39.6
42.6 39.7
43.5 39.2
44.1 38.2
44.4 37.0
44.5 35.7
44.5 34.4
44.5 33.1
44.7 31.9
44.9 30.9
44.6 29.9
43.8 29.0
42.9 28.1
42.1 27.0
41.1 26.6
40.2 27.6
39.2 28.4
37.9 28.4
36.6 28.7
35.4 29.0
34.2 28.9
33.0 28.6
32.1 28.1
31.4 27.2
31.1 26.0
30.7 25.0
29.9 24.3
28.8 23.7
27.5 23.4
26.2 23.1
24.9 22.9
23.6 22.7
22.4 22.5
21.2 22.7
20.0 23.0
18.9 23.6
17.8 24.3
16.7 25.0
15.4 24.6
14.3 24.3
13.1 24.4
12.1 24.7
11.5 25.6
11.0 26.7
10.3 27.6
9.3 28.3
8.0 28.7
6.8 29.0
6.0 29.8
5.7 30.9
5.8 32.1
5.7 33.3
5.3 34.5
4.9 35.7
4.9 36.8
5.2 38.0
6.1 39.0
7.2 39.5
8.4 39.6
9.7 39.5
11.0 39.2
12.2 39.0
13.5 38.7
14.6 38.3
15.5 37.5
16.1 36.6
16.3 35.5
16.0 34.3
15.6 33.2
16.2 32.3
