38.0 28.0
37.1 27.3
35.9 27.6
34.8 27.8
33.6 27.7
32.3 27.4
31.1 26.9
29.8 26.6
28.8 26.3
27.6 26.9
26.8 27.7
26.3 28.8
26.0 30.1
25.8 31.3
25.8 32.6
25.5 33.8
25.1 35.0
24.6 36.2
24.2 37.4
24.1 38.4
25.4 38.9
26.4 39.6
26.3 40.6
25.8 41.7
24.9 42.5
23.8 43.2
22.6 42.9
21.7 42.2
21.0 41.2
20.6 40.1
19.8 39.3
18.8 38.7
17.7 38.4
16.6 38.6
15.5 39.3
14.4 40.1
13.3 40.8
12.1 41.4
11.0 42.0
10.2 42.9
10.0 44.0
10.3 45.2
10.7 46.3
9.9 47.3
8.8 47.7
7.5 47.8
6.2 47.7
5.0 47.1
4.4 46.1
3.8 45.0
2.9 44.1
2.2 43.2
1.7 42.0
1.6 40.8
2.1 39.6
3.1 38.8
4.1 38.4
