33.5 46.0
32.5 45.5
31.7 44.6
32.6 43.7
33.4 42.8
33.2 41.7
32.6 40.8
31.6 40.2
30.4 39.8
29.1 39.6
28.4 38.5
28.0 37.3
27.4 36.3
26.6 35.3
26.4 34.2
26.9 33.1
27.3 32.0
27.4 30.7
27.4 29.4
28.1 28.5
29.4 28.7
30.7 28.4
31.2 27.4
31.5 26.2
31.6 24.9
31.5 23.6
32.3 22.8
33.3 22.6
34.5 22.9
35.6 22.8
36.8 22.3
38.0 21.8
39.1 21.3
39.8 20.5
40.4 19.4
40.7 18.2
40.8 16.9
41.0 15.6
41.3 14.4
41.8 13.3
42.4 12.2
42.7 11.0
42.3 9.9
41.0 9.6
40.1 9.1
40.0 8.0
40.4 6.9
41.1 5.9
42.1 5.1
43.2 4.4
44.3 3.9
45.4 4.0
