45.0 35.0
43.9 34.4
43.9 33.2
43.6 32.1
42.9 31.0
42.1 30.1
40.9 29.5
39.8 29.7
38.8 29.5
38.0 28.7
37.5 27.5
37.1 26.3
37.0 25.1
36.6 24.1
35.7 23.4
34.6 22.9
33.8 22.3
33.2 21.3
32.8 20.2
32.5 18.9
32.3 17.6
31.9 16.4
31.2 15.3
30.4 14.3
29.5 13.7
28.8 14.5
27.9 15.0
26.8 14.2
26.0 13.2
25.4 12.1
24.9 10.9
24.6 9.7
24.6 8.4
24.6 7.1
24.6 5.9
23.8 5.2
22.7 5.5
21.6 6.1
20.5 6.2
19.3 6.1
18.1 6.3
16.9 6.7
15.7 7.4
14.7 8.2
13.9 9.1
13.2 10.2
12.6 11.4
11.8 12.1
10.7 12.4
9.5 12.4
8.5 12.7
7.6 13.5
6.8 14.5
6.2 15.6
5.7 16.8
5.6 17.9
5.7 19.2
5.6 20.4
5.2 21.6
4.8 22.8
5.0 23.9
