25.0 37.5
24.1 37.0
23.6 38.1
22.6 38.5
21.3 38.5
20.1 38.2
19.5 37.3
19.6 36.1
19.3 35.0
18.6 34.0
17.8 33.0
16.8 32.0
15.9 31.1
14.9 30.2
14.3 29.0
14.3 27.8
14.5 26.6
14.1 25.4
13.2 24.5
12.3 23.9
12.2 22.7
12.8 21.6
13.6 20.6
14.2 19.5
14.5 18.3
14.6 17.1
14.3 16.1
13.6 15.1
13.1 13.8
13.3 12.7
14.2 11.9
15.4 11.5
16.6 11.2
17.9 10.8
19.1 10.3
20.0 9.7
20.2 8.7
20.0 7.5
20.1 6.4
20.6 5.3
21.4 4.3
22.3 3.4
23.3 2.8
24.5 2.3
25.7 2.1
26.9 2.1
28.2 2.5
29.3 3.0
30.5 3.7
31.5 4.3
32.7 4.3
33.8 3.7
34.9 3.0
36.1 2.4
37.2 1.8
38.4 1.7
39.7 1.8
40.9 2.1
41.9 2.8
42.8 3.7
43.6 4.7
44.1 5.9
44.5 7.1
44.4 8.2
43.9 9.3
43.2 10.4
42.5 11.4
43.1 12.5
44.3 12.9
45.5 13.3
46.7 13.8
45.6 13.9
44.6 13.7
43.6 13.4
43.7 14.8
