45.0 4.0
46.2 4.1
46.3 5.2
46.2 6.2
46.6 7.2
47.5 8.1
48.2 9.0
48.6 10.1
48.5 11.3
48.1 12.5
47.6 13.7
47.0 14.9
46.3 16.0
45.8 17.2
45.6 18.4
45.3 19.7
44.8 20.9
44.2 21.9
43.1 22.3
42.0 22.6
41.2 23.6
41.0 24.8
41.0 26.1
41.6 27.2
42.6 27.9
43.6 28.4
44.2 29.4
44.3 30.6
44.7 31.7
45.6 32.3
46.6 32.8
46.7 34.1
46.3 35.3
45.7 36.4
45.4 37.4
46.2 38.2
47.3 38.8
48.2 39.6
48.4 40.6
48.1 41.7
47.5 42.8
46.6 43.8
45.7 44.7
44.7 45.5
43.7 46.3
42.8 47.2
42.0 48.0
41.0 48.5
39.7 48.6
38.7 48.4
37.9 47.7
37.2 46.6
36.7 45.4
36.4 44.2
35.4 44.9
