46.0 33.0
46.4 34.0
46.7 35.0
47.5 36.0
48.0 36.9
47.8 38.3
47.2 39.3
46.4 40.3
45.2 40.9
44.0 40.9
42.7 40.8
41.5 40.5
40.3 40.1
39.1 39.7
37.9 39.2
36.7 38.6
35.5 38.3
34.2 38.2
33.0 38.1
31.7 38.2
30.4 38.2
29.1 38.3
28.0 38.5
27.0 37.5
26.3 36.7
25.3 36.2
24.1 36.0
23.4 35.1
23.1 33.9
23.1 32.7
23.1 31.4
22.9 30.2
22.6 28.9
22.3 27.7
22.1 26.5
21.8 25.5
21.2 24.6
20.9 23.5
21.1 22.3
21.5 21.1
21.7 19.8
21.7 18.6
21.7 17.3
21.7 15.9
22.2 14.8
23.0 14.2
24.3 13.9
25.6 13.7
26.6 13.2
27.4 12.2
27.5 11.1
27.4 9.8
27.5 8.6
27.9 7.4
28.5 6.2
29.2 5.3
30.2 4.6
31.4 4.2
32.5 3.9
33.8 4.0
35.1 4.3
36.5 4.5
37.8 4.8
39.0 5.1
40.3 5.4
41.5 5.5
42.8 5.3
44.0 4.9
45.3 4.5
