41.5 8.5
42.6 9.2
43.2 10.2
43.6 11.4
43.7 12.6
43.8 13.9
44.0 15.3
44.1 16.6
43.7 17.7
42.4 18.2
41.5 19.2
41.3 20.3
41.4 21.5
41.4 22.8
41.4 24.1
41.4 25.4
41.5 26.7
41.6 28.0
41.8 29.2
42.0 30.5
42.1 31.8
42.0 32.9
41.5 34.0
40.7 35.1
40.0 36.1
39.1 36.6
38.1 37.1
37.1 37.9
36.0 38.6
35.0 39.4
34.0 40.3
33.2 41.3
32.5 42.2
31.3 42.4
30.1 42.1
28.8 41.7
27.5 41.5
26.4 41.5
25.5 42.0
24.6 42.8
23.5 43.1
22.3 42.8
21.1 42.2
20.0 41.4
19.0 40.7
17.8 40.3
16.6 39.9
15.4 39.4
14.3 38.7
13.4 37.8
12.4 37.0
11.3 36.1
10.7 35.3
10.2 34.1
10.0 32.9
9.9 31.8
9.1 31.2
