32.5 46.0
33.6 45.3
33.9 44.1
34.3 42.9
34.8 41.8
35.5 40.8
36.6 40.6
37.8 40.3
38.9 39.7
40.0 39.0
41.1 38.6
42.3 38.6
43.3 38.1
43.9 37.1
44.2 35.9
44.3 34.7
44.4 33.4
44.7 32.1
45.1 30.8
45.4 29.6
45.3 28.5
44.9 27.4
43.8 27.4
42.7 27.8
41.6 27.1
40.9 26.1
39.9 25.9
38.8 26.2
37.6 26.8
36.5 27.4
35.4 27.7
34.4 27.0
34.3 25.9
34.6 24.8
34.7 23.8
33.8 23.1
32.6 22.7
31.3 22.5
30.0 22.5
28.9 22.7
27.8 23.2
26.7 23.1
25.5 22.4
24.8 21.4
24.4 20.2
23.4 19.6
22.5 20.2
21.7 21.1
21.1 22.2
20.4 23.3
19.5 24.2
18.5 25.0
17.3 25.7
16.2 26.3
15.3 26.8
14.8 27.7
14.1 28.5
12.8 28.4
11.7 27.8
10.8 27.0
9.8 26.7
8.6 26.9
7.5 27.5
6.4 28.3
5.4 29.1
4.5 29.9
3.6 30.9
3.1 31.9
