15.0 33.5
15.7 32.5
15.5 31.4
14.9 30.4
14.0 29.4
13.3 28.4
13.3 27.2
13.1 26.0
12.7 24.8
12.2 23.6
11.9 22.5
12.0 21.4
12.5 20.3
13.2 19.3
14.0 18.3
14.7 17.2
15.7 16.4
16.8 15.7
17.8 15.3
18.9 15.5
20.0 16.0
21.0 16.8
21.8 17.5
22.8 17.0
23.5 16.0
24.0 14.9
24.4 13.7
24.7 12.4
25.7 12.2
26.4 13.0
27.4 13.6
28.6 13.0
29.6 12.5
30.8 12.5
32.0 12.8
33.1 12.5
33.8 11.7
34.1 10.6
33.9 9.4
33.5 8.2
33.3 6.9
33.2 5.6
33.2 4.3
32.2 3.6
31.0 3.7
29.8 4.0
28.7 4.1
27.8 3.6
26.8 2.8
25.7 2.5
24.5 2.5
23.4 2.9
22.5 3.7
21.7 4.5
20.5 4.5
19.4 3.9
18.5 3.1
17.3 2.6
16.1 2.3
14.9 2.1
13.6 2.2
12.3 2.6
11.1 3.0
9.9 3.3
8.9 3.7
8.2 4.5
7.7 5.5
6.6 5.4
6.0 4.6
