15.0 21.0
15.7 20.0
16.5 19.0
17.3 17.9
18.0 16.9
18.4 15.8
18.3 14.7
17.9 13.5
17.5 12.3
18.0 11.4
19.0 11.1
20.0 10.7
20.7 9.8
21.2 8.8
22.1 8.3
23.1 8.5
24.2 9.1
25.2 9.9
26.1 10.8
26.9 11.6
28.1 11.4
29.0 10.6
29.8 9.8
30.8 9.5
32.0 9.6
33.2 9.9
34.3 10.0
35.4 9.7
36.6 9.3
37.9 9.0
39.1 8.8
40.1 8.0
40.3 7.0
40.2 5.9
39.8 4.7
40.2 3.6
41.2 3.0
42.5 2.7
43.7 2.6
44.6 3.3
45.2 4.4
45.6 5.6
46.2 6.7
46.8 7.8
47.3 9.0
47.6 10.1
47.3 11.1
46.1 11.3
44.9 11.5
44.3 12.4
44.1 13.5
44.2 14.8
44.5 16.0
45.1 17.1
45.5 18.1
44.6 19.0
43.4 19.3
42.2 19.4
41.1 19.5
40.1 20.1
39.1 20.9
38.2 21.8
37.3 22.8
36.5 23.7
36.1 24.7
36.1 25.9
36.4 27.1
36.9 28.3
37.5 29.5
38.3 30.3
38.9 29.2
39.9 28.3
41.0 28.0
42.2 28.1
