37.5 12.5
38.4 13.3
39.5 12.7
39.7 11.7
39.0 10.9
38.2 10.2
37.9 8.9
38.3 7.9
39.0 6.9
40.0 6.0
40.6 4.9
40.6 3.7
41.3 2.7
42.3 2.6
43.5 3.0
44.5 3.6
45.5 4.5
44.8 5.6
44.6 6.7
45.6 7.7
46.7 8.3
47.6 9.0
47.8 10.0
47.5 11.0
46.8 12.0
45.8 12.8
44.7 13.5
44.3 14.6
44.6 15.8
45.1 17.0
45.1 18.1
44.1 18.9
42.9 19.3
41.6 19.5
40.3 19.5
39.4 20.1
39.3 21.1
39.1 22.4
38.9 23.7
38.6 25.0
38.1 26.2
37.7 27.5
37.4 28.8
37.0 29.8
36.0 29.9
34.9 30.1
34.2 30.9
33.8 32.1
33.8 33.3
34.1 34.6
34.5 35.7
34.7 36.8
35.4 37.6
35.7 38.7
35.2 39.7
34.4 40.5
33.3 40.2
32.3 39.4
31.5 38.5
30.5 37.8
29.7 36.9
28.8 36.3
27.6 36.1
26.3 36.2
25.0 36.4
