46.0 33.0
46.2 32.0
45.5 31.1
44.5 30.2
43.5 29.3
42.6 28.6
41.5 28.3
40.3 27.9
39.2 27.7
38.1 27.9
36.9 28.4
35.7 28.4
34.6 27.9
33.4 27.5
32.2 27.4
30.9 27.6
29.6 28.0
28.6 28.2
27.5 27.8
26.4 27.2
25.2 26.8
23.9 26.6
22.6 26.5
21.6 26.4
20.8 25.7
20.2 24.7
19.7 23.6
18.7 22.7
17.5 22.4
16.2 22.3
14.9 22.5
13.6 22.6
12.5 22.8
11.6 22.1
10.8 21.1
10.1 20.0
9.4 18.9
9.0 17.9
9.4 16.8
10.3 16.0
11.2 15.4
11.4 14.2
11.0 13.1
11.2 11.9
11.7 10.9
11.6 9.9
11.7 8.7
12.0 7.5
12.5 6.3
13.0 5.0
13.5 3.8
14.0 2.9
15.0 2.4
16.2 2.7
