3.5 17.5
4.5 18.1
5.7 18.8
6.8 19.4
8.0 19.7
9.3 19.7
10.1 20.7
10.5 21.9
11.1 23.0
11.8 23.8
12.8 24.1
14.0 24.1
15.2 23.8
16.4 23.2
17.5 23.9
17.8 25.1
16.8 25.6
15.7 25.5
16.4 26.6
17.4 27.4
18.6 27.8
19.9 27.9
21.2 27.9
22.3 27.9
22.7 28.9
23.0 30.1
23.1 31.3
23.3 32.5
23.7 33.7
24.1 34.7
23.7 36.0
22.9 36.9
22.0 37.7
21.3 38.8
20.3 39.5
19.2 39.3
18.1 38.7
17.1 38.1
16.1 38.4
15.4 39.6
14.6 40.4
13.6 40.5
12.4 40.2
11.2 40.1
10.0 39.9
8.8 39.9
7.6 40.1
6.6 40.5
5.9 41.7
5.7 42.8
5.7 44.1
5.4 45.3
4.4 45.8
