3.5 17.5
4.4 16.6
5.5 16.2
6.6 16.3
7.6 16.8
8.6 16.7
8.8 15.7
8.7 14.4
8.3 13.3
7.7 12.2
7.0 11.1
6.4 10.2
6.5 9.0
7.5 9.1
8.3 9.8
8.6 8.6
9.0 7.5
9.7 6.5
10.7 5.6
11.8 4.8
12.8 4.1
13.9 3.4
13.9 4.5
13.2 5.5
14.4 5.7
15.7 5.6
16.8 5.1
17.7 4.4
18.7 4.6
19.7 4.9
20.9 4.9
21.8 5.5
22.6 6.4
23.1 7.6
23.4 8.7
23.3 9.9
22.8 11.1
22.2 12.2
21.6 13.3
21.9 14.4
22.9 15.0
23.7 15.6
24.1 16.7
24.2 17.9
24.0 19.1
23.6 20.3
23.0 21.3
22.0 22.0
20.9 22.5
19.6 22.7
18.5 23.0
17.3 23.6
16.1 24.1
15.0 24.1
13.8 23.8
12.7 23.2
11.8 22.6
10.6 23.0
9.9 23.9
9.2 24.8
8.1 25.5
6.9 25.8
5.6 26.0
4.7 26.7
4.2 27.8
4.1 29.0
4.3 30.0
4.7 31.0
4.6 32.0
4.1 33.0
3.3 33.9
2.7 34.7
2.8 36.0
3.3 37.1
3.3 38.2
2.9 39.4
2.8 40.6
3.0 41.8
3.4 43.0
4.0 44.1
4.7 45.2
