4.0 17.5
5.0 17.0
5.3 18.0
5.5 19.0
6.8 18.6
8.0 18.9
9.1 19.4
10.1 20.2
10.9 21.1
11.6 22.2
12.8 22.6
14.0 22.6
15.3 22.8
16.5 23.3
17.6 23.9
18.6 24.5
19.4 25.5
20.0 26.5
21.1 27.0
22.4 27.2
23.6 27.4
24.9 27.4
26.2 27.2
27.5 27.0
28.7 27.4
29.7 28.1
30.9 28.6
32.2 28.9
33.5 29.1
34.5 28.9
35.6 28.4
36.9 27.9
38.1 27.7
39.4 27.6
40.6 27.7
41.9 27.8
43.1 27.9
44.0 28.5
44.9 29.4
45.5 30.5
45.9 31.7
46.3 32.9
46.4 34.1
46.1 35.4
45.7 36.6
45.2 37.7
45.2 38.8
46.0 39.7
46.5 40.8
46.7 41.9
46.4 43.1
45.8 44.3
