47.0 25.0
46.3 23.9
45.3 23.3
44.2 23.0
43.3 23.5
42.8 24.4
42.7 25.6
41.8 26.2
40.7 26.2
39.5 25.9
38.3 25.4
37.2 24.8
36.1 24.5
34.9 24.6
33.7 24.9
32.5 25.4
31.3 25.9
30.1 26.3
28.8 26.7
27.5 26.9
26.3 26.9
25.1 26.5
24.0 25.9
22.9 25.3
21.9 24.5
20.8 24.1
19.7 24.4
18.5 24.9
17.5 25.7
16.4 25.8
15.4 25.3
14.5 24.4
13.5 23.6
12.4 23.4
11.3 23.8
10.3 24.6
9.2 25.1
8.0 25.4
6.8 25.8
5.6 26.3
6.4 27.2
5.5 27.9
6.0 28.8
5.1 29.5
4.4 30.4
4.0 31.6
3.9 32.9
3.9 34.2
4.1 35.4
4.6 36.5
5.3 37.5
6.3 38.4
7.3 39.2
8.4 40.0
9.5 40.7
10.6 41.3
11.9 41.5
13.0 41.0
14.1 40.3
15.0 39.3
15.9 38.7
16.9 39.1
17.9 39.8
19.1 40.1
20.3 40.2
21.4 39.9
22.6 39.3
23.8 38.7
24.9 37.9
25.5 36.9
24.9 35.8
