15.0 46.0
15.5 45.1
15.0 44.1
14.0 44.3
13.0 45.0
12.0 45.2
11.2 44.5
10.7 43.4
10.5 42.2
10.7 40.9
11.2 39.7
11.8 38.5
12.6 37.6
13.7 37.3
15.0 37.1
16.2 36.8
17.4 36.5
18.4 35.8
19.3 35.1
20.5 34.8
21.6 34.4
22.8 34.1
24.1 34.0
25.3 33.9
26.6 33.7
27.9 33.5
29.1 33.3
30.4 33.0
31.5 32.7
32.4 31.9
33.1 30.9
33.7 29.8
34.4 28.7
35.0 27.5
35.6 26.4
35.5 25.1
34.9 24.1
34.1 23.2
33.9 22.2
34.1 21.0
34.0 19.8
33.5 18.7
32.9 17.8
31.9 17.4
30.7 17.2
29.9 16.1
28.7 15.4
27.5 15.3
26.3 15.5
25.1 15.8
23.8 15.8
22.6 15.8
21.5 16.4
20.6 17.2
19.6 17.3
18.7 16.8
18.0 15.8
17.4 14.7
16.6 13.6
15.8 12.7
14.7 12.1
13.5 11.7
12.3 11.4
11.6 10.6
11.6 9.5
11.9 8.3
11.4 7.3
10.5 6.5
9.7 5.5
9.3 4.3
8.8 3.4
7.8 2.9
6.7 2.6
5.6 2.9
