5.0 45.0
5.5 44.1
6.3 43.5
6.9 44.6
8.0 45.1
8.7 45.9
8.7 47.1
9.5 47.9
10.5 48.1
11.7 47.7
12.9 47.2
14.1 46.6
15.2 46.2
16.4 46.1
17.7 46.2
19.0 46.5
20.1 47.1
21.1 47.7
22.2 47.7
23.4 47.3
24.5 46.7
25.6 45.9
26.5 45.3
27.6 45.5
28.5 46.1
29.3 46.9
30.4 47.3
31.7 47.3
32.8 46.7
33.5 45.7
34.1 44.7
35.0 44.2
36.2 43.9
37.3 43.8
38.1 43.0
38.5 41.9
39.2 41.0
40.2 40.3
41.2 39.8
41.9 38.6
42.5 37.6
43.4 36.7
44.4 35.8
45.4 35.0
46.3 34.0
46.5 32.9
46.5 31.6
46.4 30.3
46.5 29.0
46.6 27.9
46.2 26.7
