5.0 45.0
6.2 45.0
6.9 45.8
7.1 46.9
7.9 47.6
9.0 47.9
10.1 47.8
11.2 47.8
12.3 48.1
13.5 47.6
14.3 46.7
14.8 45.6
15.4 44.7
16.5 44.0
17.7 43.5
19.0 43.2
20.2 42.9
21.5 42.6
22.8 42.3
24.1 42.0
25.3 41.7
26.6 41.4
27.8 41.3
28.9 41.6
30.0 42.3
31.0 42.4
32.3 42.3
33.4 41.9
34.5 41.2
35.4 40.3
36.2 39.3
36.8 38.2
37.2 37.0
37.6 35.8
37.8 34.6
37.5 33.6
36.8 32.7
35.9 31.9
36.6 31.0
35.7 30.4
36.6 29.6
37.5 28.7
38.2 27.7
38.7 26.6
39.0 25.4
39.2 24.2
39.3 22.9
39.7 21.8
40.5 21.0
41.3 20.3
41.9 19.4
43.2 19.1
44.5 19.2
45.8 19.5
46.6 20.1
47.2 21.1
47.6 22.3
47.8 23.5
