45.0 45.0
45.1 46.0
44.4 46.9
43.4 47.6
42.3 48.0
41.3 47.8
40.2 47.2
39.2 46.5
38.6 45.4
38.1 44.3
37.8 43.0
37.8 41.7
38.0 40.4
38.4 39.2
37.4 38.7
36.3 39.1
35.2 39.8
34.1 40.3
33.0 40.0
32.0 39.4
31.2 38.5
30.4 37.8
29.3 38.4
28.7 39.3
28.0 40.4
27.2 41.4
26.4 42.2
25.4 42.5
24.2 42.3
23.2 41.7
22.2 41.1
20.9 40.8
19.8 40.7
19.1 39.8
18.9 38.6
19.0 37.4
19.3 36.1
19.6 34.9
19.6 33.7
19.4 32.6
18.6 31.8
17.5 31.3
16.2 31.0
15.2 30.6
14.4 29.7
13.5 28.7
12.5 27.9
11.8 26.8
11.8 25.7
12.2 24.4
12.6 23.2
13.2 22.1
14.1 21.1
15.0 20.2
16.0 19.3
17.0 18.5
18.1 17.8
19.0 16.9
19.9 15.9
21.2 15.6
22.4 15.7
23.6 15.6
24.9 15.5
26.1 15.3
27.0 14.8
27.6 13.8
28.0 12.7
28.2 11.6
29.0 10.8
30.2 11.2
31.2 12.0
32.1 12.9
32.6 13.8
32.8 15.0
32.6 16.2
32.3 17.3
32.5 18.3
33.0 19.4
33.9 20.3
34.7 21.0
35.8 21.2
37.0 21.0
38.2 20.6
39.3 20.1
40.5 19.8
41.8 19.7
43.1 19.8
