19
4
29.76783 31.70755 27.48199 33.55647 29.33091 35.84232 31.61675 33.9934 

4
9.50573 30.11803 6.62699 29.99901 6.50797 32.87775 9.38671 32.99677 

4
12.16883 18.74036 9.64004 17.35959 8.25927 19.88838 10.78807 21.26915 

4
27.18931 22.9461 29.26309 24.94628 31.26328 22.87251 29.1895 20.87232 

4
31.9176 30.85801 34.26621 29.18909 32.59729 26.84047 30.24867 28.5094 

3
38.87331 5.06507 35.45355 9.78791 41.23006 10.58283 

3
31.49035 37.31912 29.60879 42.7148 35.25512 41.83585 

3
37.02081 37.49102 40.42894 41.93458 42.74589 36.83632 

3
17.03627 47.31598 21.95831 49.48381 21.55484 44.12068 

3
17.65807 34.79254 21.37945 38.67549 23.05434 33.56465 

4
21.73828 11.21134 19.05834 10.28201 18.12901 12.96196 20.80895 13.89129 

8
31.91472 13.95162 33.41465 11.93351 33.04823 9.44588 31.03012 7.94596 28.54249 8.31238 27.04257 10.33049 27.40898 12.81811 29.4271 14.31804 

102
11.27809 24.22984 9.08194 27.07176 9.06791 27.09189 9.05592 27.11329 9.04609 27.13577 9.0385 27.1591 9.03324 27.18306 9.03035 27.20743 9.02987 27.23195 9.03179 27.25641 9.0361 27.28057 9.04275 27.30418 9.05169 27.32703 9.06283 27.34889 9.07605 27.36955 9.09124 27.38882 9.10824 27.40651 9.12689 27.42245 12.16663 29.77146 12.18676 29.78549 12.20816 29.79748 12.23064 29.80732 12.25397 29.8149 12.27794 29.82016 12.3023 29.82305 12.32683 29.82353 12.35129 29.82161 12.37544 29.8173 12.39905 29.81065 12.4219 29.80171 12.44376 29.79057 12.46443 29.77735 12.48369 29.76216 12.50138 29.74516 12.51732 29.72651 12.53135 29.70638 12.54334 29.68498 12.55318 29.6625 12.56076 29.63917 12.56602 29.61521 12.56891 29.59084 12.56939 29.56632 12.56747 29.54186 12.56316 29.51771 12.55651 29.49409 12.54757 29.47124 12.53643 29.44938 12.52321 29.42872 12.50802 29.40945 12.49102 29.39176 12.47237 29.37582 9.63044 27.17968 11.82659 24.33775 11.84062 24.31763 11.85261 24.29622 11.86245 24.27375 11.87003 24.25042 11.87529 24.22645 11.87818 24.20209 11.87867 24.17756 11.87674 24.1531 11.87244 24.12895 11.86578 24.10534 11.85684 24.08249 11.84571 24.06063 11.83248 24.03996 11.8173 24.02069 11.80029 24.00301 11.78164 23.98707 8.7419 21.63806 8.72177 21.62403 8.70037 21.61203 8.67789 21.6022 8.65456 21.59461 8.6306 21.58935 8.60624 21.58647 8.58171 21.58598 8.55725 21.5879 8.5331 21.59221 8.50948 21.59887 8.48663 21.60781 8.46477 21.61894 8.44411 21.63217 8.42484 21.64735 8.40715 21.66435 8.39122 21.68301 8.37718 21.70313 8.36519 21.72454 8.35536 21.74701 8.34777 21.77034 8.34251 21.79431 8.33963 21.81867 8.33914 21.8432 8.34106 21.86766 8.34537 21.89181 8.35203 21.91542 8.36097 21.93827 8.3721 21.96013 8.38532 21.9808 8.40051 22.00007 8.41751 22.01776 8.43617 22.03369 

136
18.76868 19.97355 19.95938 21.20088 18.73205 22.39157 18.7153 22.4095 18.70039 22.42898 18.68746 22.44983 18.67664 22.47185 18.66802 22.49482 18.6617 22.51853 18.65773 22.54274 18.65616 22.56722 18.65699 22.59174 18.66022 22.61606 18.66582 22.63995 18.67374 22.66317 18.68389 22.6855 18.69618 22.70674 18.7105 22.72666 18.72669 22.74509 18.74462 22.76184 18.7641 22.77675 18.78495 22.78968 18.80697 22.8005 18.82994 22.80912 18.85365 22.81544 18.87786 22.81941 18.90234 22.82098 18.92686 22.82015 18.95118 22.81692 18.97507 22.81132 18.99829 22.8034 19.02062 22.79325 19.04186 22.78096 19.06178 22.76664 19.08021 22.75044 20.30754 21.55975 21.49824 22.78708 21.51616 22.80383 21.53564 22.81874 21.55649 22.83167 21.57851 22.84249 21.60148 22.85111 21.62519 22.85743 21.6494 22.8614 21.67388 22.86297 21.6984 22.86214 21.72272 22.85891 21.74661 22.85331 21.76983 22.84539 21.79217 22.83524 21.8134 22.82295 21.83332 22.80863 21.85175 22.79243 21.8685 22.77451 21.88341 22.75502 21.89634 22.73417 21.90716 22.71216 21.91578 22.68919 21.9221 22.66548 21.92607 22.64127 21.92764 22.61679 21.92681 22.59227 21.92358 22.56795 21.91798 22.54406 21.91006 22.52084 21.89991 22.4985 21.88762 22.47727 21.8733 22.45735 21.8571 22.43892 20.66641 21.21159 21.89374 20.02089 21.91049 20.00297 21.9254 19.98348 21.93833 19.96263 21.94915 19.94062 21.95777 19.91765 21.96409 19.89394 21.96806 19.86973 21.96963 19.84525 21.9688 19.82073 21.96557 19.79641 21.95997 19.77252 21.95205 19.7493 21.9419 19.72696 21.92961 19.70573 21.91529 19.68581 21.89909 19.66738 21.88117 19.65063 21.86169 19.63572 21.84084 19.62279 21.81882 19.61196 21.79585 19.60335 21.77214 19.59703 21.74793 19.59306 21.72345 19.59149 21.69893 19.59232 21.67461 19.59555 21.65072 19.60115 21.6275 19.60907 21.60516 19.61922 21.58393 19.63151 21.56401 19.64583 21.54558 19.66202 20.31825 20.85272 19.12755 19.62539 19.10963 19.60864 19.09014 19.59373 19.06929 19.5808 19.04728 19.56997 19.02431 19.56136 19.0006 19.55504 18.97639 19.55107 18.95191 19.5495 18.92739 19.55033 18.90307 19.55356 18.87918 19.55916 18.85596 19.56708 18.83362 19.57723 18.81239 19.58952 18.79247 19.60384 18.77404 19.62003 18.75729 19.63796 18.74238 19.65744 18.72945 19.67829 18.71863 19.70031 18.71001 19.72328 18.70369 19.74699 18.69972 19.7712 18.69815 19.79568 18.69898 19.8202 18.70221 19.84452 18.70781 19.86841 18.71573 19.89163 18.72588 19.91396 18.73817 19.9352 18.75249 19.95512 

84
19.66939 29.45651 23.3463 30.99387 23.36937 31.00221 23.39315 31.00825 23.41741 31.01193 23.44191 31.01322 23.46642 31.01209 23.4907 31.00857 23.51452 31.00269 23.53764 30.9945 23.55986 30.98409 23.58094 30.97154 23.60069 30.957 23.61893 30.94058 23.63546 30.92246 23.65014 30.9028 23.66283 30.8818 23.67339 30.85965 23.68173 30.83658 23.68777 30.8128 23.69145 30.78855 23.69274 30.76405 23.69162 30.73954 23.6881 30.71526 23.68221 30.69144 23.67403 30.66831 23.66361 30.6461 23.65107 30.62502 23.63652 30.60526 23.6201 30.58703 23.60198 30.57049 23.58232 30.55581 23.56132 30.54313 23.53918 30.53257 19.63162 28.89877 19.60855 28.89043 19.58477 28.88439 19.56051 28.88071 19.53601 28.87942 19.5115 28.88054 19.48722 28.88406 19.4634 28.88994 19.44028 28.89813 19.41806 28.90855 19.39698 28.92109 19.37723 28.93564 19.35899 28.95206 19.34246 28.97018 19.32778 28.98984 19.31509 29.01084 19.30453 29.03298 17.67073 32.94054 17.66239 32.96361 17.65635 32.98739 17.65267 33.01165 17.65138 33.03615 17.65251 33.06066 17.65603 33.08494 17.66191 33.10875 17.6701 33.13188 17.68051 33.15409 17.69306 33.17518 17.7076 33.19493 17.72402 33.21317 17.74214 33.2297 17.7618 33.24438 17.7828 33.25707 17.80495 33.26763 17.82802 33.27597 17.8518 33.28201 17.87605 33.28569 17.90055 33.28698 17.92506 33.28585 17.94934 33.28233 17.97316 33.27645 17.99629 33.26826 18.0185 33.25785 18.03958 33.24531 18.05934 33.23076 18.07757 33.21434 18.09411 33.19622 18.10879 33.17656 18.12147 33.15556 18.13203 33.13342 

3
41.99389 23.50097 47.15481 21.32715 42.80806 17.79638 

3
41.75643 25.89142 37.78677 29.84139 43.14012 31.48522 

4
7.07704 12.81543 10.46442 13.35249 11.00148 9.9651 7.6141 9.42804 

102
25.43367 19.38547 25.99879 17.85403 26.00615 17.83063 26.01117 17.80661 26.01382 17.78222 26.01406 17.75769 26.0119 17.73325 26.00735 17.70914 26.00046 17.6856 25.9913 17.66284 25.97995 17.64109 25.96652 17.62055 25.95114 17.60144 25.93397 17.58392 25.91516 17.56817 25.89489 17.55433 25.87337 17.54256 25.8508 17.53294 25.82739 17.52559 25.80338 17.52056 25.77899 17.51792 25.75446 17.51768 25.73002 17.51984 25.70591 17.52439 25.68236 17.53127 25.65961 17.54044 25.63785 17.55179 25.61732 17.56522 25.5982 17.58059 25.58068 17.59777 25.56493 17.61658 25.5511 17.63684 25.53932 17.65836 25.52971 17.68093 24.96459 19.21238 23.43315 18.64725 23.40974 18.6399 23.38573 18.63487 23.36134 18.63223 23.3368 18.63198 23.31236 18.63415 23.28826 18.6387 23.26471 18.64558 23.24195 18.65475 23.2202 18.6661 23.19967 18.67953 23.18055 18.6949 23.16303 18.71208 23.14728 18.73089 23.13345 18.75115 23.12167 18.77267 23.11206 18.79524 23.1047 18.81865 23.09968 18.84266 23.09703 18.86705 23.09679 18.89159 23.09895 18.91602 23.1035 18.94013 23.11039 18.96368 23.11955 18.98644 23.1309 19.00819 23.14433 19.02872 23.15971 19.04784 23.17688 19.06536 23.19569 19.08111 23.21595 19.09494 23.23748 19.10672 23.26005 19.11633 25.02603 19.76801 26.79201 20.41968 26.81542 20.42703 26.83943 20.43206 26.86382 20.4347 26.88835 20.43495 26.91279 20.43278 26.9369 20.42824 26.96045 20.42135 26.98321 20.41218 27.00496 20.40083 27.02549 20.3874 27.04461 20.37203 27.06213 20.35485 27.07788 20.33604 27.09171 20.31578 27.10349 20.29426 27.1131 20.27169 27.12045 20.24828 27.12548 20.22427 27.12813 20.19988 27.12837 20.17534 27.12621 20.15091 27.12166 20.1268 27.11477 20.10325 27.10561 20.08049 27.09425 20.05874 27.08083 20.03821 27.06545 20.01909 27.04828 20.00157 27.02947 19.98582 27.0092 19.97199 26.98768 19.96021 26.96511 19.9506 

