3.5 46.0
2.5 45.4
3.5 45.0
4.4 44.1
5.2 43.1
6.1 42.2
7.1 41.4
8.1 40.7
9.3 40.2
10.6 39.9
11.8 39.6
13.1 39.3
14.2 39.7
14.7 40.7
14.9 41.8
16.0 41.7
17.0 40.9
17.8 40.0
18.9 39.4
20.1 39.3
21.4 39.1
22.2 38.5
22.5 37.4
22.4 36.2
22.7 35.2
23.3 34.2
24.3 33.4
25.0 32.5
25.5 31.3
25.8 30.1
26.4 29.2
27.4 28.5
28.6 28.0
29.8 27.6
30.8 27.1
31.7 26.2
32.4 25.2
33.3 24.6
34.6 24.3
35.9 23.9
37.1 23.4
38.3 22.9
39.0 21.9
39.2 20.7
38.9 19.6
38.2 18.6
37.4 17.8
37.5 16.7
38.3 15.9
39.0 15.1
39.3 14.0
39.4 12.7
39.6 11.5
40.0 10.3
40.6 9.2
41.2 8.1
41.2 6.9
40.7 5.8
41.6 5.1
42.9 5.2
44.1 5.1
45.4 4.8
46.6 4.5
