3.5 46.0
3.2 44.9
2.9 43.7
2.7 42.4
2.7 41.1
2.8 39.8
2.9 38.5
3.3 37.3
3.8 36.1
4.4 34.9
5.0 33.8
5.5 32.8
5.6 31.6
5.3 30.5
4.8 29.4
4.9 28.1
5.8 27.2
6.9 26.6
8.1 26.0
9.4 25.7
10.4 25.0
10.8 23.9
11.4 22.9
12.4 22.6
13.7 22.7
14.9 23.0
16.2 23.5
17.4 24.0
18.6 24.5
19.8 25.0
21.1 25.2
22.4 25.3
23.7 25.2
25.0 25.0
26.2 24.8
27.5 24.5
28.8 24.3
30.0 24.0
31.3 23.7
32.6 23.7
33.9 23.7
35.1 23.5
36.3 23.0
37.4 22.3
38.3 21.5
39.2 20.6
40.0 19.6
40.7 18.5
41.4 17.5
41.8 16.5
41.7 15.4
41.2 14.2
40.5 13.2
40.1 12.0
39.8 10.7
39.6 9.5
39.6 8.2
39.7 6.9
40.0 5.7
40.7 4.6
41.5 3.8
42.8 3.7
43.9 4.2
44.9 4.5
45.9 4.3
