15.0 37.0
15.9 37.6
16.1 38.6
15.4 39.5
14.3 40.0
13.1 40.3
11.8 40.4
10.8 41.1
10.7 42.3
10.8 43.6
10.8 44.9
10.5 46.2
10.2 47.2
9.1 47.7
7.9 47.6
6.7 47.2
5.4 46.9
4.4 46.5
3.5 45.6
2.7 44.6
2.1 43.5
1.8 42.3
1.9 41.1
2.1 39.8
2.4 38.5
2.7 37.2
3.0 36.0
3.6 34.9
4.4 33.9
5.2 32.9
6.1 32.0
7.0 31.1
7.9 30.2
8.9 29.3
9.8 28.3
10.6 27.2
11.3 26.1
12.1 25.1
12.9 24.2
13.7 23.3
14.0 22.2
14.0 21.1
15.0 20.5
16.2 20.5
17.2 20.2
18.1 19.4
18.7 18.4
19.3 17.2
20.1 16.4
21.1 15.7
22.3 15.3
23.6 15.1
24.8 15.0
26.0 14.8
27.2 14.2
28.3 13.5
29.4 12.6
30.2 11.9
30.0 10.8
30.5 9.8
31.7 9.8
33.0 10.2
34.2 10.8
35.3 11.3
36.5 11.3
37.4 10.7
38.0 9.7
38.3 8.5
38.3 7.2
38.5 5.9
38.8 4.7
39.4 3.7
40.2 2.7
41.4 2.5
42.4 3.1
43.3 4.0
44.0 5.1
