25.0 5.0
24.5 6.0
24.3 7.2
24.9 8.3
25.9 8.5
26.6 9.6
26.9 10.7
26.8 11.8
26.2 12.9
25.4 13.9
24.9 14.9
24.8 16.0
23.8 16.9
22.7 17.4
22.3 18.6
22.6 19.7
22.9 20.7
22.7 21.8
22.1 23.0
21.5 24.1
20.7 25.1
19.8 25.8
18.7 26.3
17.6 26.5
16.8 27.5
16.5 28.6
16.6 29.9
17.0 30.9
17.8 31.8
18.8 32.4
19.6 33.1
20.4 34.0
21.5 34.6
22.6 35.1
23.8 35.6
25.0 36.0
26.1 36.2
27.3 35.9
28.5 35.3
29.6 34.6
30.7 33.9
31.7 33.1
32.8 32.4
33.8 31.7
34.4 30.6
34.4 29.4
34.1 28.2
33.6 27.0
32.9 25.8
32.7 24.5
33.1 23.5
34.0 22.7
34.5 21.6
33.8 20.4
33.8 19.3
34.6 18.6
35.1 19.5
36.2 18.7
36.4 17.7
36.5 16.4
37.0 15.4
35.8 15.4
35.0 16.2
