12.5 12.5
13.8 12.8
14.8 12.7
15.8 12.2
16.6 11.3
17.2 10.4
18.5 10.3
19.6 10.8
20.6 11.6
21.6 12.5
22.6 13.1
23.8 13.5
25.0 13.8
26.2 14.2
27.3 14.8
28.5 15.4
29.7 15.9
30.7 16.4
31.3 17.2
31.8 18.4
32.2 19.6
32.9 20.7
33.4 21.8
33.8 23.0
34.0 24.2
34.0 25.5
33.8 26.8
33.5 28.1
33.2 29.4
32.9 30.5
32.1 31.5
31.1 32.3
29.9 32.9
28.8 33.4
27.6 33.6
26.3 33.9
25.1 34.1
23.8 34.2
22.5 34.2
21.3 34.2
20.3 33.7
19.5 32.7
18.9 31.6
18.7 30.6
19.1 29.6
20.0 28.7
21.1 28.0
22.3 27.4
23.2 26.9
23.7 26.0
23.8 24.9
23.4 23.9
24.6 23.6
