4.0 33.0
4.8 32.1
4.9 30.8
4.9 29.6
6.0 28.9
7.2 28.5
8.0 27.9
8.5 26.9
8.7 25.7
8.7 24.5
9.4 23.7
10.6 23.3
11.9 23.1
13.2 23.1
14.4 23.3
15.7 23.6
16.9 24.1
17.9 24.5
19.0 24.4
20.1 23.8
21.0 23.1
21.4 21.8
21.4 20.6
21.1 19.3
21.9 18.3
23.0 18.1
24.2 18.4
25.3 19.0
26.3 19.9
27.2 20.9
28.1 21.8
28.9 22.7
30.0 23.2
31.3 23.4
32.6 23.4
33.9 23.3
35.1 22.9
36.2 22.8
37.4 23.1
38.4 23.6
39.3 24.3
40.3 24.5
41.5 24.3
42.5 24.5
43.6 25.1
44.7 25.8
45.4 26.6
45.6 27.7
45.5 28.9
45.2 30.2
44.9 31.5
44.5 32.6
45.3 33.6
