25.0 10.0
26.0 10.5
26.1 11.6
26.0 12.7
26.2 13.9
26.9 14.9
27.6 15.8
27.9 16.9
27.9 18.1
27.6 19.4
27.7 20.5
28.4 21.4
29.4 22.2
30.6 22.7
31.8 23.0
33.1 23.3
34.4 23.4
35.7 23.6
36.9 23.6
38.0 23.1
39.1 22.5
40.2 22.0
41.2 21.9
42.3 22.3
43.4 23.0
44.3 23.9
45.2 24.9
46.0 25.9
46.6 26.8
46.7 27.9
46.3 29.1
45.7 30.2
45.6 31.4
46.1 32.4
46.7 33.3
46.9 34.4
46.8 35.6
46.4 36.6
45.6 37.3
44.5 37.8
43.3 38.0
42.1 38.1
40.9 37.9
39.9 37.4
38.9 36.7
37.9 37.0
37.2 37.9
36.8 39.1
35.6 38.9
34.8 38.0
34.3 36.9
33.7 35.7
33.2 34.6
