37.5 25.0
38.1 24.0
37.6 22.7
37.2 21.6
37.1 20.5
36.2 20.0
35.0 20.0
34.0 19.7
33.0 18.9
32.3 18.0
31.4 17.2
30.3 17.2
29.1 16.9
28.1 16.1
27.3 15.2
26.5 14.1
25.8 13.0
25.1 12.2
24.0 11.7
22.8 11.5
21.7 11.4
20.9 10.5
19.9 10.6
18.6 10.8
17.5 10.4
16.5 9.7
15.3 9.4
14.1 9.4
12.8 9.4
11.5 9.4
10.5 9.2
9.8 8.1
9.4 6.9
9.3 5.6
9.4 4.3
8.9 3.4
7.9 3.2
6.7 3.5
5.6 4.0
4.8 4.7
4.5 5.7
4.4 6.9
3.7 7.7
2.8 8.3
2.5 9.4
2.3 10.4
1.8 11.4
1.4 12.6
1.6 13.8
2.3 14.8
3.2 15.7
3.8 16.7
4.2 18.0
4.6 19.0
5.5 19.8
6.6 20.4
7.8 20.8
8.9 21.1
9.6 22.1
9.8 23.3
9.7 24.5
10.3 25.7
11.4 26.1
12.6 26.3
13.6 26.5
14.4 27.2
14.9 28.2
15.7 29.1
16.4 29.9
16.6 31.0
16.3 32.1
15.7 33.2
14.8 34.2
13.9 35.2
12.9 36.1
