32.5 17.5
33.3 18.3
34.4 18.3
35.2 17.6
35.8 16.5
36.9 16.1
37.9 16.6
38.7 17.5
39.1 18.6
39.2 19.8
39.0 21.1
38.9 22.4
38.8 23.7
38.6 25.0
38.2 26.3
37.8 27.4
37.0 28.3
35.9 28.4
34.7 28.2
33.6 27.7
32.3 27.3
31.1 27.0
29.8 26.7
28.6 26.4
27.4 26.0
26.4 25.7
25.3 26.2
24.2 26.9
23.0 27.5
21.9 28.1
20.9 27.7
19.8 27.0
18.8 26.2
17.7 25.4
16.8 24.5
15.8 23.7
14.6 23.6
13.3 23.6
12.0 23.5
10.8 23.6
9.7 24.1
8.8 24.8
8.2 25.9
7.6 26.7
6.6 27.3
5.5 27.6
4.5 28.1
4.3 29.1
4.5 30.3
5.0 31.4
5.6 32.3
5.0 33.1
