17.5 46.0
18.6 45.6
19.3 44.8
19.6 43.5
19.3 42.3
18.8 41.2
18.7 40.1
19.6 39.5
20.8 39.3
21.8 39.1
22.8 38.4
23.6 37.4
24.2 36.3
24.7 35.1
24.6 33.7
24.8 32.4
25.3 31.3
25.5 30.0
25.4 28.9
24.4 27.8
23.3 27.2
22.1 26.7
20.9 26.4
19.6 26.1
18.3 26.0
17.1 26.6
16.4 27.5
15.3 28.0
14.2 27.7
13.3 27.0
12.3 26.2
11.2 26.1
10.0 26.3
9.0 25.9
8.2 25.0
7.8 23.9
8.4 22.9
9.4 22.2
9.8 21.2
9.5 20.1
8.7 19.2
7.8 18.3
6.9 17.7
6.9 16.6
7.5 15.7
8.4 14.7
9.2 13.7
10.1 12.8
11.1 12.0
12.1 11.3
12.4 10.1
11.9 9.1
11.1 8.1
10.1 7.2
9.1 6.5
8.0 5.7
7.0 4.9
6.0 4.2
4.8 4.0
