35.0 4.0
35.8 3.2
36.6 4.0
36.8 5.1
37.0 6.2
37.7 7.2
38.5 8.0
37.8 9.1
36.8 9.5
35.8 9.7
35.1 10.6
35.1 11.7
35.3 13.0
35.4 14.3
35.2 15.5
34.8 16.5
34.0 17.3
32.9 17.9
31.9 18.2
30.9 17.8
30.0 17.0
29.3 16.0
28.7 15.1
27.7 15.6
26.8 16.6
25.9 17.4
24.7 17.9
23.5 18.3
22.2 18.5
21.0 18.9
19.9 19.2
18.6 19.1
17.5 18.9
16.8 19.9
16.6 21.0
15.5 21.6
14.4 21.3
13.4 22.1
13.2 23.2
13.3 24.5
13.7 25.8
14.1 26.8
15.0 27.7
16.0 28.4
16.9 29.2
17.6 30.3
18.1 31.4
18.9 32.4
19.9 33.2
21.1 34.0
22.0 34.6
22.9 35.7
24.1 36.0
25.0 35.5
25.8 34.6
26.8 34.3
28.0 34.5
29.3 34.5
30.5 34.2
31.4 33.7
32.1 32.7
32.7 31.6
33.1 30.4
33.7 29.4
34.7 29.1
35.9 29.4
36.9 29.1
37.2 28.0
37.4 26.9
38.3 26.0
39.4 25.5
40.5 24.8
41.4 23.9
42.2 22.9
43.0 21.9
43.7 20.9
44.1 19.7
44.2 18.5
44.1 17.2
43.8 16.0
43.9 14.7
