8.0 7.5
9.0 7.6
9.2 8.8
8.8 9.9
8.3 10.8
8.4 11.8
9.1 12.7
9.7 13.7
9.9 15.0
9.7 16.2
9.2 17.4
8.7 18.5
9.2 19.4
10.3 19.7
11.5 20.0
12.6 20.5
13.8 20.3
14.8 19.6
15.6 18.9
16.6 18.7
17.8 18.8
18.9 19.2
19.9 18.5
20.7 17.8
21.8 17.3
23.0 17.2
24.2 17.2
25.4 17.6
26.5 18.2
27.4 19.1
28.4 19.9
29.5 20.5
30.7 21.0
31.7 21.4
32.1 22.6
31.7 23.7
31.3 24.8
31.5 25.9
32.0 27.1
32.9 27.9
33.9 28.6
35.0 29.0
36.1 28.5
36.7 27.5
37.1 26.3
37.6 25.0
38.2 23.8
38.9 22.9
39.9 22.4
40.8 21.9
40.9 23.0
41.6 22.0
41.5 20.6
41.2 19.4
40.8 18.1
40.2 16.9
39.5 15.8
38.7 14.9
37.7 14.0
36.6 13.2
35.6 12.5
34.5 11.7
33.5 11.0
33.1 9.9
32.6 9.0
31.7 8.2
30.6 7.7
29.4 7.3
28.4 7.2
27.4 7.7
26.3 8.4
27.1 7.6
26.1 7.5
