4.0 4.0
5.1 4.4
6.1 5.1
7.2 5.6
8.4 6.0
9.5 6.2
10.5 5.9
11.4 5.0
12.2 4.0
13.1 3.2
14.1 2.7
15.3 2.6
16.2 3.5
17.2 4.3
18.2 5.1
19.3 5.6
20.6 6.0
21.9 6.3
23.1 6.6
24.2 7.2
25.2 8.0
26.0 8.9
26.6 10.0
26.8 11.2
26.8 12.5
26.6 13.6
27.2 14.8
28.0 15.8
28.2 17.0
27.8 18.1
27.1 19.0
26.2 19.8
26.0 20.9
26.5 21.9
27.3 22.7
28.3 23.4
29.5 23.9
30.8 24.1
32.0 24.3
33.0 24.7
34.0 25.5
35.0 26.1
36.1 26.5
35.6 27.6
36.6 27.3
37.7 27.3
39.0 27.3
40.2 27.5
41.5 27.8
42.7 28.2
43.8 28.7
44.5 29.5
44.9 30.6
45.1 31.8
