47.0 25.0
46.9 26.0
46.2 27.0
45.4 28.0
44.4 29.0
43.3 29.2
42.3 28.7
41.3 27.9
40.1 27.4
38.8 27.2
37.7 26.8
36.9 26.1
36.4 25.1
36.2 23.8
36.1 22.5
36.0 21.3
35.8 20.0
35.8 18.8
35.9 17.8
35.1 16.8
34.0 16.3
32.7 16.0
31.5 15.6
30.3 15.0
29.2 14.3
28.1 13.6
27.0 12.9
26.0 12.3
24.8 12.0
23.5 11.8
22.2 11.8
21.1 11.6
20.5 10.6
20.6 9.5
19.8 8.6
18.6 8.7
17.4 9.1
16.3 9.7
15.3 10.3
14.6 11.2
14.1 12.2
13.0 12.9
11.8 13.1
10.8 13.2
9.9 13.9
9.2 14.9
8.6 16.0
7.9 17.0
6.9 17.8
5.7 18.5
4.7 19.2
3.7 20.1
2.9 20.8
2.8 21.8
3.1 23.0
2.9 24.0
