45.0 45.0
46.2 44.9
47.2 44.5
47.9 43.7
48.4 42.6
48.5 41.6
48.1 40.5
47.4 39.4
46.6 38.4
45.7 37.6
44.5 37.0
43.6 36.2
43.6 35.1
44.1 34.0
44.1 32.7
43.5 31.8
42.5 30.8
41.7 29.8
40.5 29.3
39.3 29.3
38.1 29.6
37.1 29.7
36.2 28.8
35.8 27.7
35.6 26.4
35.4 25.1
35.2 23.8
35.0 22.8
33.9 22.2
32.7 21.8
31.4 21.5
30.2 21.0
29.2 20.2
28.3 19.4
27.2 18.8
26.0 18.5
24.9 18.5
23.8 19.2
23.2 20.2
22.9 21.3
21.8 21.6
20.7 21.1
19.7 20.3
18.9 19.6
17.7 20.1
16.8 21.0
15.9 21.9
15.1 22.9
14.3 23.7
13.3 24.2
12.1 24.3
10.8 24.4
9.8 24.8
9.1 25.8
8.8 27.1
8.7 28.2
