3.5 3.5
4.6 3.3
5.5 2.7
6.5 2.1
7.7 1.6
8.8 1.5
10.0 1.7
11.2 2.1
12.4 2.4
13.7 2.5
14.8 2.8
15.7 3.6
16.5 4.6
17.5 5.2
18.6 5.2
19.6 4.6
20.8 4.7
21.7 5.5
21.9 6.6
21.6 7.8
21.3 9.1
21.4 10.3
21.7 11.6
22.0 12.8
22.0 14.1
21.9 15.4
21.9 16.5
22.2 17.7
22.8 18.7
22.6 19.8
21.8 20.7
21.4 21.8
21.6 23.0
22.1 24.1
22.7 25.3
23.2 26.5
23.2 27.7
22.7 28.8
22.8 30.2
23.1 31.5
23.3 32.8
23.5 34.1
23.6 35.4
23.6 36.7
23.5 38.0
23.2 39.3
22.6 40.1
21.4 39.4
20.4 38.5
19.4 37.9
18.2 37.4
17.0 37.1
16.4 36.3
