45.0 37.0
45.1 36.0
44.7 34.8
44.2 33.6
43.7 32.4
43.2 31.3
42.8 30.1
42.0 29.3
40.9 28.7
39.6 28.4
38.7 27.9
38.0 27.0
37.5 25.8
37.2 24.6
36.9 23.6
36.1 22.8
35.0 22.4
34.0 21.8
33.1 21.0
32.4 19.9
32.1 18.9
32.2 17.9
32.8 16.8
33.7 15.8
34.5 15.0
34.3 13.9
33.5 12.9
32.7 11.9
31.8 11.2
30.7 10.8
29.4 10.6
28.1 10.5
26.8 10.4
25.5 10.3
24.2 10.4
23.0 10.3
21.7 10.0
20.4 9.7
19.2 9.3
17.9 9.2
16.6 9.3
15.3 9.6
14.1 9.8
12.7 9.9
11.6 9.9
10.7 9.4
10.0 8.5
9.5 7.4
9.3 6.2
9.5 5.0
9.8 3.9
9.1 3.0
7.9 2.6
6.7 2.4
5.4 2.5
4.4 3.2
