45.0 37.0
44.6 38.0
46.0 37.9
47.3 37.9
48.1 38.5
48.0 39.8
47.5 41.0
47.0 42.3
46.5 43.4
45.7 44.4
44.9 45.4
44.0 46.4
43.0 47.3
42.1 47.8
41.2 46.9
40.8 45.7
40.7 44.5
40.6 43.4
40.1 42.5
39.1 41.8
38.0 41.3
36.7 41.0
35.5 40.9
34.2 40.7
32.9 40.6
31.7 40.5
30.6 40.1
29.6 39.4
28.7 38.5
27.7 37.7
26.6 37.0
25.7 36.3
25.0 35.4
24.0 34.8
23.0 34.1
21.8 33.7
20.6 33.6
19.4 33.6
18.5 32.9
17.7 31.8
17.3 30.7
17.1 29.6
16.4 28.8
15.4 28.3
14.2 27.9
13.1 27.2
12.4 26.1
11.8 24.9
11.3 23.7
11.0 22.5
10.8 21.3
10.1 20.4
9.1 19.7
8.0 19.2
6.9 18.7
6.6 17.3
6.3 16.1
6.0 14.9
5.4 13.8
4.7 12.9
3.7 12.3
2.7 11.2
2.1 10.3
2.1 9.1
2.7 8.1
3.6 7.2
4.5 6.4
5.3 5.5
5.8 4.5
5.9 5.6
5.0 6.2
4.5 5.1
