5.0 45.0
4.5 44.0
4.4 42.9
3.9 41.7
3.2 40.8
2.7 39.9
2.9 38.9
3.7 38.0
4.6 37.2
5.2 36.4
5.4 35.2
5.3 33.9
5.0 32.7
4.5 31.4
4.6 30.1
5.3 29.2
5.2 28.2
5.0 27.0
5.7 25.9
6.7 25.4
8.0 25.2
9.2 25.3
10.4 25.7
11.4 25.9
12.5 25.5
13.8 25.4
14.7 26.0
15.4 26.9
16.2 28.0
16.9 29.0
17.1 30.1
17.1 31.3
16.8 32.6
16.4 33.8
16.0 34.8
16.5 36.0
17.3 37.0
18.2 37.8
19.3 37.9
20.2 37.3
20.9 36.3
22.1 35.9
23.3 35.9
24.6 36.3
25.8 36.3
26.8 35.3
27.9 34.8
28.9 35.3
29.8 36.3
30.7 37.0
31.9 37.4
33.0 38.0
33.6 39.0
33.8 40.2
33.8 41.5
33.7 42.9
33.5 44.2
34.3 45.0
35.3 44.7
36.3 44.0
37.2 43.3
38.4 42.9
39.7 42.8
40.7 42.9
41.6 43.5
42.2 44.5
42.7 45.4
43.9 45.1
