18.0 8.5
17.2 7.7
16.4 7.0
15.9 6.1
15.7 4.9
14.6 4.5
13.5 5.0
12.5 5.8
11.4 6.4
10.5 6.9
9.9 8.1
10.3 9.3
11.0 10.3
12.0 11.1
12.4 12.1
12.5 13.3
12.3 14.5
11.8 15.6
11.0 16.5
10.0 17.3
9.5 18.4
10.1 19.2
11.0 19.8
12.1 19.9
13.3 19.6
14.4 19.0
15.4 18.2
16.5 17.5
17.7 17.5
18.8 17.9
20.0 18.4
21.1 18.6
22.4 18.5
23.6 18.2
24.8 17.8
26.0 17.7
27.3 17.8
28.4 18.1
29.6 17.5
30.5 16.7
31.8 16.2
33.1 16.6
34.0 17.3
34.8 18.3
35.6 19.4
36.2 20.4
37.0 21.3
37.3 22.3
37.5 23.3
38.5 24.0
39.4 24.8
39.8 26.0
39.9 27.2
40.0 28.5
40.1 29.8
40.2 31.1
40.5 32.3
40.9 33.5
41.6 34.3
42.3 35.3
42.5 36.4
42.4 37.7
42.0 38.8
41.4 40.0
