25.0 3.5
24.2 4.5
23.6 5.7
23.1 6.9
22.6 8.1
22.1 9.3
21.6 10.5
21.3 11.6
21.4 12.7
21.8 13.9
22.3 15.1
22.8 16.4
23.2 17.4
22.7 18.6
22.1 19.6
22.0 20.9
22.1 22.2
22.4 23.4
21.9 24.4
20.7 24.5
19.4 24.4
18.1 24.2
16.8 23.8
15.5 23.5
14.4 23.2
13.4 23.3
12.3 23.7
11.2 23.7
10.0 23.2
9.1 22.7
7.7 22.9
6.7 23.5
5.8 24.4
5.1 25.5
4.5 26.7
4.1 27.9
3.9 29.1
3.9 30.4
4.0 31.7
4.2 32.9
4.4 34.2
4.6 35.4
4.7 36.5
5.4 37.4
6.4 37.9
7.6 38.1
8.9 38.1
10.2 37.9
11.4 38.0
12.5 38.3
13.7 38.9
14.8 39.6
15.8 40.3
16.6 41.2
17.3 42.2
18.5 42.4
19.4 41.8
20.1 40.8
20.6 39.9
21.8 40.0
22.8 40.8
23.6 41.7
24.4 42.8
25.3 43.4
26.2 42.5
26.6 41.4
26.7 40.2
26.5 39.0
26.7 37.8
27.1 36.6
26.9 35.5
26.3 34.6
