5.0 5.0
5.2 3.9
5.0 2.8
5.6 1.9
6.6 1.5
7.7 1.5
8.7 1.9
9.7 2.8
10.5 3.4
11.6 3.6
12.7 3.5
13.7 3.8
14.7 4.5
16.0 4.7
17.1 4.4
18.1 3.8
19.2 4.0
20.1 4.8
21.1 5.6
22.1 6.3
23.2 7.0
24.3 7.7
25.3 8.4
26.4 9.0
27.6 9.3
28.7 9.4
28.7 10.6
28.3 11.9
27.9 13.1
26.6 13.5
25.3 13.3
24.0 13.1
22.8 12.7
21.7 12.7
20.8 13.4
19.8 14.2
18.8 15.0
18.9 16.2
19.7 17.0
20.7 17.7
21.9 18.2
23.0 18.4
24.2 18.2
25.5 17.9
26.8 17.8
27.9 18.3
28.9 19.2
29.7 20.1
30.1 21.2
30.3 22.4
30.7 23.5
31.5 24.5
32.1 25.4
32.0 26.8
31.6 27.9
31.5 29.2
31.7 30.5
32.0 31.8
32.3 33.0
32.6 34.0
33.7 33.5
34.5 32.7
35.2 31.6
35.7 30.5
36.2 29.3
36.6 28.1
36.8 26.9
36.7 25.6
36.7 24.5
37.5 23.7
38.6 23.4
39.9 23.3
41.2 23.5
42.5 23.8
43.8 23.9
44.8 24.4
45.7 25.3
