19.5 30.0
20.6 30.4
20.4 31.5
21.4 32.4
22.6 32.8
23.9 33.0
25.2 33.0
26.5 33.1
27.8 33.2
28.9 33.5
29.8 34.2
30.6 35.2
31.6 35.9
32.6 35.6
33.7 34.9
34.6 34.0
35.5 33.0
36.2 32.0
36.7 30.8
36.9 29.6
36.9 28.3
36.9 27.0
37.0 25.8
37.5 24.6
37.6 23.3
37.2 22.3
36.5 21.3
36.4 20.1
36.9 19.0
37.2 17.8
37.2 16.5
37.7 15.5
38.7 14.9
38.7 13.7
37.9 12.8
36.9 12.1
35.7 11.6
34.4 11.5
33.1 11.5
32.1 10.7
31.7 9.6
31.6 8.4
31.1 7.4
30.4 6.3
29.9 5.2
29.0 4.3
28.0 4.2
26.8 4.0
25.7 3.5
24.6 2.8
23.3 2.7
22.0 3.0
20.9 3.5
19.8 4.1
18.8 4.9
18.6 6.2
18.9 7.4
