32.0 39.0
31.2 39.8
31.0 40.8
29.8 40.6
28.7 40.9
27.7 41.6
26.9 42.2
25.7 41.8
24.6 41.1
23.5 40.5
22.3 40.2
21.3 39.9
20.4 39.1
19.7 38.1
19.0 36.9
18.5 35.8
18.0 34.6
17.5 33.4
17.0 32.2
16.6 31.0
16.2 29.8
15.9 28.6
16.1 27.5
16.8 26.4
17.6 25.6
18.7 25.0
19.9 24.5
21.1 24.2
22.4 24.6
23.5 25.3
24.2 26.1
24.8 27.2
25.3 28.1
26.4 28.3
27.6 28.0
28.8 27.4
30.0 26.9
31.1 26.2
32.2 25.4
33.3 24.9
34.2 24.3
34.8 23.4
35.1 22.2
35.2 21.1
36.2 20.5
37.5 20.5
38.8 20.8
40.1 20.9
41.4 21.1
42.5 20.7
43.3 19.9
43.8 18.7
44.2 17.5
44.6 16.3
44.9 15.1
45.3 13.8
45.8 12.7
46.5 11.6
47.4 10.7
48.0 9.6
47.9 8.4
47.4 7.3
46.7 6.1
46.1 5.1
