45.0 5.0
46.0 4.8
47.1 5.2
47.9 6.1
48.4 7.2
48.3 8.3
47.6 9.1
46.6 9.8
45.6 10.7
44.7 11.7
43.8 12.7
43.0 13.8
42.0 14.6
40.8 14.7
39.5 14.6
38.3 14.7
37.2 15.2
36.1 16.0
35.2 16.8
34.4 17.6
33.2 16.9
32.5 15.9
31.9 14.8
31.5 13.7
30.7 13.1
29.5 12.7
29.1 11.7
29.7 10.7
30.1 9.7
29.6 8.8
29.1 7.7
28.5 6.9
27.5 6.3
26.3 5.9
25.0 5.8
23.7 5.8
22.4 5.9
21.2 5.8
19.9 5.7
18.6 5.4
17.3 5.2
16.0 4.9
15.0 5.0
14.1 6.1
13.0 6.9
11.9 6.9
10.7 6.8
9.7 7.1
8.8 7.9
8.1 9.0
7.4 10.1
6.7 11.3
6.1 12.4
5.4 13.5
