45.0 4.0
46.0 4.5
46.4 5.5
46.6 6.6
47.1 7.6
48.0 8.5
48.4 9.8
48.4 11.0
48.0 12.3
47.6 13.5
47.6 14.6
47.9 15.7
48.5 16.7
48.5 17.8
48.1 19.0
47.2 19.7
46.1 19.9
44.8 19.9
43.6 19.9
42.4 20.2
41.3 20.8
40.2 21.6
39.2 22.0
38.1 21.7
36.9 21.3
35.8 20.7
34.9 19.8
34.0 18.9
33.0 18.3
31.7 18.0
30.5 17.6
29.4 17.0
28.5 16.1
27.6 15.2
26.7 14.2
25.7 13.3
24.9 12.4
24.0 11.4
23.0 10.7
21.8 10.0
20.6 9.5
19.4 9.3
18.1 9.3
17.0 9.7
15.8 10.2
14.6 10.1
13.4 9.5
12.3 8.8
11.3 8.0
10.3 7.3
9.9 6.0
10.0 4.8
9.4 3.8
8.5 3.1
7.3 2.7
6.0 2.4
4.9 3.1
4.7 4.3
4.4 5.6
4.1 6.8
3.6 7.9
2.8 9.0
2.1 9.9
1.5 11.0
1.2 12.3
1.5 13.5
2.4 14.4
3.5 15.0
4.6 15.5
5.1 16.4
5.2 17.6
5.6 18.7
6.3 19.8
7.3 20.5
8.6 20.1
9.9 19.9
11.0 19.9
11.8 21.0
11.8 22.1
11.6 23.3
11.8 24.3
12.4 25.5
13.0 26.5
