17.5 33.0
17.2 34.1
17.4 35.4
17.9 36.5
18.5 37.7
19.1 38.7
20.4 39.1
21.6 38.8
22.7 38.2
23.7 37.5
24.8 37.4
26.1 37.6
27.3 38.0
28.4 38.4
29.6 38.6
30.8 38.4
31.9 38.1
33.0 38.4
34.2 39.0
35.2 39.7
36.3 39.4
36.9 38.4
38.0 37.5
39.1 37.3
40.2 37.4
40.8 38.5
40.8 39.6
41.6 40.6
42.8 40.8
43.8 40.7
44.9 39.8
45.8 38.9
46.6 37.9
47.0 36.7
46.8 35.4
46.8 34.1
46.5 33.0
45.9 31.8
45.2 30.7
44.4 29.7
43.5 28.8
42.5 28.3
41.3 28.1
40.0 28.1
38.7 28.3
37.5 28.6
36.3 28.8
35.0 28.6
33.8 28.3
32.5 27.9
31.3 27.5
30.1 27.1
28.8 26.8
27.9 26.2
27.2 25.3
26.6 24.2
26.2 23.0
26.0 21.8
26.1 20.6
26.4 19.3
26.8 18.1
27.3 17.0
27.4 16.0
26.7 15.2
25.6 14.6
24.5 14.2
23.4 13.5
22.6 12.7
21.9 11.6
21.5 10.4
21.3 9.2
21.1 7.9
21.0 6.6
20.9 5.4
19.7 5.3
18.6 5.5
17.7 5.0
