17.5 3.5
18.5 3.9
19.1 4.8
19.9 5.6
20.9 6.4
21.7 7.3
22.4 8.4
22.9 9.4
23.0 10.5
22.7 11.7
22.0 12.9
21.6 13.9
21.5 15.2
21.6 16.4
21.8 17.7
22.0 19.0
22.1 20.2
22.3 21.3
23.0 22.1
24.0 22.8
24.9 23.3
25.4 24.3
25.5 25.5
25.3 26.8
25.5 27.8
26.1 28.8
27.0 29.7
26.8 30.9
26.2 31.9
25.9 33.1
26.0 34.4
25.9 35.4
25.4 36.4
24.4 37.0
23.3 37.7
22.3 38.5
21.1 38.9
20.0 38.6
18.9 38.2
17.8 38.3
16.7 38.8
15.7 39.6
14.6 40.3
13.5 40.8
12.2 40.9
10.9 40.8
9.8 40.4
8.7 39.8
7.9 39.1
6.9 39.4
6.1 40.3
5.5 41.4
5.1 42.6
4.8 43.8
4.6 44.9
