17.5 46.0
16.5 45.3
15.4 45.0
15.8 44.0
15.7 42.9
15.2 41.8
14.4 40.9
13.4 40.0
12.4 39.3
11.4 38.6
10.4 39.1
10.0 40.1
10.0 41.3
9.0 41.4
7.9 40.8
6.9 40.0
6.1 39.0
5.1 38.3
3.9 38.2
3.0 37.3
2.7 36.2
2.8 34.9
3.3 33.7
4.3 33.0
5.0 32.1
5.4 30.9
5.7 29.7
5.8 28.4
6.0 27.1
6.4 25.9
6.7 24.6
7.1 23.4
8.0 22.6
9.3 22.8
10.3 23.1
10.8 22.1
10.8 20.8
10.6 19.6
10.2 18.3
9.9 17.2
10.1 16.0
10.6 14.9
10.9 13.7
10.2 12.5
9.6 11.6
9.9 10.6
10.5 9.6
11.4 8.7
11.8 7.7
11.5 6.6
11.1 5.5
11.8 4.5
12.9 3.9
14.1 3.4
15.4 3.0
16.5 2.9
