35.0 45.0
33.9 45.4
32.8 45.7
31.5 46.0
30.3 46.5
29.1 47.1
27.9 47.7
26.8 48.2
25.8 48.1
24.8 47.6
23.7 46.9
22.6 46.4
21.4 45.9
20.2 45.5
18.9 45.1
17.7 44.8
16.4 44.5
15.1 44.3
13.7 44.1
12.6 44.1
11.6 44.2
10.7 43.4
10.5 42.2
10.7 41.0
11.1 39.8
11.3 38.7
11.1 37.6
10.5 36.5
10.1 35.3
9.9 34.0
9.7 32.7
9.6 31.4
9.6 30.1
9.7 28.9
10.0 27.6
10.4 26.3
10.8 25.2
11.5 24.1
12.3 23.2
13.0 22.3
13.2 21.3
13.2 20.1
13.5 18.9
14.0 17.7
14.6 16.6
14.9 15.4
14.9 14.1
14.7 12.8
14.5 11.7
14.6 10.4
14.9 9.2
15.3 8.0
15.8 6.9
16.6 6.2
17.7 5.7
18.9 5.1
19.9 4.4
20.8 3.5
21.9 3.1
23.2 3.4
24.5 3.7
25.7 3.9
27.0 4.1
28.2 4.1
29.4 3.8
30.6 3.4
31.6 3.0
32.7 3.4
33.5 4.2
34.1 5.4
