35.0 45.0
34.0 44.4
33.3 45.2
32.3 45.8
31.1 46.0
29.9 46.1
28.6 46.2
27.3 46.3
26.1 46.3
24.8 46.0
23.6 45.4
22.6 44.7
21.7 43.8
21.0 42.7
20.3 41.9
19.2 41.2
18.1 40.7
17.4 39.9
17.4 38.8
16.8 37.9
17.0 36.6
17.2 35.4
17.3 34.1
17.1 33.0
16.4 32.0
15.6 31.2
14.5 30.5
13.4 29.9
12.6 29.0
11.9 28.0
11.0 27.2
10.0 26.6
9.0 26.2
8.4 25.1
8.4 23.9
8.6 22.6
8.8 21.3
9.1 20.0
9.6 18.9
10.2 17.8
10.9 16.7
11.4 15.6
11.6 14.4
11.6 13.1
12.3 12.1
13.4 11.8
14.6 11.7
15.9 11.3
17.2 11.0
18.4 10.7
19.7 10.4
20.8 10.6
21.0 11.9
20.7 13.1
20.2 14.2
19.4 15.0
18.4 15.5
17.1 15.7
15.8 15.8
14.8 16.1
