45.0 15.0
44.3 13.9
43.4 13.1
42.2 12.6
41.0 12.3
39.8 12.5
38.6 12.8
37.5 12.6
36.4 12.1
35.4 11.3
34.5 10.3
33.8 9.4
32.8 8.7
31.6 8.2
30.5 7.4
30.1 6.3
29.8 5.1
28.9 4.1
27.8 3.9
26.6 4.0
25.4 4.4
24.5 5.0
23.7 6.0
22.7 6.7
21.6 7.2
20.3 7.4
19.0 7.6
17.8 8.0
16.6 8.6
16.5 9.7
17.1 10.6
18.2 11.3
18.7 12.2
18.4 13.3
17.7 14.2
17.0 15.2
17.1 16.3
17.7 17.3
18.7 17.9
19.9 17.8
20.9 17.3
22.0 16.9
23.1 17.0
24.4 17.2
25.7 17.2
26.9 17.0
27.9 17.6
28.6 18.6
29.0 19.7
29.8 20.4
30.9 21.0
31.8 21.8
32.4 22.9
32.8 24.1
33.7 24.8
34.8 25.1
35.9 24.8
36.6 24.0
