45.0 15.0
46.1 14.6
46.2 15.6
45.8 16.8
45.1 17.8
44.1 18.3
42.9 18.2
41.8 17.7
40.8 17.0
39.9 16.1
39.2 15.0
38.6 13.8
38.2 12.7
37.6 11.7
36.7 10.8
35.7 10.0
34.7 9.2
33.6 8.4
32.7 7.7
31.5 7.3
30.2 7.1
29.0 6.9
27.8 6.5
26.7 5.9
25.8 5.0
25.1 4.0
24.5 2.9
23.7 2.1
22.7 2.3
21.5 2.7
20.2 3.0
19.0 3.2
18.0 3.7
17.1 4.5
16.6 5.8
16.8 6.9
17.3 8.1
17.9 9.2
17.5 10.2
16.6 10.8
15.8 11.5
16.4 12.5
17.7 13.0
18.9 12.9
20.1 12.6
21.3 12.8
22.1 13.5
22.7 14.6
23.5 15.2
24.6 15.8
25.4 16.8
26.3 17.5
27.4 18.1
28.6 18.4
29.7 18.7
30.6 19.5
31.2 20.6
31.6 21.6
32.4 22.6
33.2 23.6
33.9 24.5
35.0 24.8
36.2 24.9
