7.5 25.0
8.1 25.1
8.7 25.2
9.4 25.3
10.2 25.6
11.0 25.9
11.8 26.2
12.6 26.4
13.4 26.6
13.9 26.7
14.7 26.9
15.5 27.0
16.3 26.9
17.0 26.7
17.8 26.3
18.5 25.9
19.2 25.6
20.0 25.4
20.9 25.4
21.7 25.4
22.5 25.6
23.2 25.9
23.6 26.2
23.7 26.7
23.7 27.4
23.5 28.2
23.4 29.0
23.5 29.5
24.1 30.0
24.9 30.3
25.7 30.5
26.4 30.9
27.0 31.4
27.5 32.0
27.7 32.5
27.5 33.1
27.1 33.8
26.6 34.4
25.9 34.9
25.2 35.3
24.7 35.8
24.3 36.5
24.1 37.3
23.9 38.1
23.8 38.6
23.7 39.4
23.7 40.3
23.7 41.2
23.7 42.0
23.2 42.1
23.6 42.6
24.0 43.1
25.0 42.5
