17.5 17.5
16.4 17.2
15.2 17.7
14.1 17.3
13.2 16.4
12.6 15.5
11.3 15.0
10.0 14.9
9.0 15.1
8.1 15.8
7.7 17.1
7.9 18.3
8.3 19.5
8.9 20.6
9.8 21.5
10.8 22.3
12.0 22.8
13.2 23.2
14.3 23.8
15.4 24.6
16.3 25.4
17.2 26.4
18.0 27.5
18.8 28.3
20.1 28.2
21.2 27.6
22.1 26.8
22.9 26.1
24.0 26.0
25.3 26.2
26.4 26.7
27.2 27.4
27.7 28.5
28.0 29.7
28.1 31.0
28.0 32.0
27.4 33.0
26.9 33.9
26.8 35.0
27.2 36.2
27.5 37.4
27.7 38.7
28.6 39.6
29.7 39.8
30.9 39.7
31.9 38.9
32.5 37.8
32.7 36.5
33.8 36.5
34.3 37.6
35.0 38.4
36.1 38.7
37.3 38.5
38.5 38.5
39.8 38.7
41.0 39.2
42.0 39.5
43.2 39.2
44.0 38.5
44.6 37.4
44.9 36.2
45.1 35.0
45.1 33.7
45.0 32.4
44.8 31.1
44.7 29.9
45.6 29.0
46.8 28.3
47.5 27.3
48.0 26.2
48.3 25.0
48.4 24.0
