34
16
31.8124 29.5637 31.8233 29.54738 32.22692 28.87399 32.23617 28.85668 32.57183 28.14698 32.57935 28.12885 32.84383 27.38966 32.84953 27.37087 33.04029 26.60932 32.65228 26.51213 32.4639 27.26415 32.20604 27.98484 31.87877 28.67678 31.48526 29.33331 31.02344 29.95601 31.34473 30.19429 

10
33.19976 25.00981 33.19976 24.99019 33.16124 24.20605 33.15931 24.18652 33.04412 23.40993 32.64845 23.46862 32.7622 24.23549 32.79976 25.0 32.76172 25.77432 33.16124 25.79395 

4
32.23617 21.14332 31.87457 21.31434 32.21024 22.02404 32.57183 21.85302 

10
25.00981 16.80024 24.99019 16.80024 24.20605 16.83876 24.18652 16.84069 23.40993 16.95588 23.46862 17.35155 24.23549 17.2378 25.0 17.20024 25.77432 17.23828 25.79395 16.83876 

13
29.5637 18.1876 29.54738 18.1767 28.87399 17.77308 28.85668 17.76383 28.14698 17.42817 28.12885 17.42065 27.38966 17.15617 27.2549 17.53279 27.98484 17.79396 28.67678 18.12123 29.33331 18.51474 29.95601 18.97656 30.19429 18.65527 

10
21.14332 17.76383 21.12601 17.77308 20.45262 18.1767 20.4363 18.1876 19.80571 18.65527 20.04399 18.97656 20.66669 18.51474 21.32322 18.12123 22.02404 17.78976 21.85302 17.42817 

10
18.1876 20.4363 18.1767 20.45262 17.77308 21.12601 17.76383 21.14332 17.42817 21.85302 17.78976 22.02404 18.12123 21.32322 18.51474 20.66669 18.97656 20.04399 18.65527 19.80571 

46
16.80024 24.99019 16.80024 25.00981 16.83876 25.79395 16.84069 25.81348 16.95588 26.59007 16.95971 26.60932 17.15047 27.37087 17.15617 27.38966 17.42065 28.12885 17.42817 28.14698 17.76383 28.85668 17.77308 28.87399 18.1767 29.54738 18.1876 29.5637 18.65527 30.19429 18.66773 30.20946 19.19496 30.79117 19.20883 30.80504 19.79054 31.33227 19.80571 31.34473 20.4363 31.8124 20.45262 31.8233 21.12601 32.22692 21.14332 32.23617 21.85302 32.57183 21.87115 32.57935 22.61034 32.84383 22.62913 32.84953 23.39068 33.04029 23.48787 32.65228 22.73585 32.4639 22.01516 32.20604 21.32322 31.87877 20.66669 31.48526 20.05189 31.0293 19.48474 30.51526 18.9707 29.94811 18.51474 29.33331 18.12123 28.67678 17.79396 27.98484 17.5361 27.26415 17.35011 26.52166 17.2378 25.76451 17.20024 25.0 17.23828 24.22568 16.83876 24.20605 

19
25.79395 33.16124 25.81348 33.15931 26.59007 33.04412 26.60932 33.04029 27.37087 32.84953 27.38966 32.84383 28.12885 32.57935 28.14698 32.57183 28.85668 32.23617 28.87399 32.22692 29.54738 31.8233 29.34174 31.48021 28.67678 31.87877 27.98484 32.20604 27.26415 32.4639 26.52166 32.64989 25.76451 32.7622 24.99019 32.80024 25.00981 33.19976 

89
7.7 32.0 7.7 39.7 3.0 39.7 3.0 40.3 7.7 40.3 7.7 46.0 7.70144 46.02941 7.70576 46.05853 7.71292 46.08709 7.72284 46.11481 7.73542 46.14142 7.75056 46.16667 7.7681 46.19032 7.78787 46.21213 7.80968 46.2319 7.83333 46.24944 7.85858 46.26458 7.88519 46.27716 7.91291 46.28708 7.94147 46.29424 7.97059 46.29856 8.0 46.3 8.02941 46.29856 8.05853 46.29424 8.08709 46.28708 8.11481 46.27716 8.14142 46.26458 8.16667 46.24944 8.19032 46.2319 8.21213 46.21213 8.2319 46.19032 8.24944 46.16667 8.26458 46.14142 8.27716 46.11481 8.28708 46.08709 8.29424 46.05853 8.29856 46.02941 8.3 46.0 8.3 40.0 8.3 32.3 15.0 32.3 15.02941 32.29856 15.05853 32.29424 15.08709 32.28708 15.11481 32.27716 15.14142 32.26458 15.16667 32.24944 15.19032 32.2319 15.21213 32.21213 15.2319 32.19032 15.24944 32.16667 15.26458 32.14142 15.27716 32.11481 15.28708 32.08709 15.29424 32.05853 15.29856 32.02941 15.3 32.0 15.29856 31.97059 15.29424 31.94147 15.28708 31.91291 15.27716 31.88519 15.26458 31.85858 15.24944 31.83333 15.2319 31.80968 15.21213 31.78787 15.19032 31.7681 15.16667 31.75056 15.14142 31.73542 15.11481 31.72284 15.08709 31.71292 15.05853 31.70576 15.02941 31.70144 15.0 31.7 8.0 31.7 7.97059 31.70144 7.94147 31.70576 7.91291 31.71292 7.88519 31.72284 7.85858 31.73542 7.83333 31.75056 7.80968 31.7681 7.78787 31.78787 7.7681 31.80968 7.75056 31.83333 7.73542 31.85858 7.72284 31.88519 7.71292 31.91291 7.70576 31.94147 7.70144 31.97059 

89
34.7 32.0 34.70144 32.02941 34.70576 32.05853 34.71292 32.08709 34.72284 32.11481 34.73542 32.14142 34.75056 32.16667 34.7681 32.19032 34.78787 32.21213 34.80968 32.2319 34.83333 32.24944 34.85858 32.26458 34.88519 32.27716 34.91291 32.28708 34.94147 32.29424 34.97059 32.29856 35.0 32.3 41.7 32.3 41.7 40.0 41.7 46.0 41.70144 46.02941 41.70576 46.05853 41.71292 46.08709 41.72284 46.11481 41.73542 46.14142 41.75056 46.16667 41.7681 46.19032 41.78787 46.21213 41.80968 46.2319 41.83333 46.24944 41.85858 46.26458 41.88519 46.27716 41.91291 46.28708 41.94147 46.29424 41.97059 46.29856 42.0 46.3 42.02941 46.29856 42.05853 46.29424 42.08709 46.28708 42.11481 46.27716 42.14142 46.26458 42.16667 46.24944 42.19032 46.2319 42.21213 46.21213 42.2319 46.19032 42.24944 46.16667 42.26458 46.14142 42.27716 46.11481 42.28708 46.08709 42.29424 46.05853 42.29856 46.02941 42.3 46.0 42.3 40.3 47.0 40.3 47.0 39.7 42.3 39.7 42.3 32.0 42.29856 31.97059 42.29424 31.94147 42.28708 31.91291 42.27716 31.88519 42.26458 31.85858 42.24944 31.83333 42.2319 31.80968 42.21213 31.78787 42.19032 31.7681 42.16667 31.75056 42.14142 31.73542 42.11481 31.72284 42.08709 31.71292 42.05853 31.70576 42.02941 31.70144 42.0 31.7 35.0 31.7 34.97059 31.70144 34.94147 31.70576 34.91291 31.71292 34.88519 31.72284 34.85858 31.73542 34.83333 31.75056 34.80968 31.7681 34.78787 31.78787 34.7681 31.80968 34.75056 31.83333 34.73542 31.85858 34.72284 31.88519 34.71292 31.91291 34.70576 31.94147 34.70144 31.97059 

89
7.7 4.0 7.7 9.7 3.0 9.7 3.0 10.3 7.7 10.3 7.7 18.0 7.70144 18.02941 7.70576 18.05853 7.71292 18.08709 7.72284 18.11481 7.73542 18.14142 7.75056 18.16667 7.7681 18.19032 7.78787 18.21213 7.80968 18.2319 7.83333 18.24944 7.85858 18.26458 7.88519 18.27716 7.91291 18.28708 7.94147 18.29424 7.97059 18.29856 8.0 18.3 15.0 18.3 15.02941 18.29856 15.05853 18.29424 15.08709 18.28708 15.11481 18.27716 15.14142 18.26458 15.16667 18.24944 15.19032 18.2319 15.21213 18.21213 15.2319 18.19032 15.24944 18.16667 15.26458 18.14142 15.27716 18.11481 15.28708 18.08709 15.29424 18.05853 15.29856 18.02941 15.3 18.0 15.29856 17.97059 15.29424 17.94147 15.28708 17.91291 15.27716 17.88519 15.26458 17.85858 15.24944 17.83333 15.2319 17.80968 15.21213 17.78787 15.19032 17.7681 15.16667 17.75056 15.14142 17.73542 15.11481 17.72284 15.08709 17.71292 15.05853 17.70576 15.02941 17.70144 15.0 17.7 8.3 17.7 8.3 10.0 8.3 4.0 8.29856 3.97059 8.29424 3.94147 8.28708 3.91291 8.27716 3.88519 8.26458 3.85858 8.24944 3.83333 8.2319 3.80968 8.21213 3.78787 8.19032 3.7681 8.16667 3.75056 8.14142 3.73542 8.11481 3.72284 8.08709 3.71292 8.05853 3.70576 8.02941 3.70144 8.0 3.7 7.97059 3.70144 7.94147 3.70576 7.91291 3.71292 7.88519 3.72284 7.85858 3.73542 7.83333 3.75056 7.80968 3.7681 7.78787 3.78787 7.7681 3.80968 7.75056 3.83333 7.73542 3.85858 7.72284 3.88519 7.71292 3.91291 7.70576 3.94147 7.70144 3.97059 

89
34.7 18.0 34.70144 18.02941 34.70576 18.05853 34.71292 18.08709 34.72284 18.11481 34.73542 18.14142 34.75056 18.16667 34.7681 18.19032 34.78787 18.21213 34.80968 18.2319 34.83333 18.24944 34.85858 18.26458 34.88519 18.27716 34.91291 18.28708 34.94147 18.29424 34.97059 18.29856 35.0 18.3 42.0 18.3 42.02941 18.29856 42.05853 18.29424 42.08709 18.28708 42.11481 18.27716 42.14142 18.26458 42.16667 18.24944 42.19032 18.2319 42.21213 18.21213 42.2319 18.19032 42.24944 18.16667 42.26458 18.14142 42.27716 18.11481 42.28708 18.08709 42.29424 18.05853 42.29856 18.02941 42.3 18.0 42.3 10.3 47.0 10.3 47.0 9.7 42.3 9.7 42.3 4.0 42.29856 3.97059 42.29424 3.94147 42.28708 3.91291 42.27716 3.88519 42.26458 3.85858 42.24944 3.83333 42.2319 3.80968 42.21213 3.78787 42.19032 3.7681 42.16667 3.75056 42.14142 3.73542 42.11481 3.72284 42.08709 3.71292 42.05853 3.70576 42.02941 3.70144 42.0 3.7 41.97059 3.70144 41.94147 3.70576 41.91291 3.71292 41.88519 3.72284 41.85858 3.73542 41.83333 3.75056 41.80968 3.7681 41.78787 3.78787 41.7681 3.80968 41.75056 3.83333 41.73542 3.85858 41.72284 3.88519 41.71292 3.91291 41.70576 3.94147 41.70144 3.97059 41.7 4.0 41.7 10.0 41.7 17.7 35.0 17.7 34.97059 17.70144 34.94147 17.70576 34.91291 17.71292 34.88519 17.72284 34.85858 17.73542 34.83333 17.75056 34.80968 17.7681 34.78787 17.78787 34.7681 17.80968 34.75056 17.83333 34.73542 17.85858 34.72284 17.88519 34.71292 17.91291 34.70576 17.94147 34.70144 17.97059 

22
20.3 42.0 20.29856 41.97059 20.29424 41.94147 20.28708 41.91291 20.27716 41.88519 20.26458 41.85858 20.24944 41.83333 20.2319 41.80968 20.21213 41.78787 20.19032 41.7681 20.16667 41.75056 20.14142 41.73542 20.11481 41.72284 20.08709 41.71292 20.05853 41.70576 20.02941 41.70144 20.0 41.7 13.0 41.7 13.0 42.3 19.7 42.3 19.7 50 20.3 50 

22
30.3 42.3 37.0 42.3 37.0 41.7 30.0 41.7 29.97059 41.70144 29.94147 41.70576 29.91291 41.71292 29.88519 41.72284 29.85858 41.73542 29.83333 41.75056 29.80968 41.7681 29.78787 41.78787 29.7681 41.80968 29.75056 41.83333 29.73542 41.85858 29.72284 41.88519 29.71292 41.91291 29.70576 41.94147 29.70144 41.97059 29.7 42.0 29.7 50 30.3 50 

22
19.7 7.7 13.0 7.7 13.0 8.3 20.0 8.3 20.02941 8.29856 20.05853 8.29424 20.08709 8.28708 20.11481 8.27716 20.14142 8.26458 20.16667 8.24944 20.19032 8.2319 20.21213 8.21213 20.2319 8.19032 20.24944 8.16667 20.26458 8.14142 20.27716 8.11481 20.28708 8.08709 20.29424 8.05853 20.29856 8.02941 20.3 8.0 20.3 0 19.7 0 

22
29.7 8.0 29.70144 8.02941 29.70576 8.05853 29.71292 8.08709 29.72284 8.11481 29.73542 8.14142 29.75056 8.16667 29.7681 8.19032 29.78787 8.21213 29.80968 8.2319 29.83333 8.24944 29.85858 8.26458 29.88519 8.27716 29.91291 8.28708 29.94147 8.29424 29.97059 8.29856 30.0 8.3 37.0 8.3 37.0 7.7 30.3 7.7 30.3 0 29.7 0 

74
3.7 21.0 3.7 24.7 0 24.7 0 25.3 3.7 25.3 3.7 29.0 3.70144 29.02941 3.70576 29.05853 3.71292 29.08709 3.72284 29.11481 3.73542 29.14142 3.75056 29.16667 3.7681 29.19032 3.78787 29.21213 3.80968 29.2319 3.83333 29.24944 3.85858 29.26458 3.88519 29.27716 3.91291 29.28708 3.94147 29.29424 3.97059 29.29856 4.0 29.3 4.02941 29.29856 4.05853 29.29424 4.08709 29.28708 4.11481 29.27716 4.14142 29.26458 4.16667 29.24944 4.19032 29.2319 4.21213 29.21213 4.2319 29.19032 4.24944 29.16667 4.26458 29.14142 4.27716 29.11481 4.28708 29.08709 4.29424 29.05853 4.29856 29.02941 4.3 29.0 4.3 25.3 8.0 25.3 8.0 24.7 4.3 24.7 4.3 21.0 4.29856 20.97059 4.29424 20.94147 4.28708 20.91291 4.27716 20.88519 4.26458 20.85858 4.24944 20.83333 4.2319 20.80968 4.21213 20.78787 4.19032 20.7681 4.16667 20.75056 4.14142 20.73542 4.11481 20.72284 4.08709 20.71292 4.05853 20.70576 4.02941 20.70144 4.0 20.7 3.97059 20.70144 3.94147 20.70576 3.91291 20.71292 3.88519 20.72284 3.85858 20.73542 3.83333 20.75056 3.80968 20.7681 3.78787 20.78787 3.7681 20.80968 3.75056 20.83333 3.73542 20.85858 3.72284 20.88519 3.71292 20.91291 3.70576 20.94147 3.70144 20.97059 

74
45.7 21.0 45.7 24.7 42.0 24.7 42.0 25.3 45.7 25.3 45.7 29.0 45.70144 29.02941 45.70576 29.05853 45.71292 29.08709 45.72284 29.11481 45.73542 29.14142 45.75056 29.16667 45.7681 29.19032 45.78787 29.21213 45.80968 29.2319 45.83333 29.24944 45.85858 29.26458 45.88519 29.27716 45.91291 29.28708 45.94147 29.29424 45.97059 29.29856 46.0 29.3 46.02941 29.29856 46.05853 29.29424 46.08709 29.28708 46.11481 29.27716 46.14142 29.26458 46.16667 29.24944 46.19032 29.2319 46.21213 29.21213 46.2319 29.19032 46.24944 29.16667 46.26458 29.14142 46.27716 29.11481 46.28708 29.08709 46.29424 29.05853 46.29856 29.02941 46.3 29.0 46.3 25.3 50 25.3 50 24.7 46.3 24.7 46.3 21.0 46.29856 20.97059 46.29424 20.94147 46.28708 20.91291 46.27716 20.88519 46.26458 20.85858 46.24944 20.83333 46.2319 20.80968 46.21213 20.78787 46.19032 20.7681 46.16667 20.75056 46.14142 20.73542 46.11481 20.72284 46.08709 20.71292 46.05853 20.70576 46.02941 20.70144 46.0 20.7 45.97059 20.70144 45.94147 20.70576 45.91291 20.71292 45.88519 20.72284 45.85858 20.73542 45.83333 20.75056 45.80968 20.7681 45.78787 20.78787 45.7681 20.80968 45.75056 20.83333 45.73542 20.85858 45.72284 20.88519 45.71292 20.91291 45.70576 20.94147 45.70144 20.97059 

4
21.18456 13.60586 19.87429 9.91133 16.17976 11.22159 17.49002 14.91613 

4
29.11366 11.28874 31.13362 14.46572 34.31061 12.44576 32.29065 9.26878 

4
33.4624 37.61345 31.06196 34.71321 28.16172 37.11365 30.56216 40.01388 

4
21.09243 19.94648 18.65514 22.81582 21.52448 25.25311 23.96177 22.38377 

3
15.10823 44.04891 12.97605 47.42514 16.14494 48.63925 

3
30.8793 26.16568 27.79561 28.44563 30.20951 30.63538 

4
18.03775 36.52393 17.6633 33.61753 14.75689 33.99198 15.13134 36.89839 

136
25.64551 43.17809 24.46006 42.78161 24.85654 41.59615 24.86317 41.57253 24.86746 41.54838 24.86935 41.52392 24.86884 41.49939 24.86593 41.47503 24.86064 41.45107 24.85303 41.42775 24.84317 41.40528 24.83116 41.38389 24.8171 41.36378 24.80115 41.34514 24.78344 41.32816 24.76416 41.31299 24.74348 41.29979 24.72161 41.28868 24.69875 41.27977 24.67513 41.27314 24.65097 41.26885 24.62651 41.26696 24.60198 41.26747 24.57762 41.27038 24.55366 41.27567 24.53034 41.28328 24.50787 41.29314 24.48648 41.30515 24.46637 41.3192 24.44774 41.33516 24.43075 41.35287 24.41559 41.37215 24.40239 41.39283 24.39127 41.4147 24.38236 41.43756 23.98588 42.62301 22.80042 42.22653 22.7768 42.2199 22.75264 42.21561 22.72818 42.21372 22.70366 42.21423 22.6793 42.21714 22.65534 42.22243 22.63201 42.23004 22.60955 42.2399 22.58816 42.25191 22.56805 42.26597 22.54941 42.28192 22.53243 42.29963 22.51726 42.31891 22.50406 42.33959 22.49295 42.36147 22.48403 42.38432 22.4774 42.40794 22.47312 42.4321 22.47123 42.45656 22.47174 42.48109 22.47465 42.50545 22.47994 42.52941 22.48755 42.55273 22.49741 42.5752 22.50942 42.59659 22.52347 42.6167 22.53943 42.63533 22.55713 42.65232 22.57642 42.66748 22.5971 42.68068 22.61897 42.6918 22.64183 42.70071 23.82728 43.09719 23.4308 44.28265 23.42417 44.30627 23.41988 44.33043 23.41799 44.35489 23.4185 44.37941 23.42141 44.40378 23.4267 44.42773 23.43431 44.45106 23.44417 44.47352 23.45618 44.49491 23.47023 44.51502 23.48619 44.53366 23.5039 44.55064 23.52318 44.56581 23.54386 44.57901 23.56573 44.59012 23.58859 44.59904 23.61221 44.60567 23.63637 44.60995 23.66083 44.61185 23.68536 44.61133 23.70972 44.60842 23.73368 44.60313 23.757 44.59552 23.77947 44.58566 23.80086 44.57365 23.82097 44.5596 23.8396 44.54364 23.85659 44.52594 23.87175 44.50665 23.88495 44.48597 23.89606 44.4641 23.90498 44.44124 24.30146 43.25579 25.48692 43.65227 25.51054 43.6589 25.53469 43.66319 25.55916 43.66508 25.58368 43.66457 25.60804 43.66166 25.632 43.65637 25.65533 43.64876 25.67779 43.6389 25.69918 43.62689 25.71929 43.61284 25.73793 43.59688 25.75491 43.57917 25.77008 43.55989 25.78328 43.53921 25.79439 43.51734 25.8033 43.49448 25.80994 43.47086 25.81422 43.4467 25.81611 43.42224 25.8156 43.39771 25.81269 43.37335 25.8074 43.34939 25.79979 43.32607 25.78993 43.30361 25.77792 43.28221 25.76387 43.2621 25.74791 43.24347 25.73021 43.22648 25.71092 43.21132 25.69024 43.19812 25.66837 43.18701 

84
29.09806 21.77462 32.17007 20.22778 32.19142 20.21568 32.21147 20.20155 32.23005 20.18552 32.24696 20.16775 32.26206 20.14841 32.27518 20.12768 32.28621 20.10576 32.29503 20.08287 32.30157 20.05923 32.30576 20.03505 32.30756 20.01059 32.30696 19.98606 32.30395 19.96171 32.29857 19.93777 32.29088 19.91448 32.28093 19.89205 32.26883 19.87071 32.2547 19.85065 32.23868 19.83207 32.22091 19.81516 32.20156 19.80007 32.18083 19.78695 32.15892 19.77592 32.13603 19.76709 32.11238 19.76055 32.08821 19.75636 32.06374 19.75456 32.03921 19.75516 32.01487 19.75817 31.99093 19.76355 31.96763 19.77125 31.94521 19.78119 28.64991 21.44047 28.62856 21.45257 28.6085 21.4667 28.58993 21.48273 28.57301 21.5005 28.55792 21.51984 28.5448 21.54057 28.53377 21.56248 28.52495 21.58538 28.51841 21.60902 28.51422 21.63319 28.51241 21.65766 28.51302 21.68219 28.51603 21.70654 28.5214 21.73047 28.5291 21.75377 28.53905 21.7762 30.19833 25.0715 30.21042 25.09284 30.22455 25.1129 30.24058 25.13147 30.25835 25.14839 30.27769 25.16348 30.29842 25.1766 30.32034 25.18763 30.34323 25.19646 30.36688 25.203 30.39105 25.20719 30.41552 25.20899 30.44004 25.20838 30.46439 25.20538 30.48833 25.2 30.51162 25.1923 30.53405 25.18235 30.5554 25.17026 30.57545 25.15613 30.59403 25.1401 30.61094 25.12233 30.62603 25.10299 30.63916 25.08226 30.65018 25.06034 30.65901 25.03745 30.66555 25.01381 30.66974 24.98963 30.67154 24.96516 30.67094 24.94064 30.66793 24.91629 30.66255 24.89235 30.65485 24.86906 30.64491 24.84663 

66
13.0325 29.33937 13.05663 29.33491 13.0802 29.32811 13.10299 29.31903 13.12479 29.30776 13.14537 29.29441 13.16454 29.27911 13.18213 29.262 13.19795 29.24324 13.21185 29.22303 13.22371 29.20156 13.23341 29.17902 13.24085 29.15564 13.24596 29.13165 13.2487 29.10727 13.24904 29.08273 13.24696 29.05829 13.24251 29.03416 13.2357 29.01059 13.22663 28.9878 13.21536 28.96601 13.20201 28.94542 13.1867 28.92625 13.16959 28.90866 13.15084 28.89284 13.13063 28.87894 13.10915 28.86708 13.08661 28.85738 13.06324 28.84994 13.03924 28.84483 13.01486 28.84209 12.99033 28.84175 12.96588 28.84383 10.11037 29.22772 10.08625 29.23218 10.06267 29.23898 10.03988 29.24806 10.01809 29.25933 9.99751 29.27268 9.97833 29.28798 9.96075 29.30509 9.94493 29.32384 9.93102 29.34406 9.91916 29.36553 9.90947 29.38807 9.90202 29.41145 9.89691 29.43544 9.89417 29.45982 9.89384 29.48435 9.89591 29.5088 9.90037 29.53293 9.90717 29.5565 9.91625 29.57929 9.92752 29.60108 9.94087 29.62167 9.95617 29.64084 9.97328 29.65842 9.99204 29.67424 10.01225 29.68815 10.03372 29.70001 10.05626 29.70971 10.07964 29.71715 10.10363 29.72226 10.12801 29.725 10.15255 29.72533 10.17699 29.72326 

66
22.61739 27.15369 22.64026 27.1448 22.66214 27.13372 22.68284 27.12054 22.70214 27.1054 22.71987 27.08844 22.73585 27.06983 22.74993 27.04973 22.76197 27.02836 22.77185 27.0059 22.77949 26.98259 22.78481 26.95864 22.78775 26.93428 22.7883 26.90975 22.78643 26.88529 22.78218 26.86113 22.77558 26.8375 22.76669 26.81463 22.75561 26.79275 22.74243 26.77205 22.72729 26.75275 22.71033 26.73502 22.69171 26.71904 22.67162 26.70496 22.65025 26.69292 22.62779 26.68303 22.60448 26.67539 22.58053 26.67008 22.55617 26.66713 22.53164 26.66659 22.50718 26.66846 22.48302 26.67271 22.45939 26.67931 19.88658 27.53622 19.86371 27.54511 19.84182 27.55619 19.82113 27.56937 19.80182 27.58451 19.78409 27.60147 19.76811 27.62008 19.75404 27.64018 19.742 27.66155 19.73211 27.68401 19.72447 27.70732 19.71915 27.73127 19.71621 27.75563 19.71567 27.78016 19.71753 27.80462 19.72179 27.82878 19.72839 27.85241 19.73727 27.87528 19.74836 27.89717 19.76153 27.91786 19.77667 27.93717 19.79363 27.95489 19.81225 27.97087 19.83234 27.98495 19.85372 27.99699 19.87617 28.00688 19.89949 28.01452 19.92344 28.01983 19.94779 28.02278 19.97232 28.02332 19.99678 28.02146 20.02095 28.0172 20.04458 28.0106 

66
32.70331 2.4822 32.68295 2.46851 32.66134 2.45689 32.6387 2.44744 32.61524 2.44026 32.59119 2.43541 32.56678 2.43294 32.54225 2.43288 32.51782 2.43522 32.49375 2.43994 32.47025 2.447 32.44756 2.45633 32.42589 2.46784 32.40546 2.48142 32.38645 2.49693 32.36906 2.51423 32.35345 2.53316 32.33976 2.55352 32.32814 2.57513 32.31869 2.59777 32.31151 2.62123 32.30666 2.64528 32.30419 2.66969 32.30413 2.69422 32.30647 2.71864 32.31119 2.74272 32.31825 2.76621 32.32758 2.78891 32.33909 2.81057 32.35267 2.83101 32.36818 2.85001 32.38548 2.86741 32.40441 2.88302 34.57828 4.50412 34.59864 4.5178 34.62025 4.52942 34.64289 4.53887 34.66635 4.54605 34.6904 4.5509 34.71481 4.55337 34.73934 4.55344 34.76376 4.55109 34.78784 4.54637 34.81133 4.53931 34.83402 4.52998 34.85569 4.51847 34.87612 4.5049 34.89513 4.48938 34.91252 4.47208 34.92814 4.45316 34.94182 4.43279 34.95344 4.41119 34.96289 4.38854 34.97007 4.36509 34.97492 4.34104 34.97739 4.31663 34.97746 4.29209 34.97512 4.26767 34.97039 4.2436 34.96333 4.2201 34.954 4.19741 34.94249 4.17574 34.92892 4.15531 34.9134 4.1363 34.8961 4.11891 34.87718 4.10329 

66
24.52643 7.15262 24.50925 7.17013 24.49387 7.18925 24.48043 7.20977 24.46907 7.23152 24.4599 7.25427 24.453 7.27782 24.44845 7.30193 24.44627 7.32636 24.44651 7.3509 24.44915 7.37529 24.45416 7.3993 24.46151 7.42271 24.47111 7.44529 24.48288 7.46681 24.49671 7.48708 24.51245 7.5059 24.52996 7.52308 24.54908 7.53846 24.5696 7.5519 24.59135 7.56326 24.61411 7.57243 24.63765 7.57932 24.66176 7.58388 24.68619 7.58605 24.71073 7.58582 24.73512 7.58318 24.75913 7.57817 24.78254 7.57082 24.80512 7.56122 24.82664 7.54945 24.84691 7.53562 24.86573 7.51988 26.85755 5.67969 26.87474 5.66218 26.89012 5.64307 26.90355 5.62254 26.91491 5.60079 26.92408 5.57804 26.93098 5.55449 26.93554 5.53039 26.93771 5.50595 26.93748 5.48142 26.93484 5.45703 26.92982 5.43301 26.92248 5.4096 26.91287 5.38703 26.9011 5.3655 26.88728 5.34523 26.87153 5.32642 26.85402 5.30923 26.83491 5.29385 26.81438 5.28042 26.79264 5.26906 26.76988 5.25989 26.74634 5.25299 26.72223 5.24843 26.69779 5.24626 26.67326 5.24649 26.64887 5.24913 26.62485 5.25415 26.60144 5.26149 26.57887 5.2711 26.55734 5.28287 26.53707 5.29669 26.51826 5.31244 

66
39.81817 19.80401 39.84047 19.79378 39.86166 19.78141 39.88153 19.76703 39.8999 19.75077 39.91659 19.73279 39.93144 19.71326 39.9443 19.69236 39.95505 19.67031 39.96358 19.64731 39.96983 19.62358 39.97371 19.59936 39.9752 19.57487 39.97429 19.55035 39.97097 19.52604 39.96529 19.50218 39.9573 19.47898 39.94707 19.45668 39.93471 19.43549 39.92033 19.41561 39.90407 19.39724 39.88608 19.38055 39.86655 19.36571 39.84566 19.35285 39.8236 19.3421 39.8006 19.33356 39.77688 19.32732 39.75265 19.32344 39.72816 19.32194 39.70365 19.32286 39.67934 19.32617 39.65547 19.33185 39.63227 19.33985 37.11489 20.34803 37.09259 20.35826 37.0714 20.37062 37.05152 20.385 37.03315 20.40126 37.01646 20.41925 37.00162 20.43878 36.98876 20.45967 36.97801 20.48173 36.96947 20.50473 36.96323 20.52845 36.95935 20.55268 36.95785 20.57717 36.95877 20.60168 36.96208 20.62599 36.96776 20.64986 36.97576 20.67305 36.98598 20.69535 36.99835 20.71654 37.01273 20.73642 37.02899 20.75479 37.04697 20.77148 37.06651 20.78633 37.0874 20.79919 37.10945 20.80994 37.13245 20.81847 37.15618 20.82471 37.1804 20.8286 37.20489 20.83009 37.22941 20.82918 37.25372 20.82586 37.27759 20.82018 37.30078 20.81219 

66
24.58664 30.82816 24.57041 30.84656 24.55607 30.86646 24.54374 30.88768 24.53356 30.91 24.52561 30.93321 24.51998 30.95709 24.51671 30.9814 24.51584 31.00592 24.51738 31.03041 24.52131 31.05462 24.5276 31.07834 24.53618 31.10132 24.54697 31.12335 24.55987 31.14422 24.57476 31.16373 24.59148 31.18168 24.60988 31.1979 24.62979 31.21225 24.651 31.22457 24.67332 31.23476 24.69653 31.2427 24.72041 31.24834 24.74472 31.25161 24.76924 31.25247 24.79373 31.25093 24.81794 31.247 24.84166 31.24072 24.86464 31.23213 24.88668 31.22134 24.90754 31.20844 24.92705 31.19356 24.945 31.17684 26.79824 29.27212 26.81446 29.25371 26.82881 29.23381 26.84113 29.2126 26.85132 29.19028 26.85926 29.16707 26.8649 29.14319 26.86817 29.11887 26.86903 29.09435 26.86749 29.06987 26.86356 29.04565 26.85728 29.02194 26.84869 28.99895 26.8379 28.97692 26.825 28.95605 26.81012 28.93655 26.7934 28.9186 26.77499 28.90237 26.75509 28.88803 26.73388 28.8757 26.71156 28.86552 26.68834 28.85757 26.66447 28.85194 26.64015 28.84867 26.61563 28.8478 26.59115 28.84934 26.56693 28.85327 26.54322 28.85956 26.52023 28.86814 26.4982 28.87893 26.47733 28.89183 26.45783 28.90672 26.43988 28.92344 

