35
10
30.20946 18.66773 30.19429 18.65527 29.5637 18.1876 29.54738 18.1767 28.87399 17.77308 28.66835 18.11618 29.33331 18.51474 29.94811 18.9707 30.52254 19.49134 30.79117 19.19496 

7
32.23617 21.14332 32.22692 21.12601 31.8233 20.45262 31.48021 20.65826 31.87877 21.32322 32.21024 22.02404 32.57183 21.85302 

16
27.38966 17.15617 27.37087 17.15047 26.60932 16.95971 26.59007 16.95588 25.81348 16.84069 25.79395 16.83876 25.00981 16.80024 24.99019 16.80024 24.20605 16.83876 24.22568 17.23828 25.0 17.20024 25.76451 17.2378 26.52166 17.35011 27.26415 17.5361 27.99409 17.79727 28.12885 17.42065 

16
18.65527 30.19429 18.66773 30.20946 19.19496 30.79117 19.20883 30.80504 19.79054 31.33227 19.80571 31.34473 20.4363 31.8124 20.45262 31.8233 21.12601 32.22692 21.33165 31.88382 20.66669 31.48526 20.05189 31.0293 19.48474 30.51526 18.9707 29.94811 18.50888 29.32542 18.1876 29.5637 

16
21.14332 17.76383 21.12601 17.77308 20.45262 18.1767 20.4363 18.1876 19.80571 18.65527 19.79054 18.66773 19.20883 19.19496 19.19496 19.20883 18.66773 19.79054 18.96411 20.05917 19.48474 19.48474 20.05189 18.9707 20.66669 18.51474 21.32322 18.12123 22.02404 17.78976 21.85302 17.42817 

34
23.39068 33.04029 23.40993 33.04412 24.18652 33.15931 24.20605 33.16124 24.99019 33.19976 25.00981 33.19976 25.79395 33.16124 25.81348 33.15931 26.59007 33.04412 26.60932 33.04029 27.37087 32.84953 27.38966 32.84383 28.12885 32.57935 28.14698 32.57183 28.85668 32.23617 28.87399 32.22692 29.54738 31.8233 29.5637 31.8124 30.19429 31.34473 30.20946 31.33227 30.79117 30.80504 30.52254 30.50866 29.94811 31.0293 29.33331 31.48526 28.67678 31.87877 27.98484 32.20604 27.26415 32.4639 26.52166 32.64989 25.76451 32.7622 25.0 32.79976 24.23549 32.7622 23.47834 32.64989 22.72632 32.46152 22.62913 32.84953 

25
32.22692 28.87399 32.23617 28.85668 32.57183 28.14698 32.57935 28.12885 32.84383 27.38966 32.84953 27.37087 33.04029 26.60932 33.04412 26.59007 33.15931 25.81348 33.16124 25.79395 33.19976 25.00981 33.19976 24.99019 33.16124 24.20605 33.15931 24.18652 33.04412 23.40993 32.64845 23.46862 32.7622 24.23549 32.79976 25.0 32.7622 25.76451 32.64989 26.52166 32.4639 27.26415 32.20604 27.98484 31.87877 28.67678 31.48021 29.34174 31.8233 29.54738 

89
7.7 32.0 7.7 39.7 3.0 39.7 3.0 40.3 7.7 40.3 7.7 46.0 7.70144 46.02941 7.70576 46.05853 7.71292 46.08709 7.72284 46.11481 7.73542 46.14142 7.75056 46.16667 7.7681 46.19032 7.78787 46.21213 7.80968 46.2319 7.83333 46.24944 7.85858 46.26458 7.88519 46.27716 7.91291 46.28708 7.94147 46.29424 7.97059 46.29856 8.0 46.3 8.02941 46.29856 8.05853 46.29424 8.08709 46.28708 8.11481 46.27716 8.14142 46.26458 8.16667 46.24944 8.19032 46.2319 8.21213 46.21213 8.2319 46.19032 8.24944 46.16667 8.26458 46.14142 8.27716 46.11481 8.28708 46.08709 8.29424 46.05853 8.29856 46.02941 8.3 46.0 8.3 40.0 8.3 32.3 15.0 32.3 15.02941 32.29856 15.05853 32.29424 15.08709 32.28708 15.11481 32.27716 15.14142 32.26458 15.16667 32.24944 15.19032 32.2319 15.21213 32.21213 15.2319 32.19032 15.24944 32.16667 15.26458 32.14142 15.27716 32.11481 15.28708 32.08709 15.29424 32.05853 15.29856 32.02941 15.3 32.0 15.29856 31.97059 15.29424 31.94147 15.28708 31.91291 15.27716 31.88519 15.26458 31.85858 15.24944 31.83333 15.2319 31.80968 15.21213 31.78787 15.19032 31.7681 15.16667 31.75056 15.14142 31.73542 15.11481 31.72284 15.08709 31.71292 15.05853 31.70576 15.02941 31.70144 15.0 31.7 8.0 31.7 7.97059 31.70144 7.94147 31.70576 7.91291 31.71292 7.88519 31.72284 7.85858 31.73542 7.83333 31.75056 7.80968 31.7681 7.78787 31.78787 7.7681 31.80968 7.75056 31.83333 7.73542 31.85858 7.72284 31.88519 7.71292 31.91291 7.70576 31.94147 7.70144 31.97059 

89
34.7 32.0 34.70144 32.02941 34.70576 32.05853 34.71292 32.08709 34.72284 32.11481 34.73542 32.14142 34.75056 32.16667 34.7681 32.19032 34.78787 32.21213 34.80968 32.2319 34.83333 32.24944 34.85858 32.26458 34.88519 32.27716 34.91291 32.28708 34.94147 32.29424 34.97059 32.29856 35.0 32.3 41.7 32.3 41.7 40.0 41.7 46.0 41.70144 46.02941 41.70576 46.05853 41.71292 46.08709 41.72284 46.11481 41.73542 46.14142 41.75056 46.16667 41.7681 46.19032 41.78787 46.21213 41.80968 46.2319 41.83333 46.24944 41.85858 46.26458 41.88519 46.27716 41.91291 46.28708 41.94147 46.29424 41.97059 46.29856 42.0 46.3 42.02941 46.29856 42.05853 46.29424 42.08709 46.28708 42.11481 46.27716 42.14142 46.26458 42.16667 46.24944 42.19032 46.2319 42.21213 46.21213 42.2319 46.19032 42.24944 46.16667 42.26458 46.14142 42.27716 46.11481 42.28708 46.08709 42.29424 46.05853 42.29856 46.02941 42.3 46.0 42.3 40.3 47.0 40.3 47.0 39.7 42.3 39.7 42.3 32.0 42.29856 31.97059 42.29424 31.94147 42.28708 31.91291 42.27716 31.88519 42.26458 31.85858 42.24944 31.83333 42.2319 31.80968 42.21213 31.78787 42.19032 31.7681 42.16667 31.75056 42.14142 31.73542 42.11481 31.72284 42.08709 31.71292 42.05853 31.70576 42.02941 31.70144 42.0 31.7 35.0 31.7 34.97059 31.70144 34.94147 31.70576 34.91291 31.71292 34.88519 31.72284 34.85858 31.73542 34.83333 31.75056 34.80968 31.7681 34.78787 31.78787 34.7681 31.80968 34.75056 31.83333 34.73542 31.85858 34.72284 31.88519 34.71292 31.91291 34.70576 31.94147 34.70144 31.97059 

89
7.7 4.0 7.7 9.7 3.0 9.7 3.0 10.3 7.7 10.3 7.7 18.0 7.70144 18.02941 7.70576 18.05853 7.71292 18.08709 7.72284 18.11481 7.73542 18.14142 7.75056 18.16667 7.7681 18.19032 7.78787 18.21213 7.80968 18.2319 7.83333 18.24944 7.85858 18.26458 7.88519 18.27716 7.91291 18.28708 7.94147 18.29424 7.97059 18.29856 8.0 18.3 15.0 18.3 15.02941 18.29856 15.05853 18.29424 15.08709 18.28708 15.11481 18.27716 15.14142 18.26458 15.16667 18.24944 15.19032 18.2319 15.21213 18.21213 15.2319 18.19032 15.24944 18.16667 15.26458 18.14142 15.27716 18.11481 15.28708 18.08709 15.29424 18.05853 15.29856 18.02941 15.3 18.0 15.29856 17.97059 15.29424 17.94147 15.28708 17.91291 15.27716 17.88519 15.26458 17.85858 15.24944 17.83333 15.2319 17.80968 15.21213 17.78787 15.19032 17.7681 15.16667 17.75056 15.14142 17.73542 15.11481 17.72284 15.08709 17.71292 15.05853 17.70576 15.02941 17.70144 15.0 17.7 8.3 17.7 8.3 10.0 8.3 4.0 8.29856 3.97059 8.29424 3.94147 8.28708 3.91291 8.27716 3.88519 8.26458 3.85858 8.24944 3.83333 8.2319 3.80968 8.21213 3.78787 8.19032 3.7681 8.16667 3.75056 8.14142 3.73542 8.11481 3.72284 8.08709 3.71292 8.05853 3.70576 8.02941 3.70144 8.0 3.7 7.97059 3.70144 7.94147 3.70576 7.91291 3.71292 7.88519 3.72284 7.85858 3.73542 7.83333 3.75056 7.80968 3.7681 7.78787 3.78787 7.7681 3.80968 7.75056 3.83333 7.73542 3.85858 7.72284 3.88519 7.71292 3.91291 7.70576 3.94147 7.70144 3.97059 

89
34.7 18.0 34.70144 18.02941 34.70576 18.05853 34.71292 18.08709 34.72284 18.11481 34.73542 18.14142 34.75056 18.16667 34.7681 18.19032 34.78787 18.21213 34.80968 18.2319 34.83333 18.24944 34.85858 18.26458 34.88519 18.27716 34.91291 18.28708 34.94147 18.29424 34.97059 18.29856 35.0 18.3 42.0 18.3 42.02941 18.29856 42.05853 18.29424 42.08709 18.28708 42.11481 18.27716 42.14142 18.26458 42.16667 18.24944 42.19032 18.2319 42.21213 18.21213 42.2319 18.19032 42.24944 18.16667 42.26458 18.14142 42.27716 18.11481 42.28708 18.08709 42.29424 18.05853 42.29856 18.02941 42.3 18.0 42.3 10.3 47.0 10.3 47.0 9.7 42.3 9.7 42.3 4.0 42.29856 3.97059 42.29424 3.94147 42.28708 3.91291 42.27716 3.88519 42.26458 3.85858 42.24944 3.83333 42.2319 3.80968 42.21213 3.78787 42.19032 3.7681 42.16667 3.75056 42.14142 3.73542 42.11481 3.72284 42.08709 3.71292 42.05853 3.70576 42.02941 3.70144 42.0 3.7 41.97059 3.70144 41.94147 3.70576 41.91291 3.71292 41.88519 3.72284 41.85858 3.73542 41.83333 3.75056 41.80968 3.7681 41.78787 3.78787 41.7681 3.80968 41.75056 3.83333 41.73542 3.85858 41.72284 3.88519 41.71292 3.91291 41.70576 3.94147 41.70144 3.97059 41.7 4.0 41.7 10.0 41.7 17.7 35.0 17.7 34.97059 17.70144 34.94147 17.70576 34.91291 17.71292 34.88519 17.72284 34.85858 17.73542 34.83333 17.75056 34.80968 17.7681 34.78787 17.78787 34.7681 17.80968 34.75056 17.83333 34.73542 17.85858 34.72284 17.88519 34.71292 17.91291 34.70576 17.94147 34.70144 17.97059 

22
20.3 42.0 20.29856 41.97059 20.29424 41.94147 20.28708 41.91291 20.27716 41.88519 20.26458 41.85858 20.24944 41.83333 20.2319 41.80968 20.21213 41.78787 20.19032 41.7681 20.16667 41.75056 20.14142 41.73542 20.11481 41.72284 20.08709 41.71292 20.05853 41.70576 20.02941 41.70144 20.0 41.7 13.0 41.7 13.0 42.3 19.7 42.3 19.7 50 20.3 50 

22
30.3 42.3 37.0 42.3 37.0 41.7 30.0 41.7 29.97059 41.70144 29.94147 41.70576 29.91291 41.71292 29.88519 41.72284 29.85858 41.73542 29.83333 41.75056 29.80968 41.7681 29.78787 41.78787 29.7681 41.80968 29.75056 41.83333 29.73542 41.85858 29.72284 41.88519 29.71292 41.91291 29.70576 41.94147 29.70144 41.97059 29.7 42.0 29.7 50 30.3 50 

22
19.7 7.7 13.0 7.7 13.0 8.3 20.0 8.3 20.02941 8.29856 20.05853 8.29424 20.08709 8.28708 20.11481 8.27716 20.14142 8.26458 20.16667 8.24944 20.19032 8.2319 20.21213 8.21213 20.2319 8.19032 20.24944 8.16667 20.26458 8.14142 20.27716 8.11481 20.28708 8.08709 20.29424 8.05853 20.29856 8.02941 20.3 8.0 20.3 0 19.7 0 

22
29.7 8.0 29.70144 8.02941 29.70576 8.05853 29.71292 8.08709 29.72284 8.11481 29.73542 8.14142 29.75056 8.16667 29.7681 8.19032 29.78787 8.21213 29.80968 8.2319 29.83333 8.24944 29.85858 8.26458 29.88519 8.27716 29.91291 8.28708 29.94147 8.29424 29.97059 8.29856 30.0 8.3 37.0 8.3 37.0 7.7 30.3 7.7 30.3 0 29.7 0 

74
3.7 21.0 3.7 24.7 0 24.7 0 25.3 3.7 25.3 3.7 29.0 3.70144 29.02941 3.70576 29.05853 3.71292 29.08709 3.72284 29.11481 3.73542 29.14142 3.75056 29.16667 3.7681 29.19032 3.78787 29.21213 3.80968 29.2319 3.83333 29.24944 3.85858 29.26458 3.88519 29.27716 3.91291 29.28708 3.94147 29.29424 3.97059 29.29856 4.0 29.3 4.02941 29.29856 4.05853 29.29424 4.08709 29.28708 4.11481 29.27716 4.14142 29.26458 4.16667 29.24944 4.19032 29.2319 4.21213 29.21213 4.2319 29.19032 4.24944 29.16667 4.26458 29.14142 4.27716 29.11481 4.28708 29.08709 4.29424 29.05853 4.29856 29.02941 4.3 29.0 4.3 25.3 8.0 25.3 8.0 24.7 4.3 24.7 4.3 21.0 4.29856 20.97059 4.29424 20.94147 4.28708 20.91291 4.27716 20.88519 4.26458 20.85858 4.24944 20.83333 4.2319 20.80968 4.21213 20.78787 4.19032 20.7681 4.16667 20.75056 4.14142 20.73542 4.11481 20.72284 4.08709 20.71292 4.05853 20.70576 4.02941 20.70144 4.0 20.7 3.97059 20.70144 3.94147 20.70576 3.91291 20.71292 3.88519 20.72284 3.85858 20.73542 3.83333 20.75056 3.80968 20.7681 3.78787 20.78787 3.7681 20.80968 3.75056 20.83333 3.73542 20.85858 3.72284 20.88519 3.71292 20.91291 3.70576 20.94147 3.70144 20.97059 

74
45.7 21.0 45.7 24.7 42.0 24.7 42.0 25.3 45.7 25.3 45.7 29.0 45.70144 29.02941 45.70576 29.05853 45.71292 29.08709 45.72284 29.11481 45.73542 29.14142 45.75056 29.16667 45.7681 29.19032 45.78787 29.21213 45.80968 29.2319 45.83333 29.24944 45.85858 29.26458 45.88519 29.27716 45.91291 29.28708 45.94147 29.29424 45.97059 29.29856 46.0 29.3 46.02941 29.29856 46.05853 29.29424 46.08709 29.28708 46.11481 29.27716 46.14142 29.26458 46.16667 29.24944 46.19032 29.2319 46.21213 29.21213 46.2319 29.19032 46.24944 29.16667 46.26458 29.14142 46.27716 29.11481 46.28708 29.08709 46.29424 29.05853 46.29856 29.02941 46.3 29.0 46.3 25.3 50 25.3 50 24.7 46.3 24.7 46.3 21.0 46.29856 20.97059 46.29424 20.94147 46.28708 20.91291 46.27716 20.88519 46.26458 20.85858 46.24944 20.83333 46.2319 20.80968 46.21213 20.78787 46.19032 20.7681 46.16667 20.75056 46.14142 20.73542 46.11481 20.72284 46.08709 20.71292 46.05853 20.70576 46.02941 20.70144 46.0 20.7 45.97059 20.70144 45.94147 20.70576 45.91291 20.71292 45.88519 20.72284 45.85858 20.73542 45.83333 20.75056 45.80968 20.7681 45.78787 20.78787 45.7681 20.80968 45.75056 20.83333 45.73542 20.85858 45.72284 20.88519 45.71292 20.91291 45.70576 20.94147 45.70144 20.97059 

4
32.72188 18.74634 34.3433 15.34863 30.94559 13.7272 29.32416 17.12492 

3
27.29756 42.76414 23.2251 42.63118 23.79305 46.04706 

3
21.60872 26.27617 17.94373 24.90445 17.41147 28.18722 

3
28.89665 41.49434 30.37964 37.87295 27.11464 37.24069 

102
43.6051 28.926 43.15784 32.33627 43.15585 32.36072 43.15626 32.38525 43.15908 32.40962 43.16427 32.4336 43.17179 32.45696 43.18156 32.47946 43.19348 32.5009 43.20746 32.52107 43.22334 32.53977 43.24098 32.55682 43.2602 32.57206 43.28083 32.58535 43.30266 32.59654 43.32548 32.60555 43.34907 32.61227 43.37321 32.61665 47.03136 33.09642 47.05581 33.09841 47.08034 33.098 47.10471 33.09518 47.12869 33.08999 47.15205 33.08247 47.17455 33.0727 47.19599 33.06077 47.21616 33.0468 47.23486 33.03092 47.25191 33.01328 47.26715 32.99406 47.28043 32.97343 47.29163 32.9516 47.30064 32.92878 47.30736 32.90519 47.31174 32.88105 47.31374 32.8566 47.31332 32.83207 47.31051 32.80769 47.30532 32.78372 47.2978 32.76036 47.28803 32.73786 47.2761 32.71642 47.26213 32.69625 47.24625 32.67755 47.22861 32.6605 47.20939 32.64526 47.18876 32.63197 47.16693 32.62077 47.14411 32.61177 47.12052 32.60504 47.09638 32.60066 43.68611 32.15341 44.13336 28.74314 44.13535 28.71869 44.13494 28.69416 44.13212 28.66978 44.12693 28.64581 44.11942 28.62245 44.10965 28.59995 44.09772 28.57851 44.08375 28.55834 44.06786 28.53964 44.05023 28.52259 44.031 28.50735 44.01038 28.49406 43.98855 28.48286 43.96573 28.47386 43.94213 28.46713 43.91799 28.46275 40.25984 27.98299 40.23539 27.981 40.21086 27.98141 40.18649 27.98423 40.16251 27.98942 40.13916 27.99694 40.11665 28.00671 40.09521 28.01863 40.07505 28.03261 40.05635 28.04849 40.03929 28.06613 40.02405 28.08535 40.01077 28.10598 39.99957 28.1278 39.99056 28.15063 39.98384 28.17422 39.97946 28.19836 39.97747 28.22281 39.97788 28.24734 39.9807 28.27171 39.98589 28.29569 39.9934 28.31905 40.00317 28.34155 40.0151 28.36299 40.02907 28.38316 40.04495 28.40186 40.06259 28.41891 40.08182 28.43415 40.10244 28.44744 40.12427 28.45864 40.14709 28.46764 40.17069 28.47437 40.19483 28.47875 

136
28.29076 24.5612 28.89685 23.53642 29.92164 24.14251 29.94334 24.15395 29.96606 24.1632 29.98958 24.17018 30.01367 24.17483 30.0381 24.17709 30.06263 24.17695 30.08703 24.1744 30.11107 24.16947 30.1345 24.16221 30.15711 24.15269 30.17868 24.141 30.199 24.12725 30.21787 24.11157 30.23512 24.09412 30.25057 24.07507 30.26408 24.05459 30.27552 24.03289 30.28478 24.01016 30.29176 23.98665 30.29641 23.96256 30.29867 23.93813 30.29852 23.91359 30.29598 23.88919 30.29105 23.86516 30.28379 23.84172 30.27427 23.81911 30.26258 23.79754 30.24883 23.77722 30.23315 23.75835 30.2157 23.74111 30.19665 23.72565 30.17617 23.71214 29.15138 23.10605 29.75747 22.08127 29.76891 22.05956 29.77817 22.03684 29.78515 22.01332 29.7898 21.98923 29.79206 21.9648 29.79191 21.94027 29.78936 21.91587 29.78444 21.89184 29.77718 21.8684 29.76766 21.84579 29.75596 21.82422 29.74221 21.8039 29.72654 21.78503 29.70909 21.76778 29.69003 21.75233 29.66956 21.73882 29.64785 21.72738 29.62513 21.71813 29.60161 21.71114 29.57752 21.7065 29.55309 21.70424 29.52856 21.70438 29.50416 21.70693 29.48012 21.71185 29.45669 21.71911 29.43408 21.72864 29.41251 21.74033 29.39219 21.75408 29.37332 21.76975 29.35607 21.7872 29.34062 21.80626 29.32711 21.82674 28.72102 22.85152 27.69623 22.24543 27.67453 22.23399 27.65181 22.22474 27.62829 22.21775 27.6042 22.21311 27.57977 22.21085 27.55524 22.21099 27.53084 22.21354 27.5068 22.21847 27.48337 22.22573 27.46075 22.23525 27.43919 22.24694 27.41887 22.26069 27.39999 22.27636 27.38275 22.29381 27.3673 22.31287 27.35379 22.33335 27.34235 22.35505 27.33309 22.37777 27.32611 22.40129 27.32146 22.42538 27.3192 22.44981 27.31934 22.47434 27.32189 22.49875 27.32682 22.52278 27.33408 22.54622 27.3436 22.56883 27.35529 22.59039 27.36904 22.61071 27.38472 22.62959 27.40217 22.64683 27.42122 22.66229 27.4417 22.6758 28.46649 23.28189 27.8604 24.30667 27.84896 24.32837 27.8397 24.3511 27.83272 24.37461 27.82807 24.3987 27.82581 24.42313 27.82596 24.44767 27.8285 24.47207 27.83343 24.4961 27.84069 24.51954 27.85021 24.54215 27.8619 24.56372 27.87565 24.58404 27.89133 24.60291 27.90878 24.62016 27.92783 24.63561 27.94831 24.64912 27.97002 24.66056 27.99274 24.66981 28.01626 24.6768 28.04035 24.68144 28.06478 24.6837 28.08931 24.68356 28.11371 24.68101 28.13775 24.67608 28.16118 24.66882 28.18379 24.6593 28.20536 24.64761 28.22568 24.63386 28.24455 24.61819 28.2618 24.60074 28.27725 24.58168 

136
20.20031 34.49839 20.34876 35.67969 19.16745 35.82815 19.14329 35.8324 19.11966 35.839 19.09679 35.84788 19.0749 35.85896 19.05421 35.87213 19.0349 35.88727 19.01717 35.90423 19.00119 35.92285 18.98711 35.94294 18.97506 35.96431 18.96517 35.98676 18.95753 36.01008 18.95221 36.03403 18.94926 36.05838 18.94872 36.08291 18.95058 36.10737 18.95483 36.13154 18.96143 36.15517 18.97031 36.17804 18.98139 36.19992 18.99456 36.22062 19.0097 36.23993 19.02666 36.25766 19.04527 36.27364 19.06536 36.28772 19.08674 36.29976 19.10919 36.30965 19.1325 36.3173 19.15645 36.32262 19.18081 36.32556 19.20534 36.32611 19.2298 36.32425 20.41111 36.17579 20.55957 37.3571 20.56382 37.38126 20.57041 37.40489 20.5793 37.42776 20.59038 37.44965 20.60355 37.47035 20.61869 37.48965 20.63565 37.50738 20.65426 37.52337 20.67435 37.53745 20.69573 37.54949 20.71818 37.55938 20.74149 37.56702 20.76544 37.57234 20.7898 37.57529 20.81432 37.57584 20.83879 37.57398 20.86295 37.56973 20.88658 37.56313 20.90945 37.55425 20.93134 37.54316 20.95204 37.52999 20.97134 37.51485 20.98907 37.4979 21.00505 37.47928 21.01913 37.45919 21.03118 37.43782 21.04107 37.41536 21.04871 37.39205 21.05403 37.3681 21.05698 37.34374 21.05752 37.31922 21.05566 37.29475 20.90721 36.11345 22.08851 35.96499 22.11268 35.96074 22.13631 35.95414 22.15918 35.94526 22.18107 35.93418 22.20176 35.921 22.22107 35.90587 22.2388 35.88891 22.25478 35.87029 22.26886 35.8502 22.28091 35.82883 22.2908 35.80638 22.29844 35.78306 22.30376 35.75911 22.30671 35.73476 22.30725 35.71023 22.30539 35.68577 22.30114 35.6616 22.29454 35.63797 22.28566 35.6151 22.27458 35.59322 22.26141 35.57252 22.24627 35.55321 22.22931 35.53548 22.2107 35.5195 22.19061 35.50542 22.16923 35.49338 22.14678 35.48349 22.12347 35.47584 22.09952 35.47052 22.07516 35.46758 22.05063 35.46703 22.02617 35.46889 20.84486 35.61735 20.6964 34.43604 20.69215 34.41188 20.68556 34.38825 20.67667 34.36538 20.66559 34.34349 20.65242 34.32279 20.63728 34.30348 20.62032 34.28576 20.60171 34.26977 20.58162 34.25569 20.56024 34.24365 20.53779 34.23376 20.51448 34.22612 20.49053 34.2208 20.46617 34.21785 20.44164 34.2173 20.41718 34.21916 20.39302 34.22341 20.36939 34.23001 20.34652 34.23889 20.32463 34.24997 20.30393 34.26315 20.28463 34.27829 20.2669 34.29524 20.25091 34.31386 20.23683 34.33395 20.22479 34.35532 20.2149 34.37778 20.20726 34.40109 20.20194 34.42504 20.19899 34.44939 20.19844 34.47392 

136
14.86853 22.47388 15.66629 21.59007 16.5501 22.38783 16.56909 22.40336 16.58952 22.41694 16.61118 22.42847 16.63386 22.43781 16.65736 22.44488 16.68143 22.44962 16.70585 22.45197 16.73038 22.45192 16.75479 22.44947 16.77885 22.44463 16.80231 22.43746 16.82496 22.42803 16.84657 22.41642 16.86694 22.40275 16.88587 22.38715 16.90319 22.36976 16.91871 22.35077 16.9323 22.33034 16.94382 22.30868 16.95316 22.28599 16.96024 22.2625 16.96498 22.23843 16.96733 22.21401 16.96728 22.18947 16.96483 22.16506 16.95999 22.14101 16.95282 22.11755 16.94339 22.0949 16.93178 22.07329 16.9181 22.05292 16.9025 22.03398 16.88512 22.01667 16.00131 21.21891 16.79907 20.33511 16.8146 20.31611 16.82818 20.29569 16.83971 20.27402 16.84905 20.25134 16.85612 20.22785 16.86086 20.20378 16.86321 20.17935 16.86316 20.15482 16.86071 20.13041 16.85587 20.10636 16.8487 20.08289 16.83927 20.06025 16.82766 20.03863 16.81399 20.01826 16.79839 19.99933 16.781 19.98202 16.76201 19.96649 16.74158 19.9529 16.71992 19.94138 16.69723 19.93204 16.67374 19.92497 16.64967 19.92023 16.62525 19.91787 16.60071 19.91792 16.5763 19.92038 16.55225 19.92521 16.52879 19.93238 16.50614 19.94182 16.48453 19.95343 16.46416 19.9671 16.44522 19.9827 16.42791 20.00009 15.63015 20.88389 14.74635 20.08613 14.72735 20.07061 14.70692 20.05702 14.68526 20.0455 14.66258 20.03616 14.63909 20.02908 14.61502 20.02434 14.59059 20.02199 14.56606 20.02204 14.54165 20.02449 14.5176 20.02933 14.49413 20.0365 14.47149 20.04593 14.44987 20.05754 14.4295 20.07122 14.41057 20.08682 14.39326 20.1042 14.37773 20.1232 14.36414 20.14363 14.35262 20.16529 14.34328 20.18797 14.33621 20.21146 14.33147 20.23553 14.32911 20.25996 14.32916 20.28449 14.33162 20.3089 14.33645 20.33295 14.34362 20.35642 14.35306 20.37906 14.36467 20.40068 14.37834 20.42105 14.39394 20.43998 14.41133 20.45729 15.29513 21.25505 14.49737 22.13886 14.48185 22.15785 14.46826 22.17828 14.45674 22.19994 14.4474 22.22262 14.44032 22.24612 14.43558 22.27019 14.43323 22.29461 14.43328 22.31914 14.43573 22.34355 14.44057 22.36761 14.44774 22.39107 14.45717 22.41372 14.46878 22.43533 14.48246 22.4557 14.49806 22.47463 14.51544 22.49195 14.53444 22.50747 14.55486 22.52106 14.57653 22.53258 14.59921 22.54192 14.6227 22.549 14.64677 22.55374 14.6712 22.55609 14.69573 22.55604 14.72014 22.55359 14.74419 22.54875 14.76766 22.54158 14.7903 22.53215 14.81192 22.52054 14.83229 22.50686 14.85122 22.49126 

136
4.12711 29.96405 3.4359 30.89785 2.5021 30.20665 2.48169 30.19304 2.46004 30.18149 2.43736 30.17212 2.41388 30.16502 2.38981 30.16026 2.3654 30.15788 2.34086 30.1579 2.31645 30.16033 2.29239 30.16514 2.26892 30.17228 2.24626 30.18169 2.22464 30.19328 2.20425 30.20693 2.1853 30.22251 2.16797 30.23987 2.15242 30.25885 2.13881 30.27926 2.12726 30.30091 2.1179 30.32358 2.1108 30.34707 2.10603 30.37114 2.10365 30.39555 2.10367 30.42009 2.1061 30.4445 2.11091 30.46856 2.11805 30.49203 2.12746 30.51469 2.13905 30.53631 2.1527 30.5567 2.16828 30.57565 2.18564 30.59298 2.20462 30.60853 3.13842 31.29974 2.44722 32.23354 2.43361 32.25395 2.42206 32.2756 2.41269 32.29827 2.40559 32.32176 2.40083 32.34582 2.39845 32.37024 2.39847 32.39477 2.4009 32.41919 2.40571 32.44325 2.41285 32.46672 2.42226 32.48937 2.43385 32.511 2.4475 32.53139 2.46308 32.55034 2.48044 32.56767 2.49942 32.58321 2.51983 32.59683 2.54148 32.60837 2.56415 32.61774 2.58764 32.62484 2.61171 32.6296 2.63612 32.63198 2.66066 32.63196 2.68507 32.62953 2.70913 32.62473 2.7326 32.61758 2.75526 32.60817 2.77688 32.59659 2.79727 32.58294 2.81622 32.56736 2.83355 32.54999 2.8491 32.53101 3.54031 31.59721 4.47411 32.28842 4.49452 32.30203 4.51617 32.31357 4.53884 32.32294 4.56233 32.33004 4.58639 32.33481 4.61081 32.33719 4.63534 32.33717 4.65976 32.33474 4.68382 32.32993 4.70729 32.32279 4.72994 32.31338 4.75157 32.30179 4.77196 32.28814 4.79091 32.27256 4.80824 32.2552 4.82378 32.23622 4.8374 32.2158 4.84894 32.19416 4.85831 32.17148 4.86541 32.148 4.87017 32.12393 4.87255 32.09951 4.87253 32.07498 4.8701 32.05057 4.8653 32.02651 4.85815 32.00304 4.84874 31.98038 4.83716 31.95875 4.82351 31.93837 4.80793 31.91942 4.79056 31.90208 4.77158 31.88654 3.83778 31.19533 4.52899 30.26153 4.5426 30.24112 4.55414 30.21947 4.56351 30.19679 4.57061 30.17331 4.57538 30.14924 4.57776 30.12483 4.57774 30.10029 4.57531 30.07588 4.5705 30.05182 4.56336 30.02835 4.55395 30.00569 4.54236 29.98407 4.52871 29.96368 4.51313 29.94473 4.49577 29.9274 4.47679 29.91185 4.45637 29.89824 4.43473 29.88669 4.41205 29.87733 4.38857 29.87023 4.3645 29.86546 4.34008 29.86308 4.31555 29.8631 4.29114 29.86553 4.26708 29.87034 4.24361 29.87748 4.22095 29.88689 4.19932 29.89848 4.17894 29.91213 4.15999 29.92771 4.14265 29.94507 

66
18.72583 14.64976 18.73006 14.67392 18.73664 14.69756 18.74551 14.72043 18.75657 14.74233 18.76973 14.76304 18.78485 14.78236 18.8018 14.8001 18.8204 14.8161 18.84048 14.83019 18.86184 14.84225 18.88429 14.85216 18.90759 14.85982 18.93154 14.86516 18.95589 14.86813 18.98042 14.86869 19.00488 14.86685 19.02905 14.86262 19.05269 14.85604 19.07556 14.84718 19.09746 14.83611 19.11817 14.82296 19.13749 14.80783 19.15523 14.79089 19.17123 14.77229 19.18532 14.75221 19.19738 14.73084 19.20729 14.7084 19.21495 14.68509 19.22029 14.66115 19.22326 14.63679 19.22382 14.61227 19.22198 14.5878 18.85768 11.67046 18.85345 11.64629 18.84687 11.62266 18.83801 11.59978 18.82695 11.57788 18.81379 11.55718 18.79867 11.53786 18.78172 11.52011 18.76312 11.50412 18.74304 11.49002 18.72168 11.47796 18.69923 11.46805 18.67592 11.46039 18.65198 11.45505 18.62763 11.45209 18.6031 11.45152 18.57863 11.45336 18.55447 11.45759 18.53083 11.46417 18.50796 11.47304 18.48606 11.4841 18.46535 11.49726 18.44603 11.51238 18.42829 11.52933 18.41229 11.54793 18.3982 11.56801 18.38614 11.58937 18.37623 11.61182 18.36857 11.63512 18.36323 11.65907 18.36026 11.68342 18.3597 11.70795 18.36154 11.73241 

66
33.02086 11.35115 33.04533 11.34944 33.06952 11.34535 33.09319 11.3389 33.11612 11.33016 33.13808 11.31922 33.15886 11.30618 33.17826 11.29116 33.19609 11.27432 33.21219 11.25581 33.2264 11.23581 33.23858 11.21451 33.24861 11.19212 33.2564 11.16885 33.26188 11.14494 33.26498 11.1206 33.26568 11.09608 33.26397 11.0716 33.25988 11.04741 33.25343 11.02374 33.24469 11.00082 33.23375 10.97886 33.22071 10.95808 33.20569 10.93868 33.18885 10.92084 33.17034 10.90474 33.15034 10.89053 33.12904 10.87835 33.10665 10.86832 33.08338 10.86053 33.05947 10.85506 33.03513 10.85196 33.01061 10.85125 30.13001 10.91031 30.10554 10.91201 30.08135 10.91611 30.05768 10.92256 30.03475 10.93129 30.01279 10.94224 29.99201 10.95528 29.97261 10.97029 29.95477 10.98714 29.93867 11.00565 29.92447 11.02565 29.91229 11.04695 29.90226 11.06934 29.89447 11.0926 29.88899 11.11652 29.88589 11.14085 29.88519 11.16538 29.8869 11.18985 29.89099 11.21404 29.89744 11.23771 29.90618 11.26064 29.91712 11.2826 29.93016 11.30338 29.94518 11.32278 29.96202 11.34062 29.98053 11.35672 30.00053 11.37092 30.02183 11.3831 30.04422 11.39314 30.06748 11.40093 30.0914 11.4064 30.11574 11.4095 30.14026 11.4102 

66
37.00123 29.15058 37.02575 29.15153 37.05024 29.15007 37.07447 29.14622 37.0982 29.14001 37.12121 29.1315 37.14328 29.12078 37.16419 29.10794 37.18374 29.09312 37.20175 29.07646 37.21803 29.05811 37.23244 29.03825 37.24483 29.01708 37.25509 28.99479 37.26311 28.9716 37.26882 28.94775 37.27217 28.92344 37.27311 28.89892 37.27165 28.87443 37.2678 28.85021 37.26159 28.82647 37.25308 28.80346 37.24236 28.78139 37.22953 28.76048 37.21471 28.74093 37.19804 28.72293 37.17969 28.70664 37.15983 28.69223 37.13866 28.67984 37.11637 28.66958 37.09319 28.66156 37.06933 28.65585 37.04502 28.6525 34.2323 28.4052 34.20778 28.40425 34.18329 28.40571 34.15906 28.40957 34.13533 28.41578 34.11232 28.42428 34.09025 28.435 34.06934 28.44784 34.04979 28.46266 34.03178 28.47932 34.0155 28.49767 34.00109 28.51753 33.9887 28.5387 33.97844 28.56099 33.97042 28.58418 33.96471 28.60804 33.96136 28.63234 33.96042 28.65686 33.96188 28.68135 33.96573 28.70558 33.97194 28.72931 33.98045 28.75232 33.99117 28.77439 34.004 28.7953 34.01882 28.81485 34.03549 28.83286 34.05384 28.84914 34.0737 28.86355 34.09487 28.87594 34.11716 28.8862 34.14034 28.89422 34.1642 28.89993 34.18851 28.90328 

66
10.18953 47.55002 10.16558 47.55534 10.14227 47.56299 10.11982 47.57288 10.09845 47.58492 10.07836 47.59901 10.05975 47.61499 10.04279 47.63272 10.02765 47.65203 10.01448 47.67273 10.0034 47.69462 9.99453 47.71749 9.98793 47.74112 9.98368 47.76528 9.98182 47.78975 9.98237 47.81428 9.98532 47.83863 9.99065 47.86258 9.99829 47.88589 10.00818 47.90834 10.02023 47.92972 10.03431 47.94981 10.0503 47.96842 10.06803 47.98537 10.08733 48.00051 10.10803 48.01368 10.12992 48.02476 10.15279 48.03364 10.17642 48.04024 10.20059 48.04448 10.22505 48.04634 10.24958 48.04579 10.27394 48.04284 13.00133 47.57575 13.02528 47.57043 13.04859 47.56279 13.07104 47.55289 13.09242 47.54085 13.11251 47.52676 13.13112 47.51078 13.14808 47.49305 13.16321 47.47374 13.17638 47.45304 13.18746 47.43115 13.19634 47.40828 13.20294 47.38465 13.20718 47.36049 13.20904 47.33602 13.20849 47.3115 13.20554 47.28714 13.20022 47.26319 13.19258 47.23988 13.18268 47.21743 13.17064 47.19605 13.15655 47.17596 13.14057 47.15735 13.12284 47.1404 13.10353 47.12526 13.08283 47.11209 13.06094 47.10101 13.03807 47.09213 13.01444 47.08554 12.99028 47.08129 12.96581 47.07943 12.94129 47.07998 12.91693 47.08293 

66
26.57859 1.0313 26.58993 1.00954 26.59909 0.98678 26.60597 0.96324 26.61052 0.93913 26.61267 0.91469 26.61242 0.89015 26.60977 0.86576 26.60474 0.84175 26.59738 0.81835 26.58776 0.79578 26.57598 0.77426 26.56214 0.754 26.54639 0.73519 26.52887 0.71802 26.50974 0.70265 26.48921 0.68923 26.46745 0.67788 26.44469 0.66873 26.42115 0.66184 26.39704 0.6573 26.3726 0.65514 26.34806 0.65539 26.32367 0.65804 26.29966 0.66307 26.27626 0.67043 26.25369 0.68005 26.23217 0.69184 26.21191 0.70567 26.1931 0.72143 26.17593 0.73895 26.16056 0.75807 26.14714 0.77861 24.77668 3.11859 24.76533 3.14034 24.75618 3.1631 24.74929 3.18665 24.74475 3.21076 24.74259 3.2352 24.74284 3.25973 24.74549 3.28412 24.75052 3.30813 24.75788 3.33154 24.7675 3.35411 24.77929 3.37563 24.79312 3.39589 24.80888 3.41469 24.8264 3.43186 24.84552 3.44723 24.86606 3.46066 24.88781 3.472 24.91057 3.48116 24.93412 3.48804 24.95823 3.49258 24.98267 3.49474 25.0072 3.49449 25.03159 3.49184 25.05561 3.48681 25.07901 3.47945 25.10158 3.46983 25.1231 3.45805 25.14336 3.44421 25.16216 3.42846 25.17933 3.41093 25.19471 3.39181 25.20813 3.37128 

66
22.27523 6.51747 22.27024 6.49344 22.26293 6.47003 22.25336 6.44744 22.24161 6.42589 22.22782 6.40561 22.2121 6.38677 22.19461 6.36957 22.17552 6.35416 22.15501 6.34069 22.13328 6.32931 22.11054 6.3201 22.087 6.31317 22.0629 6.30858 22.03846 6.30638 22.01393 6.30658 21.98954 6.30918 21.96551 6.31417 21.9421 6.32148 21.91951 6.33105 21.89797 6.3428 21.87768 6.35659 21.85884 6.37231 21.84164 6.3898 21.82623 6.40889 21.81276 6.4294 21.80138 6.45113 21.79217 6.47387 21.78524 6.49741 21.78065 6.52151 21.77845 6.54594 21.77865 6.57048 21.78125 6.59487 22.19268 9.22036 22.19766 9.24438 22.20497 9.2678 22.21455 9.29039 22.22629 9.31193 22.24008 9.33222 22.2558 9.35106 22.27329 9.36826 22.29238 9.38367 22.31289 9.39713 22.33462 9.40852 22.35737 9.41772 22.3809 9.42465 22.405 9.42924 22.42944 9.43145 22.45397 9.43125 22.47837 9.42864 22.50239 9.42366 22.52581 9.41635 22.5484 9.40677 22.56994 9.39503 22.59022 9.38123 22.60906 9.36552 22.62627 9.34803 22.64167 9.32893 22.65514 9.30842 22.66653 9.28669 22.67573 9.26395 22.68266 9.24042 22.68725 9.21632 22.68945 9.19188 22.68925 9.16735 22.68665 9.14295 

66
28.66564 20.00471 28.68887 19.99683 28.71122 19.98671 28.73247 19.97445 28.75242 19.96016 28.77087 19.94399 28.78765 19.92609 28.80259 19.90663 28.81555 19.8858 28.82641 19.8638 28.83506 19.84084 28.84141 19.81715 28.84542 19.79294 28.84703 19.76846 28.84624 19.74394 28.84304 19.71962 28.83748 19.69572 28.8296 19.67249 28.81948 19.65014 28.80722 19.62889 28.79293 19.60894 28.77676 19.59049 28.75886 19.57371 28.7394 19.55877 28.71857 19.54581 28.69657 19.53495 28.67361 19.5263 28.64992 19.51995 28.62571 19.51594 28.60123 19.51433 28.57671 19.51513 28.55239 19.51832 28.52849 19.52388 26.024 20.23825 26.00077 20.24613 25.97842 20.25625 25.95717 20.26851 25.93722 20.2828 25.91877 20.29897 25.902 20.31687 25.88705 20.33633 25.87409 20.35716 25.86323 20.37916 25.85459 20.40212 25.84823 20.42581 25.84422 20.45002 25.84261 20.4745 25.84341 20.49902 25.8466 20.52334 25.85217 20.54724 25.86005 20.57047 25.87016 20.59282 25.88242 20.61407 25.89671 20.63402 25.91288 20.65247 25.93078 20.66925 25.95024 20.68419 25.97107 20.69715 25.99307 20.70801 26.01603 20.71666 26.03973 20.72301 26.06393 20.72702 26.08841 20.72863 26.11293 20.72783 26.13726 20.72464 26.16115 20.71908 

66
15.02917 38.41923 15.01717 38.44063 15.00732 38.46311 14.99973 38.48643 14.99446 38.5104 14.99156 38.53476 14.99107 38.55929 14.99298 38.58375 14.99728 38.6079 15.00393 38.63152 15.01286 38.65437 15.02398 38.67623 15.0372 38.6969 15.05238 38.71618 15.06937 38.73387 15.08802 38.74982 15.10814 38.76386 15.12954 38.77585 15.15201 38.7857 15.17534 38.79329 15.1993 38.79856 15.22366 38.80146 15.24819 38.80196 15.27265 38.80004 15.2968 38.79574 15.32042 38.7891 15.34327 38.78017 15.36514 38.76904 15.38581 38.75583 15.40508 38.74065 15.42278 38.72365 15.43872 38.70501 15.45276 38.68489 16.8088 36.52264 16.8208 36.50124 16.83065 36.47877 16.83824 36.45544 16.84351 36.43148 16.84641 36.40711 16.8469 36.38258 16.84499 36.35813 16.84069 36.33397 16.83405 36.31035 16.82512 36.2875 16.81399 36.26564 16.80077 36.24497 16.7856 36.22569 16.7686 36.208 16.74995 36.19205 16.72983 36.17802 16.70843 36.16602 16.68596 36.15617 16.66263 36.14858 16.63867 36.14331 16.61431 36.14041 16.58978 36.13992 16.56532 36.14183 16.54117 36.14613 16.51755 36.15277 16.4947 36.1617 16.47283 36.17283 16.45216 36.18604 16.43289 36.20122 16.4152 36.21822 16.39925 36.23686 16.38521 36.25698 

66
27.73569 10.08309 27.73391 10.10756 27.73454 10.13209 27.73757 10.15644 27.74297 10.18037 27.75069 10.20366 27.76065 10.22607 27.77277 10.24741 27.78692 10.26745 27.80296 10.28601 27.82075 10.30291 27.8401 10.31799 27.86084 10.33109 27.88277 10.3421 27.90567 10.3509 27.92932 10.35742 27.9535 10.36159 27.97797 10.36337 28.00249 10.36275 28.02684 10.35972 28.05077 10.35432 28.07406 10.3466 28.09648 10.33663 28.11781 10.32452 28.13785 10.31037 28.15641 10.29433 28.17331 10.27654 28.18839 10.25718 28.20149 10.23644 28.2125 10.21452 28.22131 10.19162 28.22782 10.16797 28.23199 10.14379 28.53561 7.66104 28.53739 7.63657 28.53677 7.61205 28.53374 7.5877 28.52834 7.56377 28.52062 7.54048 28.51065 7.51806 28.49854 7.49673 28.48439 7.47668 28.46835 7.45812 28.45056 7.44122 28.4312 7.42615 28.41046 7.41305 28.38854 7.40204 28.36564 7.39323 28.34199 7.38671 28.31781 7.38254 28.29334 7.38076 28.26882 7.38139 28.24447 7.38442 28.22054 7.38982 28.19725 7.39754 28.17483 7.4075 28.1535 7.41962 28.13345 7.43377 28.11489 7.44981 28.09799 7.4676 28.08292 7.48695 28.06981 7.50769 28.05881 7.52962 28.05 7.55252 28.04348 7.57617 28.03931 7.60035 

