28
4
16.83876 25.79395 17.23828 25.77432 17.19976 24.99019 16.80024 25.00981 

16
29.54738 31.8233 29.5637 31.8124 30.19429 31.34473 30.20946 31.33227 30.79117 30.80504 30.80504 30.79117 31.33227 30.20946 31.34473 30.19429 31.8124 29.5637 31.49112 29.32542 31.0293 29.94811 30.51526 30.51526 29.94811 31.0293 29.33331 31.48526 28.66835 31.88382 28.87399 32.22692 

46
32.84383 27.38966 32.84953 27.37087 33.04029 26.60932 33.04412 26.59007 33.15931 25.81348 33.16124 25.79395 33.19976 25.00981 33.19976 24.99019 33.16124 24.20605 33.15931 24.18652 33.04412 23.40993 33.04029 23.39068 32.84953 22.62913 32.84383 22.61034 32.57935 21.87115 32.57183 21.85302 32.23617 21.14332 32.22692 21.12601 31.8233 20.45262 31.8124 20.4363 31.34473 19.80571 31.33227 19.79054 30.80504 19.20883 30.79117 19.19496 30.20946 18.66773 30.19429 18.65527 29.5637 18.1876 29.54738 18.1767 28.87399 17.77308 28.66835 18.11618 29.33331 18.51474 29.94811 18.9707 30.51526 19.48474 31.0293 20.05189 31.48526 20.66669 31.87877 21.32322 32.20604 22.01516 32.4639 22.73585 32.64989 23.47834 32.7622 24.23549 32.79976 25.0 32.7622 25.76451 32.64989 26.52166 32.4639 27.26415 32.20273 27.99409 32.57935 28.12885 

49
26.60932 16.95971 26.59007 16.95588 25.81348 16.84069 25.79395 16.83876 25.00981 16.80024 24.99019 16.80024 24.20605 16.83876 24.18652 16.84069 23.40993 16.95588 23.39068 16.95971 22.62913 17.15047 22.61034 17.15617 21.87115 17.42065 21.85302 17.42817 21.14332 17.76383 21.12601 17.77308 20.45262 18.1767 20.4363 18.1876 19.80571 18.65527 19.79054 18.66773 19.20883 19.19496 19.19496 19.20883 18.66773 19.79054 18.65527 19.80571 18.1876 20.4363 18.1767 20.45262 17.77308 21.12601 17.76383 21.14332 17.42817 21.85302 17.42065 21.87115 17.15617 22.61034 17.53279 22.7451 17.79396 22.01516 18.12123 21.32322 18.51474 20.66669 18.9707 20.05189 19.48474 19.48474 20.05189 18.9707 20.66669 18.51474 21.32322 18.12123 22.01516 17.79396 22.73585 17.5361 23.47834 17.35011 24.23549 17.2378 25.0 17.20024 25.76451 17.2378 26.52166 17.35011 27.27368 17.53848 27.37087 17.15047 

31
17.42065 28.12885 17.42817 28.14698 17.76383 28.85668 17.77308 28.87399 18.1767 29.54738 18.1876 29.5637 18.65527 30.19429 18.66773 30.20946 19.19496 30.79117 19.20883 30.80504 19.79054 31.33227 19.80571 31.34473 20.4363 31.8124 20.45262 31.8233 21.12601 32.22692 21.14332 32.23617 21.85302 32.57183 21.87115 32.57935 22.61034 32.84383 22.7451 32.46721 22.01516 32.20604 21.32322 31.87877 20.66669 31.48526 20.05189 31.0293 19.48474 30.51526 18.9707 29.94811 18.51474 29.33331 18.12123 28.67678 17.79396 27.98484 17.53279 27.2549 17.15617 27.38966 

89
7.7 32.0 7.7 39.7 3.0 39.7 3.0 40.3 7.7 40.3 7.7 46.0 7.70144 46.02941 7.70576 46.05853 7.71292 46.08709 7.72284 46.11481 7.73542 46.14142 7.75056 46.16667 7.7681 46.19032 7.78787 46.21213 7.80968 46.2319 7.83333 46.24944 7.85858 46.26458 7.88519 46.27716 7.91291 46.28708 7.94147 46.29424 7.97059 46.29856 8.0 46.3 8.02941 46.29856 8.05853 46.29424 8.08709 46.28708 8.11481 46.27716 8.14142 46.26458 8.16667 46.24944 8.19032 46.2319 8.21213 46.21213 8.2319 46.19032 8.24944 46.16667 8.26458 46.14142 8.27716 46.11481 8.28708 46.08709 8.29424 46.05853 8.29856 46.02941 8.3 46.0 8.3 40.0 8.3 32.3 15.0 32.3 15.02941 32.29856 15.05853 32.29424 15.08709 32.28708 15.11481 32.27716 15.14142 32.26458 15.16667 32.24944 15.19032 32.2319 15.21213 32.21213 15.2319 32.19032 15.24944 32.16667 15.26458 32.14142 15.27716 32.11481 15.28708 32.08709 15.29424 32.05853 15.29856 32.02941 15.3 32.0 15.29856 31.97059 15.29424 31.94147 15.28708 31.91291 15.27716 31.88519 15.26458 31.85858 15.24944 31.83333 15.2319 31.80968 15.21213 31.78787 15.19032 31.7681 15.16667 31.75056 15.14142 31.73542 15.11481 31.72284 15.08709 31.71292 15.05853 31.70576 15.02941 31.70144 15.0 31.7 8.0 31.7 7.97059 31.70144 7.94147 31.70576 7.91291 31.71292 7.88519 31.72284 7.85858 31.73542 7.83333 31.75056 7.80968 31.7681 7.78787 31.78787 7.7681 31.80968 7.75056 31.83333 7.73542 31.85858 7.72284 31.88519 7.71292 31.91291 7.70576 31.94147 7.70144 31.97059 

89
34.7 32.0 34.70144 32.02941 34.70576 32.05853 34.71292 32.08709 34.72284 32.11481 34.73542 32.14142 34.75056 32.16667 34.7681 32.19032 34.78787 32.21213 34.80968 32.2319 34.83333 32.24944 34.85858 32.26458 34.88519 32.27716 34.91291 32.28708 34.94147 32.29424 34.97059 32.29856 35.0 32.3 41.7 32.3 41.7 40.0 41.7 46.0 41.70144 46.02941 41.70576 46.05853 41.71292 46.08709 41.72284 46.11481 41.73542 46.14142 41.75056 46.16667 41.7681 46.19032 41.78787 46.21213 41.80968 46.2319 41.83333 46.24944 41.85858 46.26458 41.88519 46.27716 41.91291 46.28708 41.94147 46.29424 41.97059 46.29856 42.0 46.3 42.02941 46.29856 42.05853 46.29424 42.08709 46.28708 42.11481 46.27716 42.14142 46.26458 42.16667 46.24944 42.19032 46.2319 42.21213 46.21213 42.2319 46.19032 42.24944 46.16667 42.26458 46.14142 42.27716 46.11481 42.28708 46.08709 42.29424 46.05853 42.29856 46.02941 42.3 46.0 42.3 40.3 47.0 40.3 47.0 39.7 42.3 39.7 42.3 32.0 42.29856 31.97059 42.29424 31.94147 42.28708 31.91291 42.27716 31.88519 42.26458 31.85858 42.24944 31.83333 42.2319 31.80968 42.21213 31.78787 42.19032 31.7681 42.16667 31.75056 42.14142 31.73542 42.11481 31.72284 42.08709 31.71292 42.05853 31.70576 42.02941 31.70144 42.0 31.7 35.0 31.7 34.97059 31.70144 34.94147 31.70576 34.91291 31.71292 34.88519 31.72284 34.85858 31.73542 34.83333 31.75056 34.80968 31.7681 34.78787 31.78787 34.7681 31.80968 34.75056 31.83333 34.73542 31.85858 34.72284 31.88519 34.71292 31.91291 34.70576 31.94147 34.70144 31.97059 

89
7.7 4.0 7.7 9.7 3.0 9.7 3.0 10.3 7.7 10.3 7.7 18.0 7.70144 18.02941 7.70576 18.05853 7.71292 18.08709 7.72284 18.11481 7.73542 18.14142 7.75056 18.16667 7.7681 18.19032 7.78787 18.21213 7.80968 18.2319 7.83333 18.24944 7.85858 18.26458 7.88519 18.27716 7.91291 18.28708 7.94147 18.29424 7.97059 18.29856 8.0 18.3 15.0 18.3 15.02941 18.29856 15.05853 18.29424 15.08709 18.28708 15.11481 18.27716 15.14142 18.26458 15.16667 18.24944 15.19032 18.2319 15.21213 18.21213 15.2319 18.19032 15.24944 18.16667 15.26458 18.14142 15.27716 18.11481 15.28708 18.08709 15.29424 18.05853 15.29856 18.02941 15.3 18.0 15.29856 17.97059 15.29424 17.94147 15.28708 17.91291 15.27716 17.88519 15.26458 17.85858 15.24944 17.83333 15.2319 17.80968 15.21213 17.78787 15.19032 17.7681 15.16667 17.75056 15.14142 17.73542 15.11481 17.72284 15.08709 17.71292 15.05853 17.70576 15.02941 17.70144 15.0 17.7 8.3 17.7 8.3 10.0 8.3 4.0 8.29856 3.97059 8.29424 3.94147 8.28708 3.91291 8.27716 3.88519 8.26458 3.85858 8.24944 3.83333 8.2319 3.80968 8.21213 3.78787 8.19032 3.7681 8.16667 3.75056 8.14142 3.73542 8.11481 3.72284 8.08709 3.71292 8.05853 3.70576 8.02941 3.70144 8.0 3.7 7.97059 3.70144 7.94147 3.70576 7.91291 3.71292 7.88519 3.72284 7.85858 3.73542 7.83333 3.75056 7.80968 3.7681 7.78787 3.78787 7.7681 3.80968 7.75056 3.83333 7.73542 3.85858 7.72284 3.88519 7.71292 3.91291 7.70576 3.94147 7.70144 3.97059 

89
34.7 18.0 34.70144 18.02941 34.70576 18.05853 34.71292 18.08709 34.72284 18.11481 34.73542 18.14142 34.75056 18.16667 34.7681 18.19032 34.78787 18.21213 34.80968 18.2319 34.83333 18.24944 34.85858 18.26458 34.88519 18.27716 34.91291 18.28708 34.94147 18.29424 34.97059 18.29856 35.0 18.3 42.0 18.3 42.02941 18.29856 42.05853 18.29424 42.08709 18.28708 42.11481 18.27716 42.14142 18.26458 42.16667 18.24944 42.19032 18.2319 42.21213 18.21213 42.2319 18.19032 42.24944 18.16667 42.26458 18.14142 42.27716 18.11481 42.28708 18.08709 42.29424 18.05853 42.29856 18.02941 42.3 18.0 42.3 10.3 47.0 10.3 47.0 9.7 42.3 9.7 42.3 4.0 42.29856 3.97059 42.29424 3.94147 42.28708 3.91291 42.27716 3.88519 42.26458 3.85858 42.24944 3.83333 42.2319 3.80968 42.21213 3.78787 42.19032 3.7681 42.16667 3.75056 42.14142 3.73542 42.11481 3.72284 42.08709 3.71292 42.05853 3.70576 42.02941 3.70144 42.0 3.7 41.97059 3.70144 41.94147 3.70576 41.91291 3.71292 41.88519 3.72284 41.85858 3.73542 41.83333 3.75056 41.80968 3.7681 41.78787 3.78787 41.7681 3.80968 41.75056 3.83333 41.73542 3.85858 41.72284 3.88519 41.71292 3.91291 41.70576 3.94147 41.70144 3.97059 41.7 4.0 41.7 10.0 41.7 17.7 35.0 17.7 34.97059 17.70144 34.94147 17.70576 34.91291 17.71292 34.88519 17.72284 34.85858 17.73542 34.83333 17.75056 34.80968 17.7681 34.78787 17.78787 34.7681 17.80968 34.75056 17.83333 34.73542 17.85858 34.72284 17.88519 34.71292 17.91291 34.70576 17.94147 34.70144 17.97059 

22
20.3 42.0 20.29856 41.97059 20.29424 41.94147 20.28708 41.91291 20.27716 41.88519 20.26458 41.85858 20.24944 41.83333 20.2319 41.80968 20.21213 41.78787 20.19032 41.7681 20.16667 41.75056 20.14142 41.73542 20.11481 41.72284 20.08709 41.71292 20.05853 41.70576 20.02941 41.70144 20.0 41.7 13.0 41.7 13.0 42.3 19.7 42.3 19.7 50 20.3 50 

22
30.3 42.3 37.0 42.3 37.0 41.7 30.0 41.7 29.97059 41.70144 29.94147 41.70576 29.91291 41.71292 29.88519 41.72284 29.85858 41.73542 29.83333 41.75056 29.80968 41.7681 29.78787 41.78787 29.7681 41.80968 29.75056 41.83333 29.73542 41.85858 29.72284 41.88519 29.71292 41.91291 29.70576 41.94147 29.70144 41.97059 29.7 42.0 29.7 50 30.3 50 

22
19.7 7.7 13.0 7.7 13.0 8.3 20.0 8.3 20.02941 8.29856 20.05853 8.29424 20.08709 8.28708 20.11481 8.27716 20.14142 8.26458 20.16667 8.24944 20.19032 8.2319 20.21213 8.21213 20.2319 8.19032 20.24944 8.16667 20.26458 8.14142 20.27716 8.11481 20.28708 8.08709 20.29424 8.05853 20.29856 8.02941 20.3 8.0 20.3 0 19.7 0 

22
29.7 8.0 29.70144 8.02941 29.70576 8.05853 29.71292 8.08709 29.72284 8.11481 29.73542 8.14142 29.75056 8.16667 29.7681 8.19032 29.78787 8.21213 29.80968 8.2319 29.83333 8.24944 29.85858 8.26458 29.88519 8.27716 29.91291 8.28708 29.94147 8.29424 29.97059 8.29856 30.0 8.3 37.0 8.3 37.0 7.7 30.3 7.7 30.3 0 29.7 0 

74
3.7 21.0 3.7 24.7 0 24.7 0 25.3 3.7 25.3 3.7 29.0 3.70144 29.02941 3.70576 29.05853 3.71292 29.08709 3.72284 29.11481 3.73542 29.14142 3.75056 29.16667 3.7681 29.19032 3.78787 29.21213 3.80968 29.2319 3.83333 29.24944 3.85858 29.26458 3.88519 29.27716 3.91291 29.28708 3.94147 29.29424 3.97059 29.29856 4.0 29.3 4.02941 29.29856 4.05853 29.29424 4.08709 29.28708 4.11481 29.27716 4.14142 29.26458 4.16667 29.24944 4.19032 29.2319 4.21213 29.21213 4.2319 29.19032 4.24944 29.16667 4.26458 29.14142 4.27716 29.11481 4.28708 29.08709 4.29424 29.05853 4.29856 29.02941 4.3 29.0 4.3 25.3 8.0 25.3 8.0 24.7 4.3 24.7 4.3 21.0 4.29856 20.97059 4.29424 20.94147 4.28708 20.91291 4.27716 20.88519 4.26458 20.85858 4.24944 20.83333 4.2319 20.80968 4.21213 20.78787 4.19032 20.7681 4.16667 20.75056 4.14142 20.73542 4.11481 20.72284 4.08709 20.71292 4.05853 20.70576 4.02941 20.70144 4.0 20.7 3.97059 20.70144 3.94147 20.70576 3.91291 20.71292 3.88519 20.72284 3.85858 20.73542 3.83333 20.75056 3.80968 20.7681 3.78787 20.78787 3.7681 20.80968 3.75056 20.83333 3.73542 20.85858 3.72284 20.88519 3.71292 20.91291 3.70576 20.94147 3.70144 20.97059 

74
45.7 21.0 45.7 24.7 42.0 24.7 42.0 25.3 45.7 25.3 45.7 29.0 45.70144 29.02941 45.70576 29.05853 45.71292 29.08709 45.72284 29.11481 45.73542 29.14142 45.75056 29.16667 45.7681 29.19032 45.78787 29.21213 45.80968 29.2319 45.83333 29.24944 45.85858 29.26458 45.88519 29.27716 45.91291 29.28708 45.94147 29.29424 45.97059 29.29856 46.0 29.3 46.02941 29.29856 46.05853 29.29424 46.08709 29.28708 46.11481 29.27716 46.14142 29.26458 46.16667 29.24944 46.19032 29.2319 46.21213 29.21213 46.2319 29.19032 46.24944 29.16667 46.26458 29.14142 46.27716 29.11481 46.28708 29.08709 46.29424 29.05853 46.29856 29.02941 46.3 29.0 46.3 25.3 50 25.3 50 24.7 46.3 24.7 46.3 21.0 46.29856 20.97059 46.29424 20.94147 46.28708 20.91291 46.27716 20.88519 46.26458 20.85858 46.24944 20.83333 46.2319 20.80968 46.21213 20.78787 46.19032 20.7681 46.16667 20.75056 46.14142 20.73542 46.11481 20.72284 46.08709 20.71292 46.05853 20.70576 46.02941 20.70144 46.0 20.7 45.97059 20.70144 45.94147 20.70576 45.91291 20.71292 45.88519 20.72284 45.85858 20.73542 45.83333 20.75056 45.80968 20.7681 45.78787 20.78787 45.7681 20.80968 45.75056 20.83333 45.73542 20.85858 45.72284 20.88519 45.71292 20.91291 45.70576 20.94147 45.70144 20.97059 

4
28.91294 39.43856 32.54874 37.97317 31.08335 34.33737 27.44755 35.80276 

4
39.29046 30.47984 43.11416 30.85018 43.48451 27.02648 39.6608 26.65613 

3
24.06399 27.55837 24.55423 31.5213 27.77496 30.45228 

3
32.14828 11.31266 31.95079 15.30091 35.30725 14.80077 

3
29.78281 28.98364 31.75104 25.60137 28.60444 24.52488 

3
45.24921 31.88738 46.01783 35.64458 49.02072 34.37786 

84
22.38978 9.62293 18.99245 10.15969 18.96844 10.16471 18.94503 10.17205 18.92245 10.18165 18.90092 10.19342 18.88065 10.20724 18.86184 10.22299 18.84465 10.2405 18.82927 10.25961 18.81583 10.28013 18.80447 10.30188 18.7953 10.32463 18.7884 10.34818 18.78384 10.37228 18.78166 10.39672 18.78189 10.42125 18.78453 10.44565 18.78954 10.46966 18.79689 10.49307 18.80649 10.51565 18.81826 10.53717 18.83208 10.55744 18.84782 10.57626 18.86533 10.59345 18.88444 10.60883 18.90497 10.62227 18.92672 10.63363 18.94947 10.6428 18.97301 10.6497 18.99712 10.65426 19.02156 10.65643 19.04609 10.6562 19.07048 10.65357 22.71475 10.07779 22.73877 10.07278 22.76217 10.06544 22.78475 10.05583 22.80628 10.04406 22.82655 10.03024 22.84537 10.0145 22.86255 9.99699 22.87793 9.97788 22.89137 9.95735 22.90273 9.93561 22.91191 9.91285 22.9188 9.88931 22.92336 9.8652 22.92554 9.84076 22.92531 9.81623 22.92267 9.79184 22.34689 6.14757 22.34188 6.12356 22.33454 6.10015 22.32494 6.07757 22.31317 6.05604 22.29935 6.03577 22.2836 6.01696 22.26609 5.99977 22.24698 5.98439 22.22645 5.97095 22.20471 5.95959 22.18196 5.95042 22.15841 5.94352 22.13431 5.93896 22.10987 5.93678 22.08534 5.93701 22.06094 5.93965 22.03693 5.94466 22.01352 5.95201 21.99094 5.96161 21.96941 5.97338 21.94914 5.9872 21.93033 6.00294 21.91314 6.02045 21.89776 6.03956 21.88432 6.06009 21.87296 6.08184 21.86379 6.10459 21.85689 6.12813 21.85233 6.15224 21.85015 6.17668 21.85039 6.20121 21.85302 6.2256 

84
37.16663 46.20084 38.95645 43.35052 38.96846 43.32912 38.97832 43.30666 38.98593 43.28333 38.99121 43.25937 38.99412 43.23501 38.99463 43.21048 38.99274 43.18602 38.98845 43.16187 38.98182 43.13825 38.9729 43.11539 38.96179 43.09352 38.94858 43.07284 38.93341 43.05356 38.91643 43.03585 38.89779 43.0199 38.87768 43.00585 38.85629 42.99384 38.83382 42.98398 38.8105 42.97637 38.78654 42.97109 38.76218 42.96818 38.73765 42.96767 38.71319 42.96957 38.68903 42.97385 38.66541 42.98049 38.64256 42.9894 38.62068 43.00052 38.60001 43.01372 38.58072 43.02889 38.56302 43.04587 38.54706 43.06451 38.53301 43.08462 36.61025 46.14667 36.59824 46.16806 36.58838 46.19053 36.58077 46.21385 36.57549 46.23781 36.57258 46.26217 36.57207 46.2867 36.57397 46.31116 36.57825 46.33532 36.58488 46.35894 36.5938 46.38179 36.60492 46.40367 36.61812 46.42434 36.63329 46.44363 36.65027 46.46133 36.66891 46.47729 36.68902 46.49134 39.75107 48.4141 39.77246 48.42611 39.79493 48.43597 39.81825 48.44358 39.84221 48.44886 39.86657 48.45177 39.8911 48.45228 39.91556 48.45038 39.93972 48.4461 39.96334 48.43947 39.98619 48.43055 40.00806 48.41943 40.02874 48.40623 40.04803 48.39106 40.06573 48.37408 40.08168 48.35544 40.09573 48.33533 40.10775 48.31394 40.1176 48.29147 40.12521 48.26815 40.1305 48.24419 40.13341 48.21983 40.13391 48.1953 40.13202 48.17084 40.12773 48.14668 40.1211 48.12306 40.11218 48.10021 40.10107 48.07833 40.08786 48.05766 40.0727 48.03837 40.05571 48.02067 40.03707 48.00471 40.01696 47.99066 

66
13.69599 48.60933 13.70596 48.63174 13.71809 48.65307 13.73224 48.67311 13.7483 48.69166 13.76609 48.70855 13.78545 48.72361 13.8062 48.73671 13.82813 48.74771 13.85104 48.7565 13.87469 48.76301 13.89887 48.76717 13.92334 48.76894 13.94786 48.7683 13.97221 48.76526 13.99614 48.75985 14.01942 48.75212 14.04184 48.74214 14.06317 48.73002 14.0832 48.71586 14.10176 48.69981 14.11865 48.68201 14.13371 48.66265 14.14681 48.6419 14.1578 48.61997 14.1666 48.59707 14.17311 48.57341 14.17727 48.54924 14.17903 48.52477 14.1784 48.50024 14.17536 48.4759 14.16995 48.45197 14.16221 48.42868 13.10003 45.68727 13.09005 45.66485 13.07793 45.64352 13.06377 45.62349 13.04772 45.60493 13.02992 45.58804 13.01056 45.57298 12.98981 45.55988 12.96788 45.54888 12.94498 45.54009 12.92132 45.53358 12.89715 45.52942 12.87268 45.52765 12.84815 45.52829 12.82381 45.53133 12.79988 45.53674 12.77659 45.54447 12.75418 45.55445 12.73285 45.56658 12.71281 45.58073 12.69426 45.59678 12.67737 45.61458 12.6623 45.63394 12.64921 45.65469 12.63821 45.67662 12.62941 45.69952 12.62291 45.72318 12.61875 45.74736 12.61698 45.77183 12.61762 45.79635 12.62066 45.8207 12.62607 45.84463 12.6338 45.86791 

66
22.03516 37.88219 22.04507 37.90463 22.05714 37.92599 22.07124 37.94607 22.08724 37.96467 22.10498 37.98161 22.1243 37.99673 22.14501 38.00988 22.16691 38.02095 22.18979 38.02981 22.21343 38.03638 22.23759 38.04061 22.26206 38.04245 22.28658 38.04188 22.31094 38.03891 22.33488 38.03356 22.35819 38.0259 22.38063 38.01599 22.40199 38.00392 22.42207 37.98983 22.44067 37.97383 22.45761 37.95608 22.47273 37.93676 22.48589 37.91605 22.49695 37.89415 22.50581 37.87127 22.51238 37.84764 22.51661 37.82347 22.51845 37.799 22.51788 37.77448 22.51491 37.75012 22.50957 37.72618 22.5019 37.70287 21.50953 35.11984 21.49962 35.09739 21.48756 35.07603 21.47346 35.05595 21.45746 35.03735 21.43971 35.02041 21.42039 35.00529 21.39968 34.99214 21.37778 34.98108 21.35491 34.97222 21.33127 34.96564 21.3071 34.96142 21.28264 34.95958 21.25811 34.96015 21.23376 34.96312 21.20981 34.96846 21.18651 34.97612 21.16406 34.98604 21.1427 34.9981 21.12262 35.0122 21.10402 35.0282 21.08708 35.04594 21.07196 35.06527 21.05881 35.08598 21.04775 35.10787 21.03889 35.13075 21.03231 35.15439 21.02809 35.17856 21.02625 35.20302 21.02682 35.22755 21.02979 35.2519 21.03513 35.27585 21.04279 35.29915 

66
41.02052 20.83153 41.04249 20.8206 41.06327 20.80756 41.08268 20.79255 41.10052 20.77571 41.11662 20.7572 41.13084 20.73721 41.14302 20.71591 41.15306 20.69353 41.16086 20.67026 41.16634 20.64635 41.16944 20.62201 41.17015 20.59749 41.16845 20.57301 41.16436 20.54882 41.15792 20.52515 41.14919 20.50222 41.13826 20.48026 41.12522 20.45948 41.11021 20.44007 41.09337 20.42223 41.07486 20.40612 41.05487 20.39191 41.03357 20.37973 41.01119 20.36969 40.98793 20.36189 40.96401 20.35641 40.93967 20.3533 40.91515 20.35259 40.89068 20.35429 40.86649 20.35838 40.84281 20.36482 40.81988 20.37355 38.28534 21.48393 38.26338 21.49487 38.24259 21.5079 38.22319 21.52291 38.20534 21.53975 38.18924 21.55826 38.17503 21.57826 38.16284 21.59955 38.1528 21.62194 38.145 21.6452 38.13953 21.66912 38.13642 21.69345 38.13571 21.71798 38.13741 21.74245 38.1415 21.76664 38.14794 21.79031 38.15667 21.81324 38.1676 21.8352 38.18064 21.85599 38.19565 21.87539 38.21249 21.89324 38.231 21.90934 38.251 21.92355 38.27229 21.93574 38.29467 21.94578 38.31794 21.95358 38.34185 21.95905 38.36619 21.96216 38.39071 21.96287 38.41519 21.96117 38.43938 21.95708 38.46305 21.95064 38.48598 21.94191 

66
24.40203 18.77601 24.39287 18.75325 24.38152 18.7315 24.36809 18.71096 24.35272 18.69185 24.33554 18.67433 24.31673 18.65858 24.29647 18.64474 24.27495 18.63297 24.25237 18.62335 24.22897 18.616 24.20495 18.61097 24.18056 18.60833 24.15603 18.60809 24.13159 18.61025 24.10748 18.6148 24.08394 18.62168 24.06118 18.63085 24.03943 18.6422 24.0189 18.65563 23.99978 18.671 23.98226 18.68818 23.96651 18.70699 23.95268 18.72725 23.9409 18.74877 23.93128 18.77134 23.92393 18.79475 23.91891 18.81876 23.91626 18.84315 23.91602 18.86769 23.91818 18.89213 23.92273 18.91623 23.92962 18.93978 24.83598 21.55423 24.84515 21.57699 24.8565 21.59874 24.86992 21.61928 24.8853 21.63839 24.90248 21.65591 24.92129 21.67166 24.94155 21.6855 24.96307 21.69727 24.98564 21.70689 25.00905 21.71424 25.03306 21.71927 25.05745 21.72191 25.08199 21.72215 25.10642 21.71999 25.13053 21.71544 25.15408 21.70855 25.17684 21.69939 25.19859 21.68804 25.21912 21.67461 25.23824 21.65924 25.25576 21.64206 25.27151 21.62325 25.28534 21.60299 25.29712 21.58147 25.30673 21.5589 25.31409 21.53549 25.31911 21.51148 25.32176 21.48709 25.322 21.46255 25.31984 21.43811 25.31529 21.41401 25.3084 21.39046 

66
15.34523 14.40063 15.33264 14.42169 15.32217 14.44388 15.31393 14.46699 15.30799 14.49079 15.30441 14.51506 15.30323 14.53957 15.30446 14.56407 15.30809 14.58834 15.31407 14.61213 15.32236 14.63522 15.33287 14.65739 15.34551 14.67842 15.36014 14.69811 15.37664 14.71627 15.39483 14.73273 15.41455 14.74732 15.43561 14.75991 15.4578 14.77038 15.4809 14.77862 15.50471 14.78456 15.52898 14.78814 15.55349 14.78932 15.57799 14.78809 15.60225 14.78446 15.62605 14.77848 15.64914 14.77019 15.67131 14.75968 15.69234 14.74704 15.71203 14.73241 15.73019 14.71591 15.74665 14.69772 15.76124 14.678 17.29624 12.37568 17.30883 12.35463 17.3193 12.33244 17.32754 12.30933 17.33348 12.28553 17.33705 12.26125 17.33823 12.23675 17.337 12.21225 17.33338 12.18798 17.32739 12.16419 17.31911 12.1411 17.30859 12.11893 17.29596 12.0979 17.28132 12.07821 17.26483 12.06005 17.24664 12.04359 17.22691 12.02899 17.20586 12.0164 17.18367 12.00594 17.16056 11.99769 17.13676 11.99176 17.11249 11.98818 17.08798 11.987 17.06348 11.98823 17.03921 11.99185 17.01542 11.99784 16.99233 12.00613 16.97016 12.01664 16.94913 12.02927 16.92944 12.04391 16.91128 12.0604 16.89482 12.0786 16.88022 12.09832 

