29
7
26.59007 33.04412 26.60932 33.04029 27.37087 32.84953 27.27368 32.46152 26.52166 32.64989 25.75479 32.76364 25.81348 33.15931 

13
29.54738 31.8233 29.5637 31.8124 30.19429 31.34473 30.20946 31.33227 30.79117 30.80504 30.80504 30.79117 31.33227 30.20946 31.03589 29.94083 30.51526 30.51526 29.94811 31.0293 29.33331 31.48526 28.66835 31.88382 28.87399 32.22692 

4
32.57183 28.14698 32.21024 27.97596 31.87457 28.68566 32.23617 28.85668 

10
25.00981 16.80024 24.99019 16.80024 24.20605 16.83876 24.18652 16.84069 23.40993 16.95588 23.46862 17.35155 24.23549 17.2378 25.0 17.20024 25.77432 17.23828 25.79395 16.83876 

22
19.79054 31.33227 19.80571 31.34473 20.4363 31.8124 20.45262 31.8233 21.12601 32.22692 21.14332 32.23617 21.85302 32.57183 21.87115 32.57935 22.61034 32.84383 22.62913 32.84953 23.39068 33.04029 23.40993 33.04412 24.18652 33.15931 24.24521 32.76364 23.47834 32.64989 22.73585 32.4639 22.01516 32.20604 21.32322 31.87877 20.66669 31.48526 20.05189 31.0293 19.47746 30.50866 19.20883 30.80504 

16
33.15931 25.81348 33.16124 25.79395 33.19976 25.00981 33.19976 24.99019 33.16124 24.20605 33.15931 24.18652 33.04412 23.40993 33.04029 23.39068 32.84953 22.62913 32.46152 22.72632 32.64989 23.47834 32.7622 24.23549 32.79976 25.0 32.7622 25.76451 32.64845 26.53138 33.04412 26.59007 

16
30.80504 19.20883 30.79117 19.19496 30.20946 18.66773 30.19429 18.65527 29.5637 18.1876 29.54738 18.1767 28.87399 17.77308 28.85668 17.76383 28.14698 17.42817 27.97596 17.78976 28.67678 18.12123 29.33331 18.51474 29.94811 18.9707 30.51526 19.48474 31.03589 20.05917 31.33227 19.79054 

49
21.14332 17.76383 21.12601 17.77308 20.45262 18.1767 20.4363 18.1876 19.80571 18.65527 19.79054 18.66773 19.20883 19.19496 19.19496 19.20883 18.66773 19.79054 18.65527 19.80571 18.1876 20.4363 18.1767 20.45262 17.77308 21.12601 17.76383 21.14332 17.42817 21.85302 17.42065 21.87115 17.15617 22.61034 17.15047 22.62913 16.95971 23.39068 16.95588 23.40993 16.84069 24.18652 16.83876 24.20605 16.80024 24.99019 16.80024 25.00981 16.83876 25.79395 16.84069 25.81348 16.95588 26.59007 16.95971 26.60932 17.15047 27.37087 17.15617 27.38966 17.42065 28.12885 17.79727 27.99409 17.5361 27.26415 17.35011 26.52166 17.2378 25.76451 17.20024 25.0 17.2378 24.23549 17.35011 23.47834 17.5361 22.73585 17.79396 22.01516 18.12123 21.32322 18.51474 20.66669 18.9707 20.05189 19.48474 19.48474 20.05189 18.9707 20.66669 18.51474 21.32322 18.12123 22.02404 17.78976 21.85302 17.42817 

89
7.7 32.0 7.7 39.7 3.0 39.7 3.0 40.3 7.7 40.3 7.7 46.0 7.70144 46.02941 7.70576 46.05853 7.71292 46.08709 7.72284 46.11481 7.73542 46.14142 7.75056 46.16667 7.7681 46.19032 7.78787 46.21213 7.80968 46.2319 7.83333 46.24944 7.85858 46.26458 7.88519 46.27716 7.91291 46.28708 7.94147 46.29424 7.97059 46.29856 8.0 46.3 8.02941 46.29856 8.05853 46.29424 8.08709 46.28708 8.11481 46.27716 8.14142 46.26458 8.16667 46.24944 8.19032 46.2319 8.21213 46.21213 8.2319 46.19032 8.24944 46.16667 8.26458 46.14142 8.27716 46.11481 8.28708 46.08709 8.29424 46.05853 8.29856 46.02941 8.3 46.0 8.3 40.0 8.3 32.3 15.0 32.3 15.02941 32.29856 15.05853 32.29424 15.08709 32.28708 15.11481 32.27716 15.14142 32.26458 15.16667 32.24944 15.19032 32.2319 15.21213 32.21213 15.2319 32.19032 15.24944 32.16667 15.26458 32.14142 15.27716 32.11481 15.28708 32.08709 15.29424 32.05853 15.29856 32.02941 15.3 32.0 15.29856 31.97059 15.29424 31.94147 15.28708 31.91291 15.27716 31.88519 15.26458 31.85858 15.24944 31.83333 15.2319 31.80968 15.21213 31.78787 15.19032 31.7681 15.16667 31.75056 15.14142 31.73542 15.11481 31.72284 15.08709 31.71292 15.05853 31.70576 15.02941 31.70144 15.0 31.7 8.0 31.7 7.97059 31.70144 7.94147 31.70576 7.91291 31.71292 7.88519 31.72284 7.85858 31.73542 7.83333 31.75056 7.80968 31.7681 7.78787 31.78787 7.7681 31.80968 7.75056 31.83333 7.73542 31.85858 7.72284 31.88519 7.71292 31.91291 7.70576 31.94147 7.70144 31.97059 

89
34.7 32.0 34.70144 32.02941 34.70576 32.05853 34.71292 32.08709 34.72284 32.11481 34.73542 32.14142 34.75056 32.16667 34.7681 32.19032 34.78787 32.21213 34.80968 32.2319 34.83333 32.24944 34.85858 32.26458 34.88519 32.27716 34.91291 32.28708 34.94147 32.29424 34.97059 32.29856 35.0 32.3 41.7 32.3 41.7 40.0 41.7 46.0 41.70144 46.02941 41.70576 46.05853 41.71292 46.08709 41.72284 46.11481 41.73542 46.14142 41.75056 46.16667 41.7681 46.19032 41.78787 46.21213 41.80968 46.2319 41.83333 46.24944 41.85858 46.26458 41.88519 46.27716 41.91291 46.28708 41.94147 46.29424 41.97059 46.29856 42.0 46.3 42.02941 46.29856 42.05853 46.29424 42.08709 46.28708 42.11481 46.27716 42.14142 46.26458 42.16667 46.24944 42.19032 46.2319 42.21213 46.21213 42.2319 46.19032 42.24944 46.16667 42.26458 46.14142 42.27716 46.11481 42.28708 46.08709 42.29424 46.05853 42.29856 46.02941 42.3 46.0 42.3 40.3 47.0 40.3 47.0 39.7 42.3 39.7 42.3 32.0 42.29856 31.97059 42.29424 31.94147 42.28708 31.91291 42.27716 31.88519 42.26458 31.85858 42.24944 31.83333 42.2319 31.80968 42.21213 31.78787 42.19032 31.7681 42.16667 31.75056 42.14142 31.73542 42.11481 31.72284 42.08709 31.71292 42.05853 31.70576 42.02941 31.70144 42.0 31.7 35.0 31.7 34.97059 31.70144 34.94147 31.70576 34.91291 31.71292 34.88519 31.72284 34.85858 31.73542 34.83333 31.75056 34.80968 31.7681 34.78787 31.78787 34.7681 31.80968 34.75056 31.83333 34.73542 31.85858 34.72284 31.88519 34.71292 31.91291 34.70576 31.94147 34.70144 31.97059 

89
7.7 4.0 7.7 9.7 3.0 9.7 3.0 10.3 7.7 10.3 7.7 18.0 7.70144 18.02941 7.70576 18.05853 7.71292 18.08709 7.72284 18.11481 7.73542 18.14142 7.75056 18.16667 7.7681 18.19032 7.78787 18.21213 7.80968 18.2319 7.83333 18.24944 7.85858 18.26458 7.88519 18.27716 7.91291 18.28708 7.94147 18.29424 7.97059 18.29856 8.0 18.3 15.0 18.3 15.02941 18.29856 15.05853 18.29424 15.08709 18.28708 15.11481 18.27716 15.14142 18.26458 15.16667 18.24944 15.19032 18.2319 15.21213 18.21213 15.2319 18.19032 15.24944 18.16667 15.26458 18.14142 15.27716 18.11481 15.28708 18.08709 15.29424 18.05853 15.29856 18.02941 15.3 18.0 15.29856 17.97059 15.29424 17.94147 15.28708 17.91291 15.27716 17.88519 15.26458 17.85858 15.24944 17.83333 15.2319 17.80968 15.21213 17.78787 15.19032 17.7681 15.16667 17.75056 15.14142 17.73542 15.11481 17.72284 15.08709 17.71292 15.05853 17.70576 15.02941 17.70144 15.0 17.7 8.3 17.7 8.3 10.0 8.3 4.0 8.29856 3.97059 8.29424 3.94147 8.28708 3.91291 8.27716 3.88519 8.26458 3.85858 8.24944 3.83333 8.2319 3.80968 8.21213 3.78787 8.19032 3.7681 8.16667 3.75056 8.14142 3.73542 8.11481 3.72284 8.08709 3.71292 8.05853 3.70576 8.02941 3.70144 8.0 3.7 7.97059 3.70144 7.94147 3.70576 7.91291 3.71292 7.88519 3.72284 7.85858 3.73542 7.83333 3.75056 7.80968 3.7681 7.78787 3.78787 7.7681 3.80968 7.75056 3.83333 7.73542 3.85858 7.72284 3.88519 7.71292 3.91291 7.70576 3.94147 7.70144 3.97059 

89
34.7 18.0 34.70144 18.02941 34.70576 18.05853 34.71292 18.08709 34.72284 18.11481 34.73542 18.14142 34.75056 18.16667 34.7681 18.19032 34.78787 18.21213 34.80968 18.2319 34.83333 18.24944 34.85858 18.26458 34.88519 18.27716 34.91291 18.28708 34.94147 18.29424 34.97059 18.29856 35.0 18.3 42.0 18.3 42.02941 18.29856 42.05853 18.29424 42.08709 18.28708 42.11481 18.27716 42.14142 18.26458 42.16667 18.24944 42.19032 18.2319 42.21213 18.21213 42.2319 18.19032 42.24944 18.16667 42.26458 18.14142 42.27716 18.11481 42.28708 18.08709 42.29424 18.05853 42.29856 18.02941 42.3 18.0 42.3 10.3 47.0 10.3 47.0 9.7 42.3 9.7 42.3 4.0 42.29856 3.97059 42.29424 3.94147 42.28708 3.91291 42.27716 3.88519 42.26458 3.85858 42.24944 3.83333 42.2319 3.80968 42.21213 3.78787 42.19032 3.7681 42.16667 3.75056 42.14142 3.73542 42.11481 3.72284 42.08709 3.71292 42.05853 3.70576 42.02941 3.70144 42.0 3.7 41.97059 3.70144 41.94147 3.70576 41.91291 3.71292 41.88519 3.72284 41.85858 3.73542 41.83333 3.75056 41.80968 3.7681 41.78787 3.78787 41.7681 3.80968 41.75056 3.83333 41.73542 3.85858 41.72284 3.88519 41.71292 3.91291 41.70576 3.94147 41.70144 3.97059 41.7 4.0 41.7 10.0 41.7 17.7 35.0 17.7 34.97059 17.70144 34.94147 17.70576 34.91291 17.71292 34.88519 17.72284 34.85858 17.73542 34.83333 17.75056 34.80968 17.7681 34.78787 17.78787 34.7681 17.80968 34.75056 17.83333 34.73542 17.85858 34.72284 17.88519 34.71292 17.91291 34.70576 17.94147 34.70144 17.97059 

22
20.3 42.0 20.29856 41.97059 20.29424 41.94147 20.28708 41.91291 20.27716 41.88519 20.26458 41.85858 20.24944 41.83333 20.2319 41.80968 20.21213 41.78787 20.19032 41.7681 20.16667 41.75056 20.14142 41.73542 20.11481 41.72284 20.08709 41.71292 20.05853 41.70576 20.02941 41.70144 20.0 41.7 13.0 41.7 13.0 42.3 19.7 42.3 19.7 50 20.3 50 

22
30.3 42.3 37.0 42.3 37.0 41.7 30.0 41.7 29.97059 41.70144 29.94147 41.70576 29.91291 41.71292 29.88519 41.72284 29.85858 41.73542 29.83333 41.75056 29.80968 41.7681 29.78787 41.78787 29.7681 41.80968 29.75056 41.83333 29.73542 41.85858 29.72284 41.88519 29.71292 41.91291 29.70576 41.94147 29.70144 41.97059 29.7 42.0 29.7 50 30.3 50 

22
19.7 7.7 13.0 7.7 13.0 8.3 20.0 8.3 20.02941 8.29856 20.05853 8.29424 20.08709 8.28708 20.11481 8.27716 20.14142 8.26458 20.16667 8.24944 20.19032 8.2319 20.21213 8.21213 20.2319 8.19032 20.24944 8.16667 20.26458 8.14142 20.27716 8.11481 20.28708 8.08709 20.29424 8.05853 20.29856 8.02941 20.3 8.0 20.3 0 19.7 0 

22
29.7 8.0 29.70144 8.02941 29.70576 8.05853 29.71292 8.08709 29.72284 8.11481 29.73542 8.14142 29.75056 8.16667 29.7681 8.19032 29.78787 8.21213 29.80968 8.2319 29.83333 8.24944 29.85858 8.26458 29.88519 8.27716 29.91291 8.28708 29.94147 8.29424 29.97059 8.29856 30.0 8.3 37.0 8.3 37.0 7.7 30.3 7.7 30.3 0 29.7 0 

74
3.7 21.0 3.7 24.7 0 24.7 0 25.3 3.7 25.3 3.7 29.0 3.70144 29.02941 3.70576 29.05853 3.71292 29.08709 3.72284 29.11481 3.73542 29.14142 3.75056 29.16667 3.7681 29.19032 3.78787 29.21213 3.80968 29.2319 3.83333 29.24944 3.85858 29.26458 3.88519 29.27716 3.91291 29.28708 3.94147 29.29424 3.97059 29.29856 4.0 29.3 4.02941 29.29856 4.05853 29.29424 4.08709 29.28708 4.11481 29.27716 4.14142 29.26458 4.16667 29.24944 4.19032 29.2319 4.21213 29.21213 4.2319 29.19032 4.24944 29.16667 4.26458 29.14142 4.27716 29.11481 4.28708 29.08709 4.29424 29.05853 4.29856 29.02941 4.3 29.0 4.3 25.3 8.0 25.3 8.0 24.7 4.3 24.7 4.3 21.0 4.29856 20.97059 4.29424 20.94147 4.28708 20.91291 4.27716 20.88519 4.26458 20.85858 4.24944 20.83333 4.2319 20.80968 4.21213 20.78787 4.19032 20.7681 4.16667 20.75056 4.14142 20.73542 4.11481 20.72284 4.08709 20.71292 4.05853 20.70576 4.02941 20.70144 4.0 20.7 3.97059 20.70144 3.94147 20.70576 3.91291 20.71292 3.88519 20.72284 3.85858 20.73542 3.83333 20.75056 3.80968 20.7681 3.78787 20.78787 3.7681 20.80968 3.75056 20.83333 3.73542 20.85858 3.72284 20.88519 3.71292 20.91291 3.70576 20.94147 3.70144 20.97059 

74
45.7 21.0 45.7 24.7 42.0 24.7 42.0 25.3 45.7 25.3 45.7 29.0 45.70144 29.02941 45.70576 29.05853 45.71292 29.08709 45.72284 29.11481 45.73542 29.14142 45.75056 29.16667 45.7681 29.19032 45.78787 29.21213 45.80968 29.2319 45.83333 29.24944 45.85858 29.26458 45.88519 29.27716 45.91291 29.28708 45.94147 29.29424 45.97059 29.29856 46.0 29.3 46.02941 29.29856 46.05853 29.29424 46.08709 29.28708 46.11481 29.27716 46.14142 29.26458 46.16667 29.24944 46.19032 29.2319 46.21213 29.21213 46.2319 29.19032 46.24944 29.16667 46.26458 29.14142 46.27716 29.11481 46.28708 29.08709 46.29424 29.05853 46.29856 29.02941 46.3 29.0 46.3 25.3 50 25.3 50 24.7 46.3 24.7 46.3 21.0 46.29856 20.97059 46.29424 20.94147 46.28708 20.91291 46.27716 20.88519 46.26458 20.85858 46.24944 20.83333 46.2319 20.80968 46.21213 20.78787 46.19032 20.7681 46.16667 20.75056 46.14142 20.73542 46.11481 20.72284 46.08709 20.71292 46.05853 20.70576 46.02941 20.70144 46.0 20.7 45.97059 20.70144 45.94147 20.70576 45.91291 20.71292 45.88519 20.72284 45.85858 20.73542 45.83333 20.75056 45.80968 20.7681 45.78787 20.78787 45.7681 20.80968 45.75056 20.83333 45.73542 20.85858 45.72284 20.88519 45.71292 20.91291 45.70576 20.94147 45.70144 20.97059 

3
43.64058 16.27693 47.23839 14.73763 45.356 11.996 

3
29.41619 21.08822 25.72158 22.11643 27.19418 25.0239 

4
32.39159 14.99538 34.71471 12.45747 32.1768 10.13435 29.85368 12.67226 

136
25.51926 8.26207 25.9367 7.14704 27.05172 7.56448 27.07509 7.57194 27.09908 7.57708 27.12346 7.57984 27.14799 7.5802 27.17244 7.57815 27.19657 7.57372 27.22015 7.56694 27.24295 7.55788 27.26475 7.54664 27.28535 7.53331 27.30454 7.51802 27.32214 7.50093 27.33798 7.48219 27.3519 7.46199 27.36378 7.44053 27.3735 7.418 27.38097 7.39463 27.3861 7.37064 27.38887 7.34626 27.38922 7.32173 27.38718 7.29728 27.38274 7.27315 27.37596 7.24957 27.36691 7.22677 27.35566 7.20497 27.34233 7.18437 27.32704 7.16518 27.30995 7.14758 27.29121 7.13174 27.27102 7.11782 27.24955 7.10594 27.22702 7.09622 26.112 6.67878 26.52944 5.56376 26.5369 5.54039 26.54204 5.5164 26.5448 5.49202 26.54516 5.46749 26.54311 5.44304 26.53868 5.41891 26.5319 5.39533 26.52284 5.37253 26.5116 5.35073 26.49826 5.33013 26.48298 5.31094 26.46589 5.29334 26.44715 5.2775 26.42695 5.26358 26.40549 5.2517 26.38296 5.24198 26.35959 5.23451 26.3356 5.22938 26.31122 5.22661 26.28669 5.22626 26.26224 5.2283 26.23811 5.23274 26.21453 5.23952 26.19173 5.24857 26.16993 5.25982 26.14933 5.27315 26.13014 5.28844 26.11254 5.30553 26.0967 5.32426 26.08278 5.34446 26.0709 5.36593 26.06118 5.38845 25.64374 6.50348 24.52872 6.08604 24.50535 6.07858 24.48136 6.07344 24.45698 6.07068 24.43245 6.07032 24.408 6.07237 24.38387 6.0768 24.36029 6.08358 24.33749 6.09264 24.31569 6.10388 24.29509 6.11721 24.2759 6.1325 24.2583 6.14959 24.24246 6.16833 24.22854 6.18853 24.21665 6.20999 24.20694 6.23252 24.19947 6.25589 24.19433 6.27988 24.19157 6.30426 24.19122 6.32879 24.19326 6.35324 24.1977 6.37737 24.20448 6.40094 24.21353 6.42375 24.22478 6.44555 24.23811 6.46615 24.2534 6.48534 24.27049 6.50294 24.28922 6.51878 24.30942 6.5327 24.33089 6.54458 24.35341 6.5543 25.46844 6.97174 25.051 8.08676 25.04354 8.11013 25.0384 8.13412 25.03564 8.1585 25.03528 8.18303 25.03733 8.20748 25.04176 8.23161 25.04854 8.25519 25.0576 8.27799 25.06884 8.29979 25.08217 8.32039 25.09746 8.33958 25.11455 8.35718 25.13329 8.37302 25.15349 8.38694 25.17495 8.39882 25.19748 8.40854 25.22085 8.41601 25.24484 8.42114 25.26922 8.42391 25.29375 8.42426 25.3182 8.42222 25.34233 8.41778 25.3659 8.411 25.38871 8.40195 25.41051 8.3907 25.43111 8.37737 25.4503 8.36208 25.4679 8.34499 25.48373 8.32626 25.49766 8.30606 25.50954 8.28459 

136
19.82251 11.33824 18.70072 11.50109 18.53787 10.3793 18.53315 10.35522 18.5261 10.33172 18.51679 10.30903 18.50529 10.28735 18.49172 10.26691 18.47622 10.2479 18.45892 10.2305 18.44 10.21488 18.41965 10.20118 18.39805 10.18955 18.37541 10.18009 18.35195 10.1729 18.32791 10.16804 18.3035 10.16556 18.27897 10.16548 18.25454 10.16781 18.23047 10.17252 18.20697 10.17957 18.18427 10.18889 18.1626 10.20039 18.14216 10.21395 18.12314 10.22946 18.10574 10.24675 18.09012 10.26567 18.07643 10.28603 18.06479 10.30763 18.05533 10.33026 18.04814 10.35372 18.04328 10.37777 18.0408 10.40218 18.04072 10.42671 18.04305 10.45113 18.2059 11.57293 17.08411 11.73578 17.06003 11.74049 17.03653 11.74754 17.01384 11.75686 16.99217 11.76835 16.97173 11.78192 16.95271 11.79743 16.93531 11.81472 16.91969 11.83364 16.90599 11.85399 16.89436 11.8756 16.8849 11.89823 16.87771 11.92169 16.87285 11.94574 16.87037 11.97014 16.87029 11.99468 16.87262 12.0191 16.87733 12.04318 16.88438 12.06668 16.8937 12.08937 16.9052 12.11104 16.91876 12.13149 16.93427 12.1505 16.95156 12.1679 16.97048 12.18352 16.99084 12.19722 17.01244 12.20885 17.03508 12.21831 17.05853 12.2255 17.08258 12.23036 17.10699 12.23284 17.13152 12.23292 17.15594 12.23059 18.27774 12.06774 18.44059 13.18953 18.4453 13.21361 18.45235 13.23711 18.46167 13.2598 18.47317 13.28148 18.48673 13.30192 18.50224 13.32093 18.51953 13.33833 18.53845 13.35395 18.55881 13.36765 18.58041 13.37928 18.60304 13.38874 18.6265 13.39593 18.65055 13.40079 18.67495 13.40327 18.69949 13.40335 18.72391 13.40102 18.74799 13.39631 18.77149 13.38926 18.79418 13.37994 18.81586 13.36844 18.8363 13.35488 18.85531 13.33937 18.87271 13.32208 18.88833 13.30316 18.90203 13.2828 18.91366 13.2612 18.92312 13.23857 18.93031 13.21511 18.93517 13.19106 18.93765 13.16666 18.93773 13.14212 18.9354 13.1177 18.77255 11.99591 19.89434 11.83305 19.91842 11.82834 19.94192 11.82129 19.96461 11.81197 19.98629 11.80048 20.00673 11.78691 20.02574 11.7714 20.04314 11.75411 20.05877 11.73519 20.07246 11.71484 20.08409 11.69324 20.09355 11.6706 20.10075 11.64714 20.10561 11.6231 20.10809 11.59869 20.10816 11.57415 20.10583 11.54973 20.10112 11.52565 20.09407 11.50215 20.08475 11.47946 20.07326 11.45779 20.05969 11.43735 20.04418 11.41833 20.02689 11.40093 20.00797 11.38531 19.98762 11.37161 19.96602 11.35998 19.94338 11.35052 19.91992 11.34333 19.89588 11.33847 19.87147 11.33599 19.84693 11.33591 

136
26.52576 27.90046 27.61915 27.73469 27.78492 28.82807 27.78979 28.85212 27.79698 28.87558 27.80644 28.89821 27.81808 28.91981 27.83177 28.94017 27.8474 28.95908 27.8648 28.97637 27.88382 28.99188 27.90426 29.00544 27.92593 29.01694 27.94863 29.02625 27.97213 29.0333 27.99621 29.03801 28.02063 29.04034 28.04516 29.04026 28.06957 29.03777 28.09362 29.03291 28.11707 29.02571 28.13971 29.01625 28.16131 29.00462 28.18167 28.99092 28.20058 28.9753 28.21787 28.95789 28.23338 28.93888 28.24694 28.91844 28.25844 28.89676 28.26775 28.87407 28.2748 28.85057 28.27951 28.82649 28.28183 28.80206 28.28176 28.77753 28.27927 28.75312 28.1135 27.65974 29.20688 27.49396 29.23093 27.4891 29.25438 27.4819 29.27702 27.47244 29.29862 27.46081 29.31898 27.44711 29.33789 27.43149 29.35518 27.41408 29.37069 27.39507 29.38425 27.37462 29.39575 27.35295 29.40506 27.33025 29.41211 27.30675 29.41682 27.28268 29.41914 27.25825 29.41907 27.23372 29.41658 27.20931 29.41172 27.18526 29.40452 27.16181 29.39506 27.13917 29.38343 27.11757 29.36973 27.09722 29.35411 27.0783 29.3367 27.06101 29.31769 27.04551 29.29724 27.03194 29.27557 27.02045 29.25287 27.01113 29.22937 27.00409 29.2053 26.99938 29.18087 26.99705 29.15634 26.99713 29.13193 26.99961 28.03855 27.16539 27.87277 26.072 27.86791 26.04795 27.86071 26.0245 27.85125 26.00186 27.83962 25.98026 27.82592 25.95991 27.81029 25.94099 27.79289 25.9237 27.77388 25.9082 27.75343 25.89463 27.73176 25.88314 27.70906 25.87382 27.68556 25.86678 27.66149 25.86207 27.63706 25.85974 27.61253 25.85982 27.58812 25.8623 27.56407 25.86717 27.54062 25.87436 27.51798 25.88382 27.49638 25.89546 27.47603 25.90915 27.45711 25.92478 27.43982 25.94218 27.42432 25.9612 27.41075 25.98164 27.39926 26.00331 27.38994 26.02601 27.3829 26.04951 27.37819 26.07359 27.37586 26.09801 27.37594 26.12254 27.37842 26.14695 27.5442 27.24034 26.45081 27.40611 26.42676 27.41098 26.40331 27.41817 26.38067 27.42763 26.35907 27.43927 26.33872 27.45296 26.3198 27.46859 26.30251 27.48599 26.28701 27.50501 26.27344 27.52545 26.26195 27.54712 26.25263 27.56982 26.24558 27.59332 26.24088 27.6174 26.23855 27.64182 26.23863 27.66636 26.24111 27.69076 26.24597 27.71481 26.25317 27.73826 26.26263 27.7609 26.27427 27.7825 26.28796 27.80286 26.30359 27.82177 26.32099 27.83906 26.34001 27.85457 26.36045 27.86813 26.38212 27.87963 26.40482 27.88894 26.42832 27.89599 26.4524 27.9007 26.47682 27.90302 26.50135 27.90295 

84
21.46292 27.15269 18.61372 29.33938 18.59501 29.35525 18.57795 29.37288 18.5627 29.3921 18.54941 29.41272 18.5382 29.43454 18.52918 29.45736 18.52245 29.48095 18.51806 29.50509 18.51606 29.52954 18.51646 29.55407 18.51927 29.57845 18.52445 29.60243 18.53196 29.62578 18.54172 29.64829 18.55364 29.66974 18.5676 29.68991 18.58347 29.70861 18.6011 29.72567 18.62032 29.74092 18.64094 29.75422 18.66277 29.76543 18.68559 29.77444 18.70918 29.78117 18.73332 29.78556 18.75777 29.78757 18.7823 29.78716 18.80667 29.78436 18.83065 29.77918 18.85401 29.77167 18.87652 29.76191 18.89796 29.74999 18.91813 29.73602 21.96567 27.39713 21.98437 27.38126 22.00143 27.36362 22.01668 27.34441 22.02998 27.32379 22.04118 27.30196 22.0502 27.27914 22.05693 27.25555 22.06132 27.23141 22.06332 27.20696 22.06292 27.18243 22.06011 27.15806 22.05493 27.13408 22.04743 27.11072 22.03767 27.08821 22.02575 27.06677 22.01178 27.0466 19.67289 23.99906 19.65701 23.98036 19.63938 23.9633 19.62016 23.94805 19.59954 23.93475 19.57772 23.92355 19.5549 23.91453 19.53131 23.9078 19.50717 23.90341 19.48272 23.9014 19.45819 23.90181 19.43382 23.90461 19.40984 23.9098 19.38648 23.9173 19.36397 23.92706 19.34253 23.93898 19.32235 23.95295 19.30365 23.96882 19.28659 23.98645 19.27134 24.00567 19.25805 24.02629 19.24684 24.04812 19.23782 24.07093 19.23109 24.09452 19.2267 24.11866 19.2247 24.14311 19.2251 24.16764 19.22791 24.19202 19.23309 24.216 19.24059 24.23936 19.25035 24.26186 19.26227 24.28331 19.27624 24.30348 

84
29.39339 35.11098 32.72894 36.44277 32.75215 36.45074 32.77602 36.45639 32.80033 36.45968 32.82485 36.46057 32.84934 36.45905 32.87356 36.45514 32.89728 36.44888 32.92027 36.44032 32.94231 36.42954 32.96319 36.41666 32.98271 36.4018 33.00067 36.38509 33.01691 36.3667 33.03127 36.34681 33.04362 36.32561 33.05382 36.30329 33.06179 36.28009 33.06744 36.25622 33.07073 36.23191 33.07162 36.20739 33.0701 36.1829 33.06619 36.15868 33.05993 36.13496 33.05137 36.11197 33.04059 36.08993 33.02771 36.06905 33.01285 36.04953 32.99614 36.03156 32.97775 36.01532 32.95786 36.00096 32.93666 35.98862 32.91434 35.97842 29.34661 34.55393 29.32341 34.54596 29.29953 34.5403 29.27522 34.53701 29.2507 34.53612 29.22622 34.53764 29.202 34.54155 29.17828 34.54782 29.15529 34.55638 29.13324 34.56715 29.11236 34.58003 29.09285 34.5949 29.07488 34.61161 29.05864 34.63 29.04428 34.64989 29.03194 34.67109 29.02173 34.6934 27.59724 38.26113 27.58927 38.28434 27.58362 38.30821 27.58033 38.33252 27.57944 38.35704 27.58096 38.38153 27.58487 38.40575 27.59114 38.42947 27.5997 38.45246 27.61047 38.4745 27.62335 38.49538 27.63822 38.5149 27.65492 38.53287 27.67331 38.54911 27.6932 38.56347 27.71441 38.57581 27.73672 38.58601 27.75992 38.59398 27.7838 38.59964 27.80811 38.60293 27.83263 38.60382 27.85711 38.6023 27.88133 38.59839 27.90505 38.59212 27.92804 38.58356 27.95009 38.57279 27.97097 38.55991 27.99048 38.54504 28.00845 38.52833 28.02469 38.50994 28.03905 38.49005 28.05139 38.46885 28.0616 38.44654 

66
33.14031 5.38735 33.15158 5.40914 33.16494 5.42972 33.18024 5.44889 33.19736 5.46647 33.21611 5.48229 33.23633 5.49619 33.2578 5.50805 33.28034 5.51774 33.30372 5.52518 33.32772 5.53029 33.3521 5.53302 33.37663 5.53335 33.40108 5.53127 33.4252 5.52681 33.44877 5.52001 33.47156 5.51092 33.49335 5.49965 33.51393 5.4863 33.53311 5.47099 33.55069 5.45388 33.5665 5.43512 33.58041 5.41491 33.59226 5.39343 33.60196 5.37089 33.60939 5.34751 33.6145 5.32352 33.61724 5.29913 33.61757 5.2746 33.61549 5.25016 33.61103 5.22603 33.60422 5.20246 33.59514 5.17967 32.49132 2.76223 32.48005 2.74044 32.4667 2.71985 32.45139 2.70068 32.43427 2.6831 32.41552 2.66728 32.39531 2.65338 32.37383 2.64153 32.35129 2.63183 32.32791 2.6244 32.30391 2.61929 32.27953 2.61655 32.255 2.61622 32.23056 2.6183 32.20643 2.62276 32.18286 2.62957 32.16007 2.63865 32.13828 2.64992 32.1177 2.66328 32.09853 2.67859 32.08095 2.6957 32.06513 2.71445 32.05122 2.73467 32.03937 2.75615 32.02968 2.77868 32.02224 2.80206 32.01713 2.82606 32.0144 2.85044 32.01407 2.87497 32.01614 2.89942 32.0206 2.92354 32.02741 2.94711 32.03649 2.9699 

66
19.32447 39.08788 19.34793 39.08069 19.37056 39.07124 19.39217 39.05961 19.41253 39.04592 19.43144 39.0303 19.44874 39.0129 19.46425 38.99389 19.47782 38.97345 19.48932 38.95178 19.49864 38.92908 19.50569 38.90558 19.51041 38.88151 19.51274 38.85708 19.51267 38.83255 19.51019 38.80814 19.50533 38.78409 19.49814 38.76064 19.48869 38.738 19.47706 38.7164 19.46337 38.69604 19.44775 38.67712 19.43035 38.65982 19.41134 38.64431 19.3909 38.63074 19.36923 38.61924 19.34653 38.60992 19.32304 38.60287 19.29896 38.59815 19.27454 38.59582 19.25 38.59589 19.22559 38.59837 19.20155 38.60323 16.62558 39.25657 16.60213 39.26377 16.57949 39.27322 16.55788 39.28485 16.53753 39.29854 16.51861 39.31416 16.50131 39.33156 16.4858 39.35057 16.47223 39.37101 16.46073 39.39268 16.45141 39.41538 16.44436 39.43887 16.43964 39.46295 16.43731 39.48737 16.43738 39.51191 16.43986 39.53632 16.44472 39.56036 16.45191 39.58382 16.46136 39.60646 16.47299 39.62806 16.48668 39.64842 16.5023 39.66734 16.5197 39.68463 16.53871 39.70014 16.55915 39.71371 16.58082 39.72521 16.60352 39.73454 16.62702 39.74159 16.65109 39.7463 16.67552 39.74864 16.70005 39.74856 16.72446 39.74609 16.74851 39.74123 

66
24.63526 42.3684 24.61673 42.35233 24.5967 42.33815 24.57539 42.326 24.55298 42.316 24.52971 42.30825 24.50578 42.30281 24.48144 42.29975 24.45692 42.29909 24.43244 42.30083 24.40826 42.30496 24.3846 42.31145 24.36169 42.32022 24.33975 42.33119 24.31898 42.34427 24.29961 42.35931 24.28179 42.37618 24.26572 42.39472 24.25155 42.41474 24.2394 42.43606 24.2294 42.45846 24.22165 42.48174 24.21621 42.50566 24.21314 42.53 24.21248 42.55453 24.21422 42.579 24.21836 42.60318 24.22484 42.62685 24.23361 42.64976 24.24459 42.6717 24.25766 42.69246 24.27271 42.71184 24.28958 42.72965 26.20965 44.56698 26.22819 44.58305 26.24821 44.59722 26.26953 44.60937 26.29193 44.61937 26.31521 44.62712 26.33913 44.63256 26.36347 44.63563 26.388 44.63629 26.41247 44.63455 26.43665 44.63041 26.46032 44.62393 26.48323 44.61516 26.50517 44.60418 26.52593 44.59111 26.54531 44.57606 26.56312 44.55919 26.57919 44.54065 26.59337 44.52063 26.60552 44.49932 26.61552 44.47691 26.62327 44.45364 26.62871 44.42971 26.63177 44.40537 26.63243 44.38085 26.63069 44.35637 26.62656 44.33219 26.62007 44.30853 26.6113 44.28562 26.60033 44.26367 26.58725 44.24291 26.57221 44.22353 26.55534 44.20572 

