45.0 5.0
45.8 5.8
45.2 4.8
44.4 4.0
43.7 3.1
42.7 2.5
41.5 2.1
40.5 2.4
39.9 3.3
39.6 4.5
39.2 5.7
38.7 6.9
38.1 8.1
37.5 9.3
36.8 10.3
35.9 11.3
34.9 12.1
34.2 12.9
34.0 14.1
33.7 15.2
33.2 16.4
32.7 17.6
32.2 18.8
33.5 19.1
34.8 19.0
36.1 19.2
37.3 19.5
38.1 20.2
38.9 21.2
39.4 22.3
40.0 23.5
40.5 24.8
41.1 26.0
41.5 27.2
41.8 28.4
42.0 29.7
43.0 30.3
44.1 29.9
44.4 30.9
44.1 32.1
43.7 33.3
43.4 34.5
43.7 35.5
44.7 36.3
45.5 37.3
46.3 38.0
47.4 38.4
48.2 39.3
48.0 40.7
47.5 41.7
46.8 42.9
46.1 44.0
