25.0 15.0
24.0 14.7
22.9 14.3
22.0 14.8
21.5 15.8
21.0 16.8
19.8 16.8
18.8 16.2
18.1 15.3
17.6 14.1
17.3 12.9
17.1 11.8
17.4 10.6
17.3 9.4
16.6 8.5
15.6 7.8
15.3 6.8
15.7 5.8
16.5 4.8
17.4 4.0
18.4 3.3
19.6 2.8
20.8 2.6
21.8 2.8
22.8 3.6
23.6 4.3
24.7 4.5
25.9 4.4
27.0 4.0
28.2 3.6
29.4 3.5
30.4 3.8
31.2 4.7
31.7 5.8
32.1 7.0
32.9 7.9
34.1 8.3
35.4 8.5
36.7 8.7
37.7 9.0
38.5 10.0
38.9 11.2
39.1 12.4
38.8 13.6
38.3 14.7
37.6 15.7
38.0 16.7
39.1 17.0
40.3 16.9
41.6 16.9
42.8 17.1
43.7 17.8
44.6 18.8
45.2 20.0
45.0 21.1
44.5 22.2
44.3 23.4
