5.0 15.0
5.3 16.1
4.8 17.1
5.0 18.2
5.9 18.9
7.0 19.4
8.2 19.5
9.3 19.7
10.4 20.3
11.2 21.2
11.9 22.3
12.6 23.4
13.1 24.4
13.2 25.5
12.8 26.7
12.3 27.8
12.3 29.1
12.9 30.3
13.5 31.3
13.6 32.4
13.5 33.7
13.6 34.9
13.8 36.2
14.2 37.4
14.5 38.4
15.4 39.2
16.5 39.7
17.7 40.0
19.0 40.3
20.1 40.6
21.2 41.2
22.2 42.0
23.1 42.8
24.3 43.0
25.4 42.8
26.6 42.2
27.7 41.5
28.7 40.9
29.9 40.5
31.2 40.3
32.4 40.2
33.7 40.1
34.8 39.7
35.8 39.0
36.8 38.2
37.9 37.8
39.1 38.0
40.3 38.3
41.3 38.2
42.2 37.6
43.0 36.6
43.8 35.5
