5.0 15.0
6.1 15.6
6.6 16.8
7.2 18.0
7.9 19.1
7.9 20.3
7.4 21.4
6.7 22.3
6.7 23.5
7.1 24.6
7.9 25.6
8.3 26.6
7.6 27.6
7.9 28.7
8.7 29.5
9.5 30.2
9.8 31.5
9.5 32.5
9.0 33.4
9.8 34.0
11.0 34.1
12.2 33.8
13.3 33.5
14.5 33.5
15.8 33.8
17.0 34.3
18.2 34.8
19.4 35.3
20.6 35.8
21.8 36.3
23.0 36.8
24.3 37.3
25.5 37.7
26.7 38.1
27.7 37.6
28.5 36.7
29.6 36.1
30.9 35.8
32.0 35.3
33.0 34.6
33.6 33.7
33.9 32.5
34.2 31.2
34.8 30.2
35.7 29.3
36.6 28.6
36.6 27.4
36.2 26.3
36.7 25.3
37.8 24.7
38.9 24.3
39.9 24.5
41.0 25.2
41.7 26.0
42.0 27.2
42.0 28.5
41.9 29.7
41.6 31.0
41.1 32.2
40.8 33.3
41.4 34.4
42.4 35.1
43.4 35.4
43.6 34.2
44.7 33.9
