4.0 4.0
5.1 3.8
5.9 3.2
6.9 2.7
8.1 2.6
9.3 2.8
10.5 3.3
11.6 4.0
12.7 4.7
13.8 5.4
14.9 5.8
16.1 5.9
17.4 6.0
18.5 5.9
19.4 5.4
20.4 6.3
21.6 6.7
21.2 5.5
21.7 4.5
22.7 3.8
23.8 3.3
25.0 2.9
26.1 2.9
27.2 3.4
28.1 4.4
28.3 5.5
28.1 6.7
27.7 7.9
27.3 9.2
26.8 10.4
26.3 11.6
25.9 12.8
25.8 14.0
26.1 15.1
26.6 16.3
26.8 17.5
26.8 18.8
27.1 20.0
27.6 21.1
28.0 22.2
27.9 23.4
27.5 24.6
27.1 25.8
26.7 27.0
26.7 28.2
26.9 29.5
27.3 30.7
27.3 31.9
26.6 32.7
25.5 33.3
24.6 34.2
24.3 35.4
24.3 36.7
24.5 37.9
24.3 39.2
23.4 39.8
22.2 40.0
21.1 40.2
20.0 41.0
19.5 42.1
18.7 43.2
17.7 44.1
16.7 44.9
16.5 46.1
