4.0 4.0
5.1 3.8
6.2 3.5
7.4 3.6
8.6 3.4
9.7 2.9
10.9 2.4
12.1 2.4
13.1 3.0
14.1 3.8
15.1 4.6
16.3 5.1
17.5 5.5
18.6 5.5
19.7 4.9
20.8 5.1
21.0 6.2
21.0 7.4
21.0 8.7
21.0 10.0
21.3 11.2
21.7 12.4
22.0 13.6
22.0 14.9
22.1 16.1
22.9 16.9
24.0 17.4
25.1 17.7
25.9 18.4
26.5 19.5
26.8 20.7
26.8 22.0
26.6 23.3
26.5 24.6
26.5 25.7
26.8 27.0
27.4 28.2
27.7 29.2
27.6 30.4
27.1 31.6
26.8 32.8
26.6 34.1
26.7 35.2
27.0 36.4
27.0 37.6
26.8 38.9
26.3 40.0
25.5 40.7
24.3 41.2
23.1 41.5
21.8 41.6
20.5 41.7
19.2 41.7
18.3 42.6
18.1 43.7
17.0 44.4
