47.0 3.5
46.3 4.5
45.0 4.9
43.8 4.6
42.7 4.9
42.0 5.7
41.6 6.8
41.1 7.8
40.2 8.5
39.0 9.0
38.7 10.2
39.1 11.3
39.9 12.3
40.7 13.2
40.4 14.4
39.5 15.1
38.4 15.6
37.4 16.0
36.6 17.0
36.8 18.2
37.6 19.3
38.5 20.2
39.5 21.0
39.0 22.0
38.0 22.7
37.2 23.6
36.6 24.8
35.9 25.6
34.9 25.8
33.7 25.5
32.5 25.8
31.6 26.7
30.8 27.6
29.8 28.0
28.7 28.0
27.8 28.9
27.3 30.0
26.7 31.2
26.0 32.3
25.4 33.5
24.9 34.4
25.2 35.6
25.9 36.6
26.9 37.4
27.8 38.4
28.7 39.2
29.7 40.0
30.8 40.7
31.9 41.3
33.1 41.9
34.0 42.6
34.2 43.6
33.8 44.8
