47.0 3.5
47.5 4.4
46.3 4.8
45.1 4.8
43.9 4.6
42.8 4.8
41.7 5.4
40.5 6.0
39.4 6.6
38.3 7.3
37.2 8.0
36.9 9.2
37.6 10.1
38.3 11.1
38.2 12.1
38.2 13.3
38.5 14.5
38.9 15.7
38.3 16.6
37.3 17.0
37.0 18.2
37.7 19.1
38.7 19.9
39.3 20.8
38.6 21.6
37.6 22.2
36.4 22.6
35.6 23.4
35.0 24.5
34.2 25.5
33.2 26.3
32.2 27.1
31.1 27.5
29.9 27.6
28.6 27.7
27.5 28.2
26.5 28.8
26.2 29.8
26.6 30.9
26.7 32.0
26.4 33.1
25.8 34.3
25.1 35.4
25.1 36.5
26.3 37.1
27.3 37.5
28.2 38.3
28.9 39.4
29.6 40.5
30.3 41.6
30.9 42.7
31.4 43.9
31.7 45.2
32.0 46.4
