45.0 45.0
45.2 46.1
44.3 46.8
43.1 47.2
41.9 47.5
40.7 48.1
39.5 48.5
38.3 48.6
37.4 48.0
37.5 46.8
37.8 45.6
37.9 44.4
37.8 43.1
37.6 41.8
37.5 40.5
37.4 39.2
36.9 38.2
35.9 37.7
34.7 37.6
33.4 37.7
32.2 38.0
31.2 38.3
30.2 37.6
29.4 36.6
28.3 35.9
27.2 35.2
26.0 34.7
24.7 34.4
23.4 34.2
22.1 34.1
20.9 33.4
20.0 32.5
19.1 31.7
18.1 30.9
17.2 29.9
16.4 28.9
15.7 27.8
14.6 27.5
13.7 28.2
12.5 28.3
11.2 28.5
10.0 28.9
8.9 29.5
8.0 28.7
8.2 27.6
8.7 26.5
8.9 25.4
8.8 24.2
8.3 23.1
7.5 22.1
6.5 21.3
5.5 20.7
5.4 19.5
5.8 18.4
6.4 17.3
6.8 16.2
6.7 15.1
5.9 14.0
4.9 13.3
3.8 12.7
2.7 12.0
1.9 11.3
1.7 9.9
1.6 8.7
1.7 7.5
2.3 6.4
3.1 5.4
4.0 4.6
