45.0 45.0
46.0 44.8
47.1 43.9
47.7 42.9
48.0 41.7
48.0 40.5
47.5 39.3
46.8 38.2
46.0 37.2
45.1 36.3
44.5 35.2
43.7 34.2
43.2 33.1
43.1 31.8
43.2 30.6
42.7 29.7
41.7 29.3
40.5 29.3
39.3 29.3
38.1 29.0
36.9 28.5
35.8 27.9
34.6 27.4
33.4 27.1
32.1 27.1
31.1 26.8
30.4 26.0
30.1 24.8
30.0 23.6
30.0 22.3
29.9 21.3
29.3 20.2
28.4 19.3
27.4 18.6
26.2 18.2
24.9 18.1
23.7 18.1
22.5 18.4
21.4 18.9
20.4 18.4
20.2 17.3
20.4 16.1
20.3 14.8
20.1 13.6
19.5 12.7
18.4 12.8
17.3 13.2
15.9 13.0
14.9 12.4
13.9 11.6
12.8 11.1
11.5 10.9
10.9 10.1
11.2 9.0
11.1 7.8
10.6 6.6
10.3 5.4
10.1 4.3
9.4 3.5
8.3 2.9
7.0 2.6
6.0 2.7
5.8 3.8
