45.0 45.0
44.1 45.9
43.1 46.8
42.0 47.0
40.8 46.6
39.7 46.2
39.6 44.9
39.6 43.8
39.2 42.6
38.6 41.5
37.9 40.4
36.9 39.5
35.9 38.8
34.9 38.1
34.2 37.1
33.7 35.9
33.4 34.6
33.1 33.5
32.4 32.5
32.1 31.3
32.4 30.2
33.0 29.1
33.8 28.1
34.3 27.0
34.4 25.8
34.5 24.5
34.5 23.2
34.7 21.9
34.9 20.7
34.5 19.5
33.9 18.5
33.7 17.3
33.9 16.1
34.3 14.9
34.0 13.8
33.2 13.0
32.1 12.3
31.0 11.8
29.9 11.2
28.7 10.6
27.6 10.6
26.7 11.3
25.9 11.9
24.8 11.8
23.7 11.2
22.7 10.4
21.6 9.9
20.4 9.4
19.2 9.2
17.9 9.2
16.7 9.5
15.5 9.5
14.2 9.4
13.1 9.1
12.2 8.4
11.4 7.4
10.7 6.3
10.0 5.1
9.4 4.0
8.7 3.2
7.7 2.7
6.7 3.1
5.9 3.9
