47.0 46.0
48.0 45.4
48.4 44.4
48.4 43.2
48.2 41.9
48.2 40.6
48.0 39.6
47.3 38.7
46.2 38.1
45.4 37.5
45.1 36.5
45.2 35.3
45.4 34.0
45.5 32.7
45.5 31.4
45.6 30.1
45.8 28.8
46.0 27.5
45.2 26.7
44.1 26.6
42.9 26.8
41.8 27.3
40.8 28.0
39.8 28.4
38.5 28.4
37.2 28.2
36.0 27.8
34.8 27.3
33.7 26.8
32.6 26.6
31.5 27.2
30.7 28.0
29.7 28.5
28.5 28.6
27.3 28.5
26.2 28.2
25.8 29.3
26.0 30.5
26.6 31.6
27.1 32.8
27.6 34.0
27.8 35.2
27.7 36.4
27.4 37.6
26.9 38.8
26.6 39.8
27.6 40.3
28.7 40.0
29.7 39.5
30.5 38.6
31.1 37.5
31.4 36.2
32.4 36.1
