45.0 13.0
44.1 12.1
45.3 11.8
46.5 11.8
47.3 10.9
47.9 9.8
48.0 8.8
47.4 7.8
46.5 7.0
45.5 6.3
44.3 5.8
43.6 5.0
43.0 3.9
42.7 2.8
41.9 2.1
40.8 1.7
39.7 2.2
38.9 3.1
38.2 4.2
37.8 5.4
37.7 6.6
37.9 7.9
38.1 9.0
37.3 9.6
36.3 9.7
35.1 9.5
34.2 10.1
33.7 11.0
33.4 12.2
33.3 13.4
33.0 14.6
32.4 15.7
31.8 16.7
32.1 17.7
32.9 18.7
33.9 19.5
35.0 20.1
36.0 20.9
37.1 21.6
38.1 22.4
39.2 23.1
40.0 23.9
40.5 25.0
40.7 26.3
40.8 27.6
40.8 28.8
42.1 29.0
43.0 28.4
43.7 29.5
43.6 30.6
43.4 31.7
43.6 32.9
44.2 34.1
44.9 35.2
45.8 36.2
46.7 37.1
47.5 38.1
48.1 39.3
48.5 40.5
48.7 41.8
48.4 42.8
47.5 43.4
46.3 43.8
45.4 44.4
44.7 45.4
44.1 46.6
43.6 47.6
42.4 47.9
41.4 47.5
40.3 46.8
39.3 46.1
38.3 45.4
38.0 44.1
38.4 43.0
39.1 41.9
39.5 40.9
39.6 39.7
39.2 38.7
38.1 38.5
36.9 38.7
35.6 39.1
34.6 39.5
33.4 39.2
32.5 38.4
31.7 37.4
30.6 36.8
29.4 36.4
28.2 36.3
26.9 36.4
25.6 36.5
