45.0 13.0
45.9 13.6
46.0 14.7
45.7 15.8
45.1 16.9
44.4 18.0
43.3 18.7
42.1 18.9
40.9 18.9
39.7 19.3
38.6 19.9
37.5 20.3
36.2 20.5
35.0 20.3
33.9 19.8
32.9 19.0
32.0 18.1
31.1 17.1
30.3 16.2
29.4 15.2
28.5 14.5
27.3 14.1
26.1 13.9
25.0 14.1
23.9 14.7
22.8 15.4
21.7 15.8
20.4 15.9
19.2 15.8
18.2 16.1
17.3 16.9
16.7 17.9
16.2 19.1
15.7 20.2
15.4 21.3
15.4 22.6
15.4 23.9
15.4 25.2
15.2 26.5
15.2 27.7
15.4 28.9
16.0 30.0
16.7 31.1
17.6 31.9
18.7 32.5
19.8 32.9
20.7 33.7
21.6 34.6
22.3 35.7
22.9 36.8
23.7 37.9
