45.0 13.0
46.1 13.2
47.2 12.8
48.0 12.0
48.4 11.0
48.0 10.0
48.2 8.7
48.5 7.6
48.0 6.7
47.1 6.1
45.9 5.7
44.6 5.4
43.7 4.7
43.3 3.7
43.0 2.7
41.9 2.5
40.7 2.8
39.7 3.5
39.0 4.3
38.7 5.5
38.6 6.7
38.2 7.7
37.4 8.6
36.4 9.1
35.2 9.5
33.9 9.6
32.7 9.7
31.4 9.8
30.1 10.1
28.9 10.4
27.7 10.7
26.5 10.8
25.2 10.7
24.2 10.8
23.3 11.4
22.6 12.4
21.9 13.2
20.9 13.6
19.8 13.6
18.9 14.6
18.7 15.7
18.5 16.7
17.7 17.6
16.7 18.3
15.5 18.9
14.2 19.3
13.4 20.2
14.2 21.0
15.3 20.7
15.7 21.8
15.2 22.7
14.5 23.6
14.1 24.9
14.2 25.9
14.9 26.7
15.5 27.7
15.7 28.8
15.7 30.1
15.9 31.1
16.6 32.2
17.4 33.1
18.4 33.6
19.6 33.6
20.7 33.5
21.9 33.8
23.0 34.3
24.1 35.0
24.7 34.1
25.7 34.9
25.1 36.0
