12.5 12.5
12.0 12.0
11.6 11.3
11.3 10.5
10.8 9.8
10.4 9.3
10.9 8.8
11.2 8.2
11.3 7.6
11.3 6.8
11.3 6.1
11.4 5.6
10.8 5.4
10.2 5.4
9.6 5.4
9.8 4.7
9.6 4.1
9.2 3.4
8.6 2.8
8.0 2.3
7.5 2.1
6.9 2.5
6.5 3.1
6.2 3.9
6.0 4.7
6.0 5.6
5.7 6.1
5.2 6.4
4.6 6.5
3.8 6.5
3.1 6.7
2.5 7.1
2.0 7.7
1.6 8.3
1.4 9.1
1.3 10.0
1.3 10.8
1.4 11.3
1.5 12.1
1.7 13.0
2.0 13.8
2.2 14.6
2.4 15.4
2.4 16.2
2.3 17.1
2.2 17.8
2.4 18.3
2.8 18.9
3.4 19.4
4.2 19.8
5.0 20.1
5.8 20.4
6.4 20.9
7.0 21.4
7.5 22.1
7.9 22.8
8.2 23.7
8.5 24.5
8.8 25.2
9.2 26.0
9.6 26.7
9.9 27.4
10.4 27.9
11.0 28.5
11.6 29.1
12.2 29.6
12.9 29.9
13.7 30.0
14.6 30.0
15.4 29.9
16.2 29.8
16.7 29.9
17.0 30.4
17.2 31.1
17.2 31.8
17.1 32.3
17.2 32.9
17.6 33.3
18.3 33.6
19.0 33.7
19.5 33.8
20.3 33.8
21.1 34.1
21.9 34.4
22.7 34.7
23.4 35.1
24.1 35.4
24.8 35.4
25.5 35.1
26.3 34.7
27.0 34.2
27.7 33.8
28.3 33.6
29.0 33.6
29.8 33.9
30.5 34.3
31.2 34.8
31.9 35.3
32.7 35.8
33.4 36.3
34.1 36.8
34.8 37.2
35.5 37.3
36.1 37.0
36.6 36.7
37.5 37.5
