15.0 13.0
16.0 13.2
16.7 14.3
16.8 15.4
16.6 16.7
16.2 17.9
15.7 19.1
15.2 20.3
14.5 21.4
13.8 22.4
13.1 23.4
12.7 24.5
12.5 25.7
12.6 26.9
13.0 28.0
13.4 29.1
14.1 30.0
15.2 30.6
16.3 31.0
16.9 31.9
16.8 33.1
16.9 34.2
17.3 35.4
17.9 36.6
18.5 37.6
18.8 38.7
19.8 39.7
20.8 40.1
21.8 40.0
22.8 39.5
23.6 38.6
24.4 37.5
25.0 36.4
25.7 35.4
26.5 34.4
27.6 33.8
28.7 33.3
29.9 33.2
31.1 33.4
32.2 33.6
33.0 32.5
33.4 31.4
34.1 30.3
34.9 29.3
35.8 28.3
36.8 27.5
37.8 26.8
38.6 26.0
39.2 24.9
39.7 23.7
39.8 22.7
39.0 21.8
37.9 21.5
36.7 21.4
35.5 21.0
34.7 20.1
34.3 18.9
33.8 17.8
33.3 16.7
33.2 15.7
33.6 14.5
34.3 13.5
35.1 12.5
35.8 11.4
36.3 10.5
37.5 10.0
38.6 10.0
38.8 8.7
38.3 7.7
37.5 6.8
36.4 5.9
35.5 5.1
