25.0 3.0
23.7 2.5
22.4 2.4
21.2 2.5
20.1 3.0
19.2 3.8
18.3 4.7
17.3 5.3
16.2 5.7
14.9 5.9
13.8 6.1
12.8 6.8
12.2 7.8
11.8 8.9
11.7 10.0
12.1 11.2
12.6 12.2
12.5 13.2
12.0 14.3
12.7 15.1
13.8 15.2
14.9 15.4
15.0 16.7
14.5 17.8
13.8 18.9
13.7 19.9
14.2 21.0
14.0 22.0
13.3 22.8
12.3 23.4
12.3 24.5
13.0 25.4
13.6 26.2
13.8 27.3
13.6 28.5
13.5 29.5
13.9 30.5
14.8 31.4
15.9 32.2
17.1 32.7
18.2 33.4
19.2 34.1
20.2 35.0
21.1 35.8
22.2 36.5
23.4 37.0
24.6 37.4
25.7 37.3
26.9 36.9
28.0 36.2
29.0 35.9
30.1 36.7
31.0 37.6
32.0 38.2
33.1 38.5
34.2 38.3
35.3 37.7
36.3 36.9
37.2 35.9
38.0 34.9
38.9 34.2
40.0 33.7
41.2 33.4
42.1 32.6
42.4 31.5
42.9 30.6
43.8 30.0
45.0 29.6
46.3 29.2
47.5 28.8
47.1 27.6
46.4 26.7
