30.0 10.0
30.9 10.5
31.3 11.6
31.3 12.8
30.9 14.1
30.7 15.3
30.8 16.5
31.6 17.4
32.7 17.9
33.9 18.3
35.2 18.7
36.4 19.1
37.2 19.7
37.8 20.8
38.5 21.9
39.1 22.9
39.4 24.1
39.3 25.3
38.6 26.4
37.6 27.2
36.5 27.8
35.3 28.2
34.2 28.6
33.0 28.7
31.8 28.4
30.5 28.2
29.2 28.1
28.0 28.0
26.9 27.4
26.0 26.7
25.0 26.8
24.2 27.7
23.0 28.2
21.8 28.2
20.6 27.9
19.6 27.3
19.8 25.9
19.9 24.7
19.8 23.4
19.6 22.1
19.2 20.9
18.7 19.9
17.6 19.7
16.9 20.5
16.4 21.6
15.3 22.0
14.3 21.6
13.4 20.8
12.4 20.0
11.3 19.2
10.3 18.7
9.1 18.6
8.0 18.4
7.7 17.2
8.0 16.1
8.6 14.9
9.0 13.6
8.6 12.5
8.0 11.4
7.3 10.5
8.3 9.6
