43.0 21.0
41.8 21.1
40.6 21.2
39.5 21.0
38.4 20.5
37.4 21.0
36.8 22.0
36.4 23.2
35.7 24.2
34.8 25.0
34.3 25.9
34.0 27.1
34.1 28.4
33.6 29.6
32.8 30.7
31.9 31.7
31.0 32.5
30.0 33.2
29.4 34.2
29.1 35.4
28.9 36.6
28.7 37.9
28.4 39.2
28.2 40.5
27.8 41.6
27.1 42.7
26.2 43.5
25.1 44.1
23.9 44.5
22.7 44.9
21.9 44.3
21.6 43.2
21.6 41.9
21.5 40.6
21.4 39.4
20.4 38.7
19.4 38.1
19.2 37.1
19.3 35.9
19.0 34.8
17.8 34.4
16.8 33.9
16.5 32.9
16.7 31.7
16.9 30.6
16.7 29.4
16.2 28.3
15.6 27.1
15.0 26.0
14.7 24.8
14.5 23.6
14.4 22.6
15.5 21.9
