43.0 21.0
42.0 21.4
40.9 20.8
39.9 20.4
39.1 21.4
38.8 22.5
38.6 23.6
37.7 24.1
36.6 24.0
35.4 23.6
34.5 24.1
34.1 25.2
34.0 26.5
33.9 27.7
33.4 28.8
32.7 29.9
32.1 30.8
32.3 32.0
32.9 33.1
33.7 33.8
34.8 34.4
36.0 34.7
37.3 35.0
38.5 35.4
39.4 36.0
40.2 37.0
40.5 38.0
39.7 38.8
38.6 39.1
37.3 39.3
36.1 39.6
34.9 40.0
33.8 40.1
32.6 39.7
31.6 39.1
30.7 38.4
29.6 38.4
28.6 39.0
27.8 40.0
27.1 41.1
26.6 42.0
25.5 41.8
24.3 41.5
23.0 41.6
21.8 41.5
21.0 40.7
20.5 39.6
19.9 38.7
18.9 38.0
18.3 36.8
18.3 35.6
18.4 34.4
18.4 33.2
18.0 32.0
17.2 31.0
16.3 30.2
15.7 29.3
15.4 28.1
15.4 26.8
15.5 25.5
15.7 24.3
15.8 23.0
15.6 21.6
