5.0 5.0
5.1 3.9
6.1 3.7
7.2 4.1
8.1 4.8
8.8 5.9
9.4 7.0
10.6 7.4
11.7 6.9
12.8 6.1
13.8 5.9
15.0 6.0
16.1 6.4
17.2 6.2
18.2 5.6
19.3 5.0
20.5 4.7
21.7 4.5
22.7 5.2
22.7 6.3
23.9 6.0
25.1 5.6
26.1 5.8
26.9 6.6
27.4 7.7
27.4 8.9
26.9 10.0
26.1 11.0
25.4 11.8
25.2 12.8
25.4 14.0
25.8 15.1
26.8 15.8
27.9 15.9
29.0 15.2
30.1 14.8
31.0 15.8
31.5 17.0
31.7 18.3
32.4 19.1
33.4 18.9
34.3 18.3
35.1 17.5
36.2 17.6
37.3 18.1
38.3 18.8
39.2 19.6
40.1 18.6
40.5 17.4
41.3 16.5
42.3 16.3
43.3 16.2
43.8 15.2
43.4 14.1
42.6 13.2
42.0 12.1
41.7 10.8
41.6 9.5
41.7 8.3
42.1 7.1
42.1 6.0
41.3 5.4
40.2 5.0
39.0 4.5
37.9 4.0
36.8 3.3
36.9 4.7
36.7 5.7
