12.5 25.0
13.3 24.4
13.6 23.4
13.9 22.2
14.5 21.1
15.2 20.0
15.3 19.0
14.7 18.0
14.4 16.9
14.8 15.8
15.6 14.8
16.6 14.0
17.5 13.1
18.1 12.0
18.3 10.9
18.4 9.6
19.1 8.4
20.1 7.6
21.2 7.0
22.4 6.5
23.4 6.1
23.6 5.1
23.2 4.0
22.5 2.9
21.7 2.0
20.7 1.5
19.5 1.3
18.2 1.4
17.2 1.6
16.7 2.5
16.7 3.7
16.6 4.7
15.9 5.7
14.9 6.5
13.8 7.2
12.6 7.8
11.6 8.5
10.6 9.4
9.7 10.4
8.9 11.5
8.1 12.3
6.9 12.8
5.7 13.2
4.7 14.0
4.2 15.1
3.9 16.3
4.0 17.5
4.3 18.8
4.4 20.0
4.1 21.2
3.8 22.3
4.1 23.5
4.0 24.8
3.4 25.9
2.6 27.0
2.1 27.9
2.2 29.2
2.8 30.3
3.5 31.4
4.1 32.5
4.5 33.7
