8.5 30.0
9.0 30.9
8.8 32.1
9.9 32.5
11.0 32.1
12.0 31.4
13.0 30.6
14.1 29.8
15.1 29.0
15.9 28.4
17.1 28.5
18.2 29.1
19.2 29.9
20.3 30.6
21.4 31.2
22.6 31.5
23.8 31.7
25.0 32.0
26.1 32.2
27.3 31.8
28.5 31.5
29.9 31.5
31.2 31.4
32.5 31.3
33.7 31.4
34.4 32.2
34.4 33.3
33.9 34.4
33.2 35.3
33.0 36.3
33.2 37.5
33.4 38.6
33.2 39.6
32.5 40.5
31.6 41.2
30.4 41.5
29.2 41.7
28.0 41.9
26.8 42.4
25.7 42.9
24.4 43.1
23.1 43.1
21.9 43.2
20.9 43.6
20.0 44.4
18.9 44.8
17.6 44.9
16.5 45.0
15.6 45.6
14.9 46.5
14.4 47.6
13.1 47.7
12.2 47.0
11.4 46.0
10.6 45.0
9.8 44.0
9.5 43.0
9.7 41.8
