25.0 37.5
24.1 36.7
22.9 36.6
21.8 37.1
20.6 37.4
19.3 37.5
18.2 37.2
17.3 36.4
16.5 35.4
16.0 34.2
15.6 32.9
15.3 31.7
14.3 31.0
13.1 31.1
11.9 30.8
10.7 30.2
9.5 29.7
8.3 29.1
7.4 28.6
7.6 27.5
8.4 26.6
8.5 25.4
8.2 24.3
7.5 23.2
7.2 22.2
7.9 21.3
8.7 20.2
9.3 19.1
9.9 18.0
10.7 16.9
11.5 15.9
12.2 14.8
12.9 13.7
13.6 12.7
14.5 11.7
15.3 10.8
15.9 9.7
16.3 8.5
16.6 7.2
16.4 6.2
15.4 5.8
14.1 5.8
12.8 5.8
11.6 5.8
10.3 5.9
9.0 6.0
7.8 6.0
6.5 5.9
5.5 6.5
5.4 7.6
5.9 8.6
6.5 9.4
6.4 10.6
5.9 11.7
5.1 12.7
4.2 13.6
