25.0 37.5
23.9 37.4
22.9 36.8
22.0 35.9
21.1 35.0
20.0 34.4
18.8 34.1
17.5 33.8
16.3 33.5
15.1 33.0
15.4 31.9
15.3 30.8
14.6 30.0
13.6 29.4
12.8 28.5
12.2 27.3
11.8 26.1
11.6 25.0
11.9 23.9
12.6 23.0
13.5 22.1
14.2 21.0
14.7 19.8
14.8 18.6
14.3 17.7
13.4 17.0
12.6 16.2
12.2 15.1
12.1 13.9
12.9 12.9
14.0 12.6
15.1 12.6
15.7 11.5
15.4 10.5
16.4 10.7
16.9 9.6
17.6 8.6
18.5 8.0
19.7 7.8
21.0 7.9
22.2 8.2
23.2 8.1
23.5 7.1
23.4 5.9
23.1 4.7
22.6 3.5
21.7 3.0
20.7 3.9
19.6 4.6
18.5 5.2
17.3 5.6
16.1 5.8
14.9 5.6
13.8 5.1
12.6 4.5
11.6 4.0
10.3 4.2
9.2 4.8
8.0 5.4
6.9 6.0
5.8 6.6
5.0 7.7
4.8 8.8
5.0 10.1
5.1 11.1
4.7 12.2
4.6 13.3
