17.5 4.0
17.7 5.0
18.9 5.0
19.9 4.4
21.0 4.5
22.0 5.2
23.1 5.9
24.4 6.3
25.7 6.5
26.8 6.7
27.5 7.7
27.5 8.9
27.1 10.0
26.4 11.1
26.1 12.2
26.8 13.1
27.8 13.8
28.1 14.9
27.5 15.9
26.9 16.8
27.3 18.0
28.0 19.0
28.6 20.0
28.9 21.2
29.4 22.2
30.3 23.1
31.3 23.9
32.1 24.8
32.8 25.9
33.5 26.9
34.5 27.6
35.6 28.1
36.8 28.2
37.9 27.9
38.9 27.4
39.6 26.4
40.2 25.3
41.0 24.2
41.8 23.2
42.7 22.6
43.9 22.3
45.1 22.3
46.3 22.5
46.9 23.3
47.2 24.5
47.1 25.7
46.9 27.0
46.5 28.2
46.1 29.5
46.1 30.7
45.9 31.9
45.3 32.8
44.7 33.9
45.0 34.9
45.7 35.8
46.4 37.0
46.4 38.2
46.1 39.4
45.0 39.9
43.9 39.6
42.9 38.9
42.0 38.1
40.9 37.9
39.7 38.1
38.5 38.5
37.3 38.7
36.1 38.7
34.9 38.3
33.8 37.6
32.8 36.9
31.9 36.0
30.9 35.1
30.6 33.8
31.2 32.8
