35.0 45.0
36.0 44.4
36.6 43.4
37.6 42.7
38.8 42.3
40.1 42.0
41.4 42.0
42.6 42.2
43.6 41.5
43.3 40.5
42.7 39.5
42.2 38.5
42.3 37.5
43.1 36.8
44.0 36.2
44.0 34.8
44.2 33.6
44.2 32.4
43.4 31.5
42.4 30.8
41.4 30.6
40.2 30.9
39.1 31.5
37.9 31.9
36.9 32.6
36.1 33.4
34.7 33.9
33.6 34.2
32.5 34.8
31.6 35.6
30.8 36.6
29.8 37.0
28.8 36.6
27.9 35.9
26.8 35.8
25.8 36.3
24.9 37.1
23.9 37.2
22.7 36.8
21.7 36.1
20.7 35.3
19.6 34.6
18.4 34.1
17.1 33.6
16.2 33.1
15.4 32.1
14.8 30.9
14.2 29.8
13.4 28.8
13.0 27.7
12.9 26.4
