15.0 33.5
16.1 33.9
16.7 35.0
16.7 36.1
16.4 37.3
16.0 38.4
16.0 39.6
16.3 40.7
17.1 41.4
18.1 42.0
19.3 42.2
20.3 42.5
21.1 43.3
21.7 44.5
22.0 45.7
22.4 46.9
23.4 47.6
24.6 47.9
25.8 47.9
27.1 47.7
28.4 47.5
29.6 47.3
30.8 47.1
31.6 46.4
31.9 45.4
31.9 44.1
31.8 42.8
31.8 41.6
32.4 40.7
33.4 40.1
34.6 39.8
35.7 39.2
36.6 38.4
37.8 37.9
39.0 38.0
40.1 38.3
41.0 37.5
41.3 36.3
41.5 35.0
41.6 33.7
41.7 32.4
41.8 31.1
41.7 29.8
41.4 28.6
41.1 27.4
41.2 26.2
41.6 24.9
42.2 23.9
43.3 23.3
44.5 23.3
45.7 23.6
