15.0 33.5
16.1 33.1
17.1 33.8
17.3 34.9
17.8 35.9
18.9 36.4
20.1 36.6
21.4 36.6
22.6 36.7
23.9 37.0
25.1 37.4
26.1 37.6
27.3 36.9
28.0 35.9
29.1 35.2
30.3 34.8
31.4 34.3
32.4 33.6
33.2 32.7
34.0 31.6
34.9 30.6
35.5 29.5
35.9 28.4
36.6 27.5
37.6 26.8
38.4 26.0
38.5 24.8
38.1 23.7
37.4 22.7
36.8 21.7
36.8 20.5
36.7 19.3
36.3 18.1
35.8 16.9
35.2 15.7
36.2 15.0
37.4 14.4
38.5 13.8
39.6 13.7
40.3 14.5
40.6 15.7
40.6 16.9
40.2 18.0
40.7 19.1
41.7 19.5
42.9 19.8
44.2 20.1
45.4 20.5
46.4 21.1
47.1 22.0
47.7 23.2
