15.0 33.5
15.3 32.4
14.8 31.4
14.4 30.3
14.4 29.1
14.3 27.9
13.7 26.8
12.9 25.8
12.4 24.7
12.6 23.6
13.3 22.5
13.8 21.4
14.2 20.1
14.6 18.9
15.2 17.8
16.0 16.7
16.8 15.8
17.8 15.2
18.8 15.1
19.7 15.6
20.6 16.5
21.6 17.2
22.6 16.9
23.7 16.2
24.9 15.7
26.1 15.3
27.4 15.1
28.6 15.1
29.9 15.2
31.0 15.2
32.1 14.7
33.2 14.0
34.1 13.1
35.1 12.2
36.0 11.3
36.9 10.4
37.9 10.0
39.2 9.8
40.4 9.9
41.6 10.2
42.8 10.7
44.0 11.2
45.1 11.7
44.2 12.6
43.5 13.5
43.9 14.5
44.6 15.5
45.3 16.5
45.7 17.7
45.9 19.0
46.1 20.2
46.4 21.4
46.3 22.7
46.6 23.7
47.7 24.1
