17.5 17.5
18.4 16.7
17.5 15.8
16.2 15.5
14.9 15.3
13.6 15.2
12.3 15.1
11.0 15.0
9.9 15.6
9.8 16.7
10.0 17.9
10.5 19.1
10.6 20.2
10.4 21.5
10.0 22.8
9.4 23.9
8.8 25.1
8.1 26.1
7.3 27.2
6.5 28.1
5.4 28.8
4.5 29.6
3.9 30.5
3.9 31.6
4.3 32.8
4.9 33.9
5.5 34.9
5.4 35.9
5.0 37.1
4.3 38.1
3.6 39.0
4.5 39.7
5.6 39.8
6.5 39.3
7.4 38.4
8.1 37.5
9.1 37.1
10.4 37.3
11.6 37.7
12.8 38.2
14.0 38.6
15.1 39.2
16.0 40.0
16.9 40.7
18.1 40.8
19.1 40.2
20.0 39.3
20.9 38.6
21.8 37.8
22.4 36.7
23.2 36.1
24.2 35.8
25.2 36.4
25.9 37.4
26.4 38.5
26.7 39.6
27.8 39.9
28.7 39.4
29.7 38.8
30.9 38.7
32.2 38.7
33.5 38.9
34.7 39.1
35.7 38.9
36.7 38.3
37.5 37.5
38.6 37.8
39.5 38.5
40.7 38.7
41.9 38.6
43.1 38.2
44.1 37.4
44.8 36.4
45.4 35.2
45.9 34.0
