41.5 41.0
40.8 40.0
40.7 38.8
41.7 38.5
42.3 37.5
42.8 36.3
43.3 35.2
44.1 34.2
44.8 33.2
45.2 31.9
45.4 30.6
45.6 29.4
46.0 28.1
46.4 26.9
46.3 25.5
46.3 24.3
46.6 23.2
47.2 22.1
47.4 20.9
46.9 19.7
46.2 18.7
45.4 17.6
44.8 16.5
44.0 15.5
43.4 14.7
42.2 14.7
41.1 15.1
40.3 15.7
40.0 16.8
40.3 18.0
40.9 19.0
41.4 20.2
41.7 21.5
41.7 22.7
41.5 23.9
41.3 25.2
41.1 26.5
41.1 27.7
41.1 29.0
41.0 30.3
40.7 31.5
40.1 32.6
39.4 33.6
39.0 34.7
38.9 35.9
39.0 37.0
38.1 37.8
37.0 38.1
35.8 38.0
34.8 38.2
33.9 38.9
33.1 39.8
