33.5 3.5
32.9 4.3
31.7 4.3
30.7 4.8
29.8 5.6
29.3 6.6
29.0 7.8
28.9 9.0
28.6 10.3
28.3 11.5
28.2 12.8
28.3 14.1
28.4 15.5
28.3 16.8
27.6 17.8
27.1 18.9
27.4 19.9
28.2 20.8
29.3 21.6
30.4 22.2
31.7 22.6
33.0 22.8
34.2 23.0
34.8 24.1
35.8 24.9
36.9 24.6
38.0 23.9
39.0 23.1
40.1 22.4
41.2 22.4
41.9 23.2
42.2 24.4
42.3 25.6
42.5 26.9
42.9 28.0
43.5 29.2
44.1 30.4
44.6 31.5
45.4 32.3
46.6 32.8
47.3 33.8
47.5 34.9
47.4 36.2
47.4 37.3
47.6 38.4
47.5 39.5
47.7 40.6
48.1 41.8
48.4 43.0
48.6 44.3
48.6 45.5
48.1 46.6
