17.5 33.0
18.5 32.6
19.0 33.6
18.3 34.5
18.5 35.8
19.2 36.7
20.0 37.7
20.8 38.6
21.8 38.4
22.8 37.7
23.7 36.7
24.6 35.8
25.5 34.8
26.1 33.7
26.0 32.5
25.5 31.4
24.8 30.3
23.9 29.4
22.8 28.7
22.1 27.9
21.9 26.9
22.2 25.7
22.5 24.5
22.7 23.2
22.6 22.0
22.4 20.7
22.0 19.5
21.6 18.3
21.2 17.0
21.1 15.7
21.1 14.4
21.3 13.1
21.6 11.9
22.0 10.7
22.0 9.5
21.7 8.3
21.2 7.2
20.7 6.0
19.8 5.4
18.7 5.4
17.4 5.6
16.2 5.6
14.9 5.3
13.6 4.9
12.5 4.5
11.9 5.4
12.1 6.6
12.4 7.9
12.7 9.2
13.0 10.5
13.1 11.5
12.2 12.3
11.2 13.1
10.9 14.2
10.9 15.4
10.9 16.7
10.6 18.0
10.2 19.2
9.9 20.4
9.6 21.6
9.0 22.5
8.1 23.4
7.4 24.5
6.9 25.7
6.4 26.9
5.7 27.9
5.0 28.9
4.6 29.9
4.7 31.1
4.8 32.3
4.6 33.5
4.3 34.7
4.3 35.9
4.5 37.1
4.8 38.2
4.6 39.3
4.0 40.3
3.7 41.3
4.1 42.4
4.9 43.4
5.3 44.5
5.5 45.7
4.8 46.5
