17.5 3.5
18.6 3.6
19.7 4.4
20.4 5.3
21.4 5.0
22.2 4.4
23.4 4.5
24.4 5.0
25.0 6.2
24.9 7.4
24.7 8.6
24.8 9.8
24.7 11.1
24.4 12.3
23.9 13.5
23.3 14.6
22.8 15.7
22.6 16.8
22.9 18.0
23.4 19.1
24.2 20.0
25.1 21.0
25.7 22.1
26.1 23.3
27.0 23.9
28.1 23.8
29.2 23.3
30.3 22.9
31.4 22.9
32.6 23.3
33.6 23.8
34.4 24.8
35.0 25.9
35.6 27.0
36.6 27.5
37.7 27.5
38.9 27.4
40.1 27.5
41.3 27.9
42.5 28.4
43.3 29.1
44.3 30.0
45.2 30.9
45.9 31.9
46.3 33.0
46.5 34.2
46.5 35.5
46.6 36.8
46.6 38.0
46.9 39.2
47.4 40.5
47.7 41.6
47.7 42.9
47.5 44.2
47.2 45.3
