19.5 20.0
20.5 19.8
21.4 19.2
22.6 18.6
23.8 18.1
24.9 18.0
26.1 18.4
27.2 19.0
28.3 19.7
29.4 20.3
30.4 21.0
31.2 21.9
31.7 23.1
32.2 24.3
32.6 25.3
33.6 25.4
34.7 25.0
35.8 24.3
36.8 23.5
37.7 22.6
38.1 21.4
37.8 20.2
37.5 19.0
37.3 17.7
37.5 16.6
38.1 15.6
39.0 14.9
40.0 14.1
41.0 13.1
41.8 12.1
42.5 11.3
43.3 12.4
43.7 13.6
44.2 14.8
44.6 16.0
44.8 17.2
44.9 18.5
45.1 19.6
45.6 20.8
46.0 22.1
46.2 23.3
46.2 24.6
46.0 25.8
45.9 27.1
46.1 28.3
46.6 29.5
46.4 30.6
45.9 31.7
45.6 33.0
45.2 34.0
44.4 34.8
43.5 35.4
43.2 36.4
43.0 37.7
42.9 39.0
42.7 40.1
