15.0 15.0
16.2 15.6
17.3 15.8
18.5 15.6
19.6 15.1
20.6 14.9
21.6 15.3
22.5 16.1
23.2 17.1
23.6 18.3
23.9 19.6
24.1 20.8
24.1 22.1
24.3 23.2
24.9 24.4
25.6 25.4
26.1 26.6
26.3 27.7
26.0 28.7
25.5 29.7
26.2 30.8
26.5 32.0
26.0 33.0
25.2 34.0
24.2 34.8
23.3 35.4
23.6 36.6
24.5 37.3
25.2 38.2
25.7 39.3
25.8 40.5
25.9 41.6
26.7 42.6
27.7 43.1
29.0 43.3
30.2 43.4
31.4 43.3
32.5 42.8
33.6 42.0
34.6 41.5
35.8 41.5
37.0 41.7
38.2 41.8
39.5 41.6
40.7 41.2
41.8 40.7
42.9 40.1
44.0 39.5
44.6 38.4
44.7 37.2
44.4 36.0
