15.0 33.5
14.8 32.2
14.0 31.3
13.8 30.1
14.4 29.1
15.4 28.3
16.5 27.7
17.5 27.3
16.6 26.5
16.0 25.4
16.1 24.3
16.7 23.4
17.7 22.5
18.7 21.8
19.6 21.1
20.3 20.0
21.1 19.0
21.9 18.1
22.9 18.0
23.9 18.5
25.0 18.9
26.2 18.8
27.4 18.5
28.0 17.7
28.0 16.5
27.7 15.3
27.4 14.2
28.2 13.3
29.2 13.0
30.4 13.1
31.4 13.0
32.5 12.4
33.3 11.4
34.0 10.5
32.8 10.5
31.7 10.3
30.5 9.8
29.5 9.1
28.4 8.4
27.3 7.8
26.6 7.0
26.1 5.9
25.8 4.7
25.5 3.5
24.4 2.9
23.2 3.0
22.0 3.4
20.8 3.6
19.5 3.6
18.3 3.7
17.2 4.1
16.0 4.7
14.8 5.2
13.6 5.7
12.6 6.4
11.6 7.3
10.8 8.3
10.1 9.3
9.3 10.4
8.5 11.4
7.7 12.4
7.0 13.6
6.5 14.8
6.0 15.9
5.4 17.1
5.0 18.3
4.8 19.6
4.4 20.9
4.1 22.2
3.7 23.4
3.5 24.7
3.6 25.9
3.9 27.2
4.1 28.5
4.1 29.7
4.0 30.9
3.8 32.2
4.1 33.3
5.0 33.9
