37.5 25.0
37.9 26.1
37.5 27.1
38.5 27.0
39.5 27.5
40.5 28.4
41.3 29.3
42.1 30.4
42.7 31.5
43.1 32.7
43.3 34.0
43.7 35.2
44.3 36.4
45.3 37.3
46.5 37.5
47.7 37.5
48.4 38.6
48.3 39.8
48.0 41.1
47.6 42.3
47.0 43.5
46.4 44.6
45.6 45.6
44.7 46.5
43.8 47.3
42.5 47.2
41.5 46.5
40.7 45.6
39.9 44.7
39.3 43.7
39.0 42.5
38.9 41.2
38.3 40.4
37.2 40.2
35.9 40.3
34.7 40.1
33.5 39.7
32.4 39.7
31.2 40.0
30.2 40.1
29.1 39.7
28.1 39.0
27.0 38.2
25.9 37.5
24.8 36.9
23.5 36.4
22.5 35.8
21.6 34.8
21.0 33.7
20.0 33.2
18.9 33.6
17.8 33.6
16.8 32.8
16.0 31.8
15.4 30.7
15.0 29.5
14.8 28.3
14.6 27.0
14.3 26.0
13.5 25.1
12.4 24.4
12.2 23.3
13.0 22.5
14.1 21.8
15.0 21.2
15.6 19.9
16.5 18.9
17.6 18.3
18.8 17.9
19.7 17.2
20.6 16.3
21.6 15.4
22.6 14.6
23.0 13.4
22.7 12.2
21.9 11.5
20.9 10.9
19.9 10.1
18.8 9.6
17.5 9.7
16.2 10.0
15.0 10.3
13.8 10.8
12.8 11.6
