37.5 25.0
36.4 25.4
35.3 25.9
34.7 27.0
34.4 28.1
34.0 29.3
33.3 30.3
32.5 31.3
31.6 32.3
30.7 33.0
29.6 33.3
28.5 33.4
27.6 34.2
26.9 35.1
25.9 35.8
25.0 36.9
24.5 38.0
24.2 39.2
23.3 40.1
22.2 40.3
20.9 40.2
19.6 39.9
18.3 39.6
17.1 39.3
15.8 39.1
14.7 38.6
14.2 37.7
14.1 36.5
14.0 35.2
14.6 34.4
15.6 33.7
16.4 32.7
16.9 31.6
16.8 30.2
16.2 29.1
15.4 28.2
14.9 27.1
14.6 25.9
14.6 24.6
14.6 23.3
15.0 22.2
15.6 21.2
16.5 20.3
17.4 19.3
18.2 18.3
19.0 17.3
19.8 16.3
20.3 15.2
21.1 14.3
22.1 13.6
23.2 13.0
23.9 12.2
23.1 11.1
22.0 10.5
20.9 10.3
19.6 10.4
18.3 10.7
17.0 11.0
15.7 11.3
14.5 11.6
13.5 11.8
