38.0 28.0
39.0 27.5
39.4 26.5
39.7 25.2
40.0 23.9
40.3 22.7
41.0 21.6
41.7 20.5
42.5 19.5
43.3 18.4
43.9 17.3
44.4 16.1
45.1 15.1
45.9 14.1
46.8 13.1
47.6 12.2
47.9 10.9
47.7 9.7
47.1 8.6
46.5 7.5
45.8 6.4
45.0 5.4
44.1 4.6
43.6 3.5
42.9 2.7
41.9 2.6
40.9 3.3
40.4 4.3
40.1 5.5
39.9 6.8
39.8 8.1
39.2 9.0
38.1 9.6
36.8 10.0
35.8 10.3
35.1 11.4
35.0 12.6
34.5 13.5
33.4 13.2
32.1 13.3
31.0 13.8
29.8 14.3
28.6 14.5
27.4 14.6
26.1 14.8
24.8 15.0
23.5 15.2
22.2 15.3
20.9 15.4
19.7 15.5
18.7 15.6
18.0 14.7
17.4 13.8
17.1 12.8
15.8 12.8
