25.0 12.5
26.2 12.4
27.4 12.6
28.3 13.7
29.2 14.5
30.4 15.1
31.5 15.7
32.6 16.4
33.5 17.2
34.2 18.3
34.8 19.4
35.3 20.6
36.0 21.7
36.8 22.7
37.4 23.8
37.6 24.9
37.0 25.8
36.3 26.7
35.9 27.8
35.8 29.1
35.6 30.3
35.0 31.4
34.3 32.5
33.5 33.6
32.9 34.7
32.3 35.8
31.6 36.7
30.5 36.9
29.2 36.7
28.0 36.2
26.7 35.9
25.4 35.6
24.1 35.5
22.8 35.5
21.5 35.5
20.3 35.4
19.2 35.0
18.1 34.3
17.0 33.7
16.1 33.0
15.4 32.0
14.6 31.0
13.7 30.2
12.6 29.4
11.6 28.6
10.6 27.9
9.5 27.5
8.4 27.5
8.0 28.5
8.4 29.5
8.7 30.6
8.5 31.7
8.0 32.6
7.0 33.2
5.8 33.6
4.7 33.8
