5.0 5.0
5.5 6.0
4.8 7.0
5.4 8.2
6.5 8.7
7.7 9.2
8.8 9.7
9.9 10.4
10.7 11.2
11.1 12.2
11.2 13.4
11.0 14.5
10.3 15.5
9.3 16.4
8.3 17.1
7.8 18.2
7.9 19.3
8.4 20.4
8.7 21.5
8.2 22.5
7.7 23.5
7.6 24.7
7.8 25.9
8.3 26.8
9.3 27.2
10.4 26.9
11.4 26.4
12.7 26.6
13.8 27.3
14.7 28.2
15.5 29.2
15.9 30.2
15.9 31.5
15.7 32.7
15.4 33.8
16.4 34.3
17.6 34.1
18.6 34.2
19.5 34.8
20.5 35.4
21.5 35.8
21.9 37.0
22.3 38.0
23.3 37.9
24.4 37.4
25.5 37.2
26.7 37.3
27.9 37.7
29.0 37.3
30.0 36.6
31.2 36.1
32.5 35.7
33.5 35.4
34.2 34.3
34.4 33.1
34.7 31.9
35.3 30.9
36.2 29.9
37.3 29.4
38.5 29.1
39.6 28.6
40.5 27.8
41.3 26.8
42.4 26.5
43.2 27.3
44.3 27.9
45.4 27.8
46.4 27.4
47.1 26.2
47.2 25.0
47.0 23.7
46.7 22.5
46.3 21.2
45.8 19.9
45.3 18.7
44.8 17.5
44.3 16.4
43.8 15.2
43.3 14.0
42.8 12.8
42.3 11.6
41.9 10.4
40.8 10.5
39.8 10.8
39.3 9.8
38.4 9.0
37.7 8.1
37.2 6.9
36.9 5.7
37.8 5.0
39.0 4.9
40.3 4.9
41.5 4.7
42.7 4.3
43.9 3.7
45.0 3.9
