45.0 13.0
45.1 14.0
44.6 14.9
44.0 15.9
43.6 17.1
43.4 18.4
43.2 19.7
42.8 20.9
42.3 21.9
41.1 22.3
39.9 22.2
38.9 22.0
37.9 22.7
37.2 23.7
36.7 24.8
36.3 26.0
35.8 27.2
35.1 28.2
34.2 29.3
33.5 30.3
33.0 31.4
32.7 32.7
32.5 34.0
32.4 35.3
32.0 36.4
31.2 37.4
30.2 38.2
29.1 38.8
28.0 38.9
26.8 38.7
25.6 38.3
24.5 38.0
23.3 38.1
22.1 38.4
20.9 38.9
19.8 39.5
18.7 39.3
17.8 38.6
17.2 37.6
16.8 36.4
16.6 35.1
16.6 33.9
16.7 32.6
16.8 31.4
16.9 30.1
16.8 28.9
16.6 27.6
16.2 26.4
15.9 25.3
16.1 24.2
16.3 22.9
16.3 21.6
16.4 20.3
16.6 19.0
16.8 18.0
17.7 17.4
18.9 17.3
20.1 16.9
21.3 16.2
22.3 15.4
23.3 14.8
24.6 14.6
25.8 14.3
27.0 13.8
28.1 13.1
29.1 12.4
30.1 11.7
31.2 10.9
32.2 10.2
33.2 9.5
34.3 9.3
35.6 9.3
36.8 9.6
37.9 10.1
39.0 10.0
39.2 9.0
38.9 8.0
38.2 7.0
37.3 6.1
36.6 5.1
37.2 3.9
38.2 3.4
39.4 3.0
40.6 2.7
41.9 2.5
43.2 2.5
43.7 3.6
