46.0 46.0
47.0 45.7
47.7 44.9
47.9 43.8
48.0 42.5
48.4 41.3
48.3 40.2
48.0 39.1
47.3 38.0
46.6 37.0
46.2 35.8
46.1 34.5
46.1 33.2
46.2 32.0
45.9 30.9
45.1 29.9
44.2 29.1
43.1 28.5
41.8 28.1
40.5 27.9
39.2 27.8
37.9 27.7
36.6 27.7
35.3 27.7
34.1 27.6
33.3 27.0
32.9 25.9
32.9 24.6
33.1 23.3
34.2 22.9
35.3 23.5
36.5 23.6
37.6 23.1
38.6 22.4
39.5 21.4
40.3 20.4
41.1 19.3
41.8 18.2
42.4 17.0
42.7 16.0
42.4 15.0
42.1 13.7
41.8 12.4
41.7 11.2
41.6 9.9
41.6 8.7
41.9 7.5
42.4 6.3
42.7 5.1
43.0 3.9
43.3 2.8
44.4 2.8
