46.0 46.0
45.1 46.6
44.8 45.4
44.8 44.2
44.9 43.0
44.8 42.0
44.3 41.0
44.1 39.9
44.4 38.7
44.8 37.5
45.4 36.3
46.0 35.3
46.5 34.2
46.6 33.0
46.4 31.7
45.8 30.6
45.0 29.6
44.1 28.8
43.4 27.8
43.0 26.6
42.3 25.6
41.5 24.7
40.5 23.8
39.6 23.0
38.6 22.7
37.3 22.9
36.1 23.4
35.0 23.9
33.8 24.1
32.5 23.9
31.2 23.7
30.0 23.3
28.8 22.8
27.6 22.2
26.6 22.1
25.4 22.1
24.4 21.8
23.4 21.1
22.9 20.0
23.1 18.9
23.6 17.7
24.3 16.6
25.2 15.8
25.9 15.0
26.3 13.9
26.4 12.8
26.4 11.6
27.2 11.0
28.0 10.4
28.5 9.4
28.7 8.2
28.5 6.9
28.9 5.7
29.7 4.9
30.7 4.3
31.9 4.0
33.2 4.1
34.5 4.4
35.7 4.9
36.8 5.5
37.8 5.9
38.8 5.7
39.9 5.1
40.8 4.3
41.8 4.2
43.0 4.5
44.0 5.0
45.2 4.5
