4.0 4.0
3.8 2.8
4.8 3.2
5.8 3.0
6.3 4.1
7.3 4.7
8.4 5.2
9.6 5.5
10.9 5.5
12.1 5.3
13.4 5.1
14.7 5.1
16.0 5.2
17.3 5.3
18.5 5.6
19.8 6.0
21.0 6.4
22.3 6.6
22.5 7.8
21.9 8.8
21.4 9.8
21.7 10.9
21.8 12.2
21.6 13.4
21.6 14.6
21.9 15.9
22.8 16.5
23.9 16.4
25.0 15.8
26.0 15.9
26.9 16.7
27.5 17.7
28.0 18.9
28.4 20.1
29.0 21.2
29.7 22.2
30.5 23.2
31.4 24.1
32.4 24.7
33.5 24.5
34.6 23.9
35.7 23.3
37.0 22.9
38.2 22.7
39.3 22.2
40.2 21.3
41.0 20.3
41.6 19.2
42.1 18.1
41.6 16.9
40.9 15.8
40.5 14.6
40.0 13.5
39.2 12.7
38.2 11.8
37.6 10.8
37.6 9.5
37.9 8.4
38.6 7.3
39.4 6.3
40.2 5.3
40.8 4.2
41.5 3.2
42.5 2.5
43.7 2.1
44.7 2.2
45.6 3.0
