35.0 4.0
36.0 3.7
37.1 2.9
38.3 2.5
39.4 2.8
40.6 3.1
41.9 3.0
42.9 3.1
44.0 3.9
44.6 5.0
45.2 6.1
45.9 7.2
46.8 8.2
47.6 9.1
48.3 10.0
48.7 11.2
48.7 12.4
48.6 13.7
48.3 15.0
48.0 16.2
47.5 17.4
46.9 18.5
46.1 19.5
45.1 20.2
44.0 20.6
43.5 21.7
43.4 22.7
42.4 23.6
41.3 24.0
40.0 24.2
38.7 24.3
37.7 24.6
36.9 25.7
36.6 26.9
36.3 28.1
35.6 29.3
35.0 30.4
34.3 31.5
33.7 32.7
33.1 33.8
32.6 34.9
32.4 36.2
31.8 37.2
30.7 37.7
29.5 38.0
28.2 38.2
27.0 38.3
26.0 38.6
25.0 39.3
23.9 40.1
23.0 40.9
22.5 41.8
22.5 42.9
23.2 44.0
24.3 44.2
25.1 43.6
25.2 44.7
