5.0 45.0
6.0 45.2
7.1 46.0
8.3 46.3
9.1 45.6
9.8 44.6
10.6 43.6
11.5 42.6
12.3 41.7
13.2 40.8
13.8 39.7
14.5 38.6
15.2 37.5
16.0 36.5
17.2 36.0
18.5 36.0
19.8 35.9
21.0 35.8
22.3 35.6
23.5 35.2
23.8 34.2
23.3 33.1
22.6 32.2
22.1 31.1
21.9 29.9
22.0 28.6
22.2 27.3
22.4 26.0
22.9 25.1
23.8 24.3
24.8 23.7
25.9 23.2
26.2 21.9
25.9 20.7
25.8 19.5
25.9 18.2
26.2 16.9
26.7 15.9
28.0 15.9
29.1 16.4
30.3 16.5
31.6 16.3
32.9 15.9
34.1 15.5
35.2 15.2
36.5 15.1
37.7 15.3
38.9 15.6
40.0 15.9
41.0 15.6
42.2 15.1
43.5 14.6
