5.0 45.0
6.1 44.6
7.0 43.8
7.6 42.7
8.1 41.5
8.8 40.6
9.9 40.1
11.1 39.6
12.3 39.0
13.4 38.3
14.5 37.7
15.7 37.1
16.9 36.7
18.2 36.6
19.3 36.5
20.1 35.9
20.8 34.9
21.2 33.8
21.7 32.8
22.6 32.1
23.2 31.1
22.8 30.1
22.5 29.1
23.1 28.3
24.1 27.7
25.3 27.4
26.2 26.9
26.8 25.9
27.2 24.7
27.3 23.5
27.7 22.3
28.4 21.5
29.4 21.3
30.6 21.5
31.7 21.4
32.7 20.8
33.6 20.0
34.4 19.0
34.8 17.9
35.0 16.6
35.1 15.3
35.2 14.1
35.8 13.1
36.7 12.5
37.7 12.7
39.0 12.9
40.3 13.0
41.6 12.9
43.0 12.8
44.1 13.1
44.9 13.9
