5.0 45.0
3.9 44.7
3.4 43.8
3.6 42.5
4.0 41.3
4.6 40.1
5.2 39.0
5.8 37.9
6.3 36.7
6.5 35.4
6.5 34.1
6.5 32.8
7.0 31.7
7.6 30.6
8.4 29.5
9.2 28.4
9.9 27.5
10.9 27.1
12.2 26.7
13.4 26.2
14.4 25.6
15.3 24.8
16.2 23.8
16.7 22.8
16.9 21.5
17.5 20.5
18.5 20.4
19.8 20.6
20.9 20.2
21.6 19.3
22.1 18.2
22.3 16.9
22.4 15.7
23.5 15.6
24.4 16.4
25.5 16.7
26.5 16.1
27.2 15.2
27.8 14.1
28.6 13.1
29.6 12.2
30.5 11.5
31.8 11.7
32.7 12.4
33.5 13.4
34.2 14.5
35.1 15.2
36.2 15.3
37.4 14.9
38.6 14.4
39.8 14.0
41.1 13.7
42.3 13.3
43.3 13.4
44.1 14.5
