37.5 25.0
37.1 24.0
36.2 23.0
35.7 21.9
35.4 20.7
34.9 19.8
33.7 19.1
32.7 18.6
32.2 17.3
32.3 16.1
32.7 15.1
33.6 14.5
34.7 14.0
35.1 12.9
34.8 11.8
34.1 10.8
33.0 10.2
31.7 10.0
30.4 10.1
29.2 10.3
28.0 10.7
26.9 11.3
25.9 12.1
25.0 13.1
24.1 14.1
23.3 15.0
22.3 15.6
21.1 16.0
19.8 16.3
18.8 16.6
18.3 17.6
17.9 18.8
17.3 20.0
16.9 21.1
16.5 22.3
16.3 23.3
17.3 23.5
18.4 23.3
19.4 24.0
19.8 25.0
20.1 26.0
21.1 26.6
22.3 26.6
23.5 26.3
24.5 25.9
25.4 26.5
25.9 27.5
26.1 28.8
26.5 30.0
27.0 31.2
27.5 32.4
27.8 33.6
27.7 34.6
27.0 35.4
25.7 35.2
24.7 35.3
24.5 36.6
