4.0 46.0
3.9 45.0
3.3 44.0
2.4 43.1
1.7 42.3
2.0 41.0
2.1 40.0
1.7 38.9
1.8 37.7
2.5 36.8
3.5 36.1
4.2 35.1
4.1 33.9
3.9 32.8
4.4 31.6
5.3 30.8
6.4 30.2
7.4 29.7
8.2 28.7
8.8 27.6
9.0 26.5
8.8 25.3
8.3 24.1
7.7 23.0
7.1 21.8
6.5 20.7
6.1 19.5
6.0 18.3
5.8 17.0
5.5 15.8
4.9 14.6
4.1 13.6
3.2 12.7
2.3 11.9
1.8 10.8
1.5 9.6
1.3 8.2
1.2 7.1
2.1 6.4
3.3 6.3
4.5 6.5
5.3 5.8
5.6 4.7
5.5 3.5
5.8 2.4
6.8 2.1
8.0 2.1
9.0 2.7
9.9 3.5
10.5 4.5
10.6 5.6
10.3 6.8
9.9 7.9
10.3 9.1
11.1 10.0
12.2 10.5
13.4 10.9
14.7 11.2
15.9 11.4
17.2 11.6
18.4 11.4
19.2 10.6
19.9 9.8
21.2 10.0
22.2 10.7
23.1 11.6
23.9 12.7
24.6 13.8
25.3 14.7
26.4 15.4
27.6 16.0
28.7 16.6
29.8 17.3
30.9 18.1
31.8 18.9
32.9 19.7
34.0 20.3
35.2 21.0
36.3 21.7
37.4 22.4
38.5 22.4
39.4 21.7
40.2 20.8
41.1 20.0
42.1 19.2
43.1 18.4
43.9 17.4
44.5 16.3
44.9 15.1
45.3 13.9
