4.0 46.0
5.1 46.2
6.0 46.8
6.9 47.4
8.0 47.5
9.2 47.3
10.4 46.9
11.4 46.3
11.4 45.0
10.7 44.0
10.0 43.2
10.3 42.0
11.0 41.2
12.1 40.7
13.4 40.4
14.6 40.3
15.7 40.0
16.6 39.2
17.1 38.2
17.2 36.9
17.1 35.6
16.9 34.3
16.7 33.0
17.9 32.4
19.0 32.6
20.0 33.3
20.8 34.1
21.8 34.4
23.1 34.4
24.3 34.2
25.4 34.1
26.6 34.5
27.8 34.8
29.0 34.8
30.3 34.5
31.4 34.0
32.5 33.5
33.3 32.7
34.0 31.6
34.4 30.4
34.7 29.2
35.3 28.0
36.0 26.9
36.8 26.1
37.9 25.4
39.1 24.8
40.2 24.1
40.8 23.1
40.8 22.0
40.4 20.9
40.9 19.7
41.9 19.1
43.1 18.9
44.2 18.7
45.1 18.2
45.8 17.2
46.2 16.1
46.1 15.0
45.6 13.9
