15.0 13.0
16.1 13.5
15.9 12.2
15.2 11.2
14.3 10.3
13.2 9.5
12.2 8.8
11.4 7.9
10.8 6.8
10.3 5.6
9.9 4.4
9.5 3.4
8.7 2.8
7.5 2.7
6.6 3.3
5.8 4.3
4.9 5.2
3.9 6.0
2.8 6.8
1.9 7.6
1.6 8.8
1.8 10.0
2.3 11.1
3.0 12.2
3.8 13.1
4.5 14.2
5.2 15.3
5.8 16.4
6.6 17.4
7.2 18.5
7.5 19.8
7.7 21.1
7.9 22.2
8.5 23.1
9.5 23.7
10.6 24.3
11.7 25.0
12.7 25.7
13.3 26.6
13.6 27.8
13.6 29.0
14.3 30.0
15.4 30.5
16.6 30.9
17.8 31.5
18.9 32.2
20.0 32.9
21.0 33.7
22.1 34.5
23.0 35.3
23.8 36.3
24.4 37.2
25.6 37.3
26.7 36.8
27.7 36.6
28.3 37.5
29.2 38.2
30.3 38.2
31.5 37.9
32.5 37.4
33.7 37.5
