32.5 46.0
33.3 45.0
34.2 44.5
34.5 43.2
34.4 42.0
34.1 40.8
33.7 39.5
34.3 38.5
35.4 38.3
36.7 38.4
37.8 38.8
38.7 39.6
39.4 40.4
40.5 40.7
41.8 40.6
43.0 40.0
43.6 39.1
44.0 37.9
44.5 36.7
45.1 35.5
45.8 34.4
46.4 33.3
46.6 32.3
46.4 31.1
45.9 29.8
45.4 28.6
44.9 27.4
44.5 26.2
44.2 25.0
43.2 24.1
42.0 23.5
40.8 23.1
39.5 22.8
38.3 22.5
37.0 22.3
35.8 22.1
34.5 22.1
33.3 22.4
32.1 22.9
30.9 23.0
30.0 22.5
29.3 21.6
28.9 20.5
28.8 19.2
28.7 17.9
28.8 16.6
29.0 15.4
28.9 14.1
28.7 12.9
28.2 11.7
27.6 10.8
27.5 9.7
27.7 8.5
26.9 7.7
25.8 8.0
24.7 8.6
23.7 8.8
22.8 7.7
22.3 6.6
21.9 5.4
20.9 4.4
19.8 4.0
18.5 3.9
