46.0 46.0
45.9 45.0
46.1 43.8
45.9 42.7
45.4 41.6
44.6 40.7
43.7 39.8
43.6 38.6
44.4 37.6
45.1 36.5
45.9 35.4
46.2 34.4
46.1 33.1
45.7 31.9
45.2 30.7
44.5 29.6
43.6 28.7
42.6 27.9
41.4 27.4
40.4 26.9
39.7 26.0
39.2 24.9
38.9 23.7
38.9 22.5
39.2 21.2
39.5 20.0
39.9 18.8
40.0 17.6
39.9 16.4
39.6 15.2
39.1 14.0
38.5 12.8
38.1 11.6
38.0 10.3
38.0 9.1
38.2 7.8
38.6 6.6
38.1 5.5
37.1 5.0
36.0 4.9
34.7 5.0
33.5 4.9
32.3 4.5
31.1 4.2
29.8 4.1
28.5 4.1
27.2 4.1
25.9 3.9
24.8 3.9
23.6 4.4
22.4 5.0
21.1 5.1
20.0 4.7
18.9 4.1
