46.0 46.0
45.4 44.9
44.9 43.8
44.8 42.6
44.7 41.3
44.7 40.0
44.6 38.8
43.4 38.1
42.3 37.8
41.2 37.3
40.0 37.1
38.8 37.2
37.5 37.5
36.2 37.7
35.0 37.9
33.7 37.8
32.4 37.7
31.3 37.9
30.2 38.5
29.1 38.8
28.2 38.1
27.5 37.0
27.0 35.8
26.7 34.5
26.5 33.2
26.4 31.9
26.3 30.6
26.2 29.5
25.5 28.5
24.6 27.7
23.4 27.0
22.2 26.4
21.0 26.0
20.1 25.4
19.5 24.4
19.1 23.2
18.1 22.4
17.0 22.4
15.8 22.7
14.5 23.0
13.2 23.1
11.8 23.2
10.8 22.9
10.2 22.0
9.9 20.9
9.9 19.8
9.4 18.8
8.6 17.9
7.6 17.1
6.9 16.1
7.4 15.1
8.1 14.0
8.4 12.8
8.3 11.6
8.0 10.3
8.0 9.2
8.7 8.4
9.8 7.7
10.9 7.0
12.0 6.3
13.0 5.5
14.0 4.7
15.1 4.2
16.4 3.9
