46.0 46.0
45.4 44.8
44.7 43.9
44.5 42.8
44.9 41.6
45.5 40.5
45.9 39.3
46.1 38.1
46.3 36.8
46.1 35.8
45.5 34.8
45.3 33.7
45.4 32.4
45.7 31.2
45.7 30.0
44.9 29.1
43.8 29.0
42.5 28.9
41.5 28.5
40.4 27.7
39.5 26.9
38.7 25.9
37.9 24.9
37.1 24.1
36.0 23.5
35.0 23.2
33.9 23.4
32.7 23.5
31.5 23.2
30.3 22.7
29.4 21.7
28.9 20.5
28.8 19.2
28.7 17.9
28.8 16.6
28.9 15.3
29.0 14.1
28.7 12.9
28.2 11.7
27.8 10.6
27.7 9.4
27.7 8.1
27.8 6.8
27.7 5.7
26.9 5.0
25.8 4.5
24.5 4.2
23.2 4.1
22.0 4.0
20.9 4.0
19.8 4.5
18.8 5.0
