46.0 46.0
47.2 45.8
46.8 44.8
46.6 43.7
46.5 42.5
45.9 41.6
45.0 40.8
44.3 39.8
44.4 38.6
44.3 37.4
44.6 36.2
45.2 35.0
45.9 34.0
46.1 32.9
45.6 31.9
44.8 31.0
45.0 29.7
45.2 28.7
44.5 27.9
43.5 27.3
42.3 27.3
41.1 27.8
39.9 28.3
38.7 28.7
37.5 28.9
36.2 28.9
34.9 28.9
33.6 28.8
32.6 28.7
32.2 27.6
32.3 26.5
32.7 25.3
33.3 24.2
32.0 23.9
31.0 24.1
30.2 23.5
29.5 22.4
29.1 21.2
28.9 20.1
28.0 19.5
26.8 19.2
25.7 19.2
24.5 19.4
23.6 18.5
23.4 17.3
23.7 16.2
23.5 15.2
22.8 14.2
21.9 13.5
21.5 12.2
21.6 11.0
21.9 9.8
22.0 8.7
21.5 7.7
20.8 6.6
20.0 5.6
19.0 4.7
