5.0 15.0
4.0 15.7
3.1 16.3
2.5 17.3
2.1 18.4
1.8 19.7
1.8 20.9
1.9 22.2
2.0 23.5
2.3 24.7
2.6 25.9
3.2 26.9
4.0 27.9
4.5 29.1
4.9 30.3
5.3 31.5
5.6 32.7
6.2 33.7
6.6 34.9
6.8 36.2
7.2 37.2
8.1 38.1
9.1 38.8
10.1 39.4
10.9 38.7
11.1 37.5
11.0 36.3
10.8 35.0
10.5 33.8
10.2 32.8
11.2 32.2
12.4 32.1
13.7 32.2
15.0 32.5
16.1 32.7
17.3 32.4
18.3 31.8
19.4 31.5
20.5 31.9
21.4 32.7
22.4 33.3
23.6 33.4
24.9 33.5
26.1 33.9
27.2 33.9
27.9 33.0
28.0 31.9
27.8 30.7
27.6 29.6
27.7 28.4
28.0 27.3
27.3 26.5
26.3 26.2
