5.0 45.0
4.0 44.5
4.8 43.8
5.2 42.7
5.2 41.5
5.0 40.3
4.9 39.0
4.8 37.7
4.7 36.4
4.7 35.0
4.6 33.8
5.0 32.7
5.7 31.7
5.9 30.5
5.9 29.2
5.7 28.1
6.8 27.8
7.8 28.2
9.0 28.3
9.8 27.5
10.2 26.4
10.3 25.2
10.3 24.1
10.6 23.1
11.4 22.2
12.3 21.4
13.4 20.8
14.3 20.0
15.2 19.1
15.9 18.3
15.6 17.3
14.5 16.5
13.9 15.7
14.6 14.6
15.7 14.1
16.8 13.5
17.8 12.9
18.2 11.6
18.7 10.6
19.6 9.7
20.6 8.9
21.7 8.2
22.8 7.6
24.0 7.2
25.2 6.9
26.4 6.5
27.5 5.8
28.6 5.4
29.9 5.3
31.2 5.3
32.5 5.3
33.8 5.3
35.2 5.2
36.5 5.2
37.5 4.8
38.6 4.1
39.7 3.5
40.9 3.0
42.0 3.0
43.3 3.2
44.5 3.7
45.6 4.1
