8.5 8.5
9.7 8.5
10.7 8.6
11.8 9.1
12.9 9.9
13.8 10.8
14.2 12.0
13.6 13.0
12.6 13.8
11.5 14.5
10.5 15.2
9.6 16.1
9.0 17.3
9.1 18.5
9.6 19.7
10.2 20.8
10.4 21.8
9.9 22.7
8.9 23.3
7.7 23.8
7.4 24.8
7.8 25.8
8.1 27.0
8.2 28.3
8.1 29.6
7.4 30.9
6.7 31.9
6.1 33.0
5.6 34.3
5.2 35.4
5.2 36.6
5.4 37.9
5.9 39.1
7.0 40.0
8.2 40.4
9.5 40.5
10.5 40.3
11.5 39.7
12.4 39.0
13.7 39.4
14.6 40.1
15.3 40.9
16.3 41.1
17.4 40.9
18.6 40.5
19.8 40.5
20.8 41.1
21.9 41.3
23.2 41.1
24.4 40.6
25.5 40.1
25.3 39.1
24.4 38.5
23.2 38.0
22.0 37.4
20.9 36.7
19.9 36.0
19.0 35.1
18.3 34.0
17.5 33.0
17.2 31.9
17.3 30.7
17.5 29.5
17.8 28.2
18.2 27.0
18.6 25.9
18.6 24.8
18.2 23.7
17.7 22.5
17.6 21.5
18.1 20.4
