25.0 25.0
24.5 24.0
23.3 24.5
22.3 24.2
21.3 23.6
20.3 22.8
19.3 22.1
18.2 21.4
17.2 20.5
16.9 19.3
16.5 18.1
16.2 16.8
16.0 15.6
16.6 14.7
17.7 14.3
19.0 14.2
20.2 14.3
21.4 14.1
22.5 13.5
23.7 13.0
25.0 12.7
26.1 12.4
26.9 11.7
27.5 10.6
27.8 9.4
28.2 8.1
29.2 7.3
30.2 7.1
31.4 7.3
32.5 7.3
33.6 6.8
34.6 6.1
35.9 5.9
37.1 6.3
38.2 6.9
39.2 7.7
40.2 8.5
41.2 9.4
42.1 10.4
42.9 11.5
43.3 12.5
43.2 13.7
43.9 14.8
44.9 15.3
46.1 15.4
47.1 15.7
47.4 17.0
47.2 18.2
46.9 19.5
46.3 20.6
46.1 21.6
46.4 22.6
47.1 23.6
