7.0 21.0
7.6 20.2
8.8 19.7
10.0 19.7
11.2 20.0
12.4 20.5
13.4 21.2
14.3 22.1
15.1 23.1
15.6 24.1
15.3 25.2
14.6 26.2
13.7 27.1
14.1 28.3
15.0 28.9
16.3 29.5
17.5 29.9
18.8 30.3
20.1 30.5
21.4 30.7
22.7 30.9
23.9 31.0
25.2 30.9
26.3 30.5
27.6 30.0
28.8 29.6
29.9 29.2
31.1 28.8
32.3 28.7
33.5 28.7
34.8 29.0
36.1 29.2
37.4 29.4
38.7 29.8
39.8 30.3
41.0 30.7
42.2 30.7
43.4 30.5
44.5 30.7
45.1 31.7
45.4 32.9
45.5 34.2
45.5 35.5
45.7 36.6
46.3 37.6
47.1 38.6
47.8 39.6
48.0 40.8
47.5 41.8
46.7 42.7
45.7 43.4
44.6 44.1
