25.0 3.0
26.2 3.2
27.2 3.5
28.2 3.9
29.4 3.5
30.3 2.8
31.4 2.2
32.6 1.8
33.8 1.5
35.1 1.3
36.4 1.6
37.4 2.3
38.6 2.6
39.9 2.7
41.2 2.6
42.5 2.4
43.3 3.2
43.4 4.3
43.0 5.4
43.0 6.6
42.9 7.7
42.2 8.6
41.1 9.1
40.8 10.1
40.7 11.3
40.0 12.5
39.1 13.2
37.9 13.7
36.6 13.9
35.3 14.1
34.3 14.4
33.4 15.1
32.3 15.5
31.3 15.4
30.4 14.8
29.7 13.8
29.1 12.8
28.2 11.9
27.2 11.6
26.0 11.6
24.9 12.0
23.9 12.7
23.0 13.6
22.2 14.6
21.4 15.6
20.5 16.5
20.1 17.8
20.2 19.0
20.1 20.1
19.6 21.2
18.8 22.2
18.1 23.0
18.0 24.0
18.3 25.1
19.0 26.1
19.0 27.3
18.6 28.3
18.3 29.4
18.4 30.6
18.6 31.9
18.7 33.1
18.9 34.4
19.4 35.5
20.4 36.3
21.6 36.5
22.8 36.3
23.8 36.1
24.9 36.5
25.9 36.7
27.0 36.4
28.0 35.9
29.2 35.7
30.4 36.0
31.6 35.9
32.7 35.6
33.9 35.0
34.8 34.3
35.3 33.3
35.4 32.1
35.3 30.9
35.2 29.6
35.7 28.5
36.6 27.7
37.6 27.2
37.9 26.1
