15.0 17.0
16.2 16.9
17.3 16.2
17.9 15.3
18.4 14.1
18.8 13.0
19.6 12.2
20.7 11.6
22.0 11.3
23.2 11.2
24.4 11.3
25.7 11.7
26.8 12.2
28.0 12.7
29.1 13.2
30.2 13.8
31.2 14.4
32.0 15.4
32.7 16.5
33.3 17.4
34.3 17.9
35.3 18.7
35.7 19.7
35.7 20.9
36.0 21.9
36.7 22.8
37.8 23.4
38.3 24.4
38.2 25.7
38.2 26.9
37.9 28.0
37.1 28.9
36.1 29.7
35.1 30.4
34.4 31.3
33.6 32.3
32.5 33.1
31.4 33.8
30.3 34.4
29.2 35.0
28.0 35.6
26.8 36.2
25.6 36.8
24.5 37.4
23.3 37.7
22.1 37.3
21.1 36.7
20.1 35.9
19.1 35.1
18.1 34.4
17.1 33.7
15.9 33.1
14.8 32.6
14.3 31.4
14.6 30.2
14.6 29.0
14.3 27.7
13.8 26.6
