25.0 46.0
24.6 44.9
23.8 44.0
22.8 43.1
21.8 42.3
20.8 41.5
20.0 40.8
19.3 39.7
18.8 38.5
18.4 37.3
17.9 36.1
17.7 34.9
17.7 33.7
17.9 32.5
17.5 31.5
16.6 31.0
15.6 30.3
14.8 29.4
14.1 28.3
13.5 27.2
13.0 26.0
12.5 24.8
12.2 23.5
11.9 22.2
11.0 21.4
10.0 21.7
9.0 22.4
8.0 22.5
7.0 21.9
6.2 21.0
5.7 19.9
5.5 18.7
5.5 17.5
5.0 16.4
4.0 15.8
3.1 15.0
2.5 13.9
2.1 12.7
1.8 11.4
1.7 10.1
1.6 8.8
1.7 7.5
1.9 6.2
2.2 4.9
2.7 4.0
3.6 3.2
4.7 2.7
5.8 2.4
6.7 1.8
7.9 1.8
8.8 2.5
9.6 3.5
10.1 4.6
10.6 5.8
11.3 6.9
12.1 7.9
12.6 8.9
13.1 10.0
13.9 10.8
15.0 11.2
16.3 11.4
17.6 11.5
18.9 11.4
20.1 11.4
21.4 11.3
22.4 11.7
23.1 12.6
24.1 13.2
25.2 13.1
26.4 12.6
27.5 11.9
28.5 11.3
29.7 11.1
31.0 11.0
32.1 11.4
32.7 12.4
33.1 13.5
33.1 14.8
33.0 16.1
32.8 17.3
32.9 18.4
33.3 19.4
34.1 20.5
34.8 21.4
35.9 22.1
37.1 22.5
