5.0 5.0
5.6 4.1
5.3 3.0
6.5 2.9
7.4 3.7
8.4 4.4
9.6 4.0
10.4 3.1
11.2 2.2
12.2 2.4
13.0 3.1
13.9 4.0
14.8 4.9
15.1 6.1
14.9 7.5
14.7 8.8
14.5 10.1
14.0 11.1
13.2 11.9
12.3 12.6
11.7 13.6
10.8 14.4
9.7 14.3
8.7 13.9
7.5 13.9
6.4 14.2
5.2 14.7
4.4 15.4
4.3 16.4
4.6 17.6
5.0 18.8
5.6 20.0
6.1 21.1
6.3 22.3
6.3 23.5
5.6 24.3
4.3 24.6
3.1 24.6
2.1 25.0
1.6 26.0
1.7 27.2
2.0 28.5
2.4 29.7
2.8 31.0
3.4 32.0
4.2 32.9
5.2 33.6
6.3 34.0
7.5 34.0
8.7 33.7
9.8 33.5
11.0 33.7
12.2 34.0
13.4 33.8
14.2 33.1
14.5 34.1
