45.0 37.0
45.8 36.3
45.9 35.2
45.2 33.9
44.5 32.8
43.9 31.8
42.8 31.3
41.6 30.8
40.6 30.1
39.5 29.5
38.4 29.4
37.1 29.5
35.9 29.9
34.5 29.8
33.4 29.2
32.2 28.8
31.0 28.1
30.4 27.1
30.0 25.9
28.9 25.2
27.9 25.5
27.0 26.2
25.8 26.1
24.5 25.9
23.5 25.6
22.6 24.8
21.9 23.7
21.3 22.6
20.7 21.5
19.9 20.6
18.6 20.2
17.4 20.4
16.6 19.5
16.4 18.3
16.5 17.1
16.8 15.8
17.1 14.8
16.1 14.7
15.0 14.1
14.6 13.1
14.5 11.9
14.7 10.7
13.5 10.1
12.4 10.4
11.4 11.0
10.7 9.9
10.6 8.7
10.8 7.5
11.2 6.4
12.0 5.6
13.1 5.0
14.1 4.3
