7.0 21.0
6.2 20.4
5.0 19.8
4.0 19.1
3.0 18.4
2.2 17.6
1.8 16.6
1.7 15.3
1.8 14.0
1.6 12.9
1.3 11.7
1.4 10.4
1.8 9.2
2.4 8.1
3.1 7.0
4.0 6.1
5.0 5.2
6.0 4.4
6.9 3.5
7.7 2.6
8.8 2.2
9.9 2.1
10.9 2.3
11.7 3.1
12.2 4.3
12.5 5.6
12.5 6.8
12.2 8.0
12.1 9.0
12.8 10.1
13.8 10.8
15.0 11.2
16.2 11.5
17.4 11.8
18.2 12.6
18.3 13.6
18.0 14.7
17.3 15.8
17.1 16.8
17.6 17.7
16.8 18.3
16.9 19.4
16.3 20.5
15.5 21.4
15.0 22.5
14.7 23.8
14.6 25.0
14.9 26.2
15.5 27.3
16.2 28.4
16.7 29.3
16.5 30.6
16.1 31.9
15.5 32.8
14.4 33.1
13.1 33.1
11.9 33.2
10.7 33.6
9.7 34.5
9.2 35.6
9.4 36.7
10.2 37.5
11.2 38.0
12.4 38.3
13.7 38.3
15.0 38.1
16.2 37.8
17.4 37.3
18.1 38.2
