4.0 13.0
5.0 13.4
5.4 14.4
5.3 15.6
5.0 16.8
4.7 17.8
5.7 18.4
6.9 18.8
8.2 19.2
9.3 19.8
10.4 20.6
11.5 21.3
12.7 21.9
13.7 22.3
14.3 23.4
14.3 24.6
14.5 25.7
15.4 26.2
16.6 26.4
17.7 26.2
18.7 25.6
19.5 24.7
20.5 24.1
21.6 24.3
22.6 24.9
23.2 26.1
23.2 27.3
23.0 28.6
23.2 29.8
24.1 30.4
25.3 30.7
26.5 31.0
27.6 31.1
28.6 30.8
29.6 30.1
30.6 30.4
31.3 31.4
31.0 32.4
30.2 33.2
29.0 33.7
27.7 34.0
26.8 34.5
26.0 35.4
25.4 36.5
25.0 37.6
25.1 38.6
25.7 39.5
26.7 40.2
26.6 41.3
26.3 42.6
26.0 43.9
25.7 45.1
