5.0 45.0
3.8 44.5
3.0 43.7
2.5 42.6
2.4 41.3
2.4 40.0
2.6 38.7
2.9 37.4
3.1 36.4
2.4 35.3
2.2 34.1
2.8 33.2
3.9 32.4
5.0 31.8
6.2 31.2
7.3 30.6
7.7 29.3
7.4 28.0
7.8 26.9
9.0 26.3
9.8 25.6
10.0 24.5
9.7 23.3
9.2 22.1
8.6 21.0
8.5 20.0
9.7 19.4
10.9 19.4
12.1 19.6
13.1 19.8
14.1 19.4
15.2 19.0
16.5 18.9
17.5 19.1
18.4 19.9
19.0 21.0
19.4 22.2
20.3 23.1
21.4 23.6
22.7 23.8
23.9 23.9
24.8 24.7
24.9 25.8
24.7 27.0
25.2 27.9
26.2 28.6
27.4 29.0
28.5 29.1
29.6 28.6
30.8 28.3
32.1 28.1
33.4 28.0
34.7 28.0
36.0 28.2
37.0 28.6
37.9 29.4
38.6 30.3
39.7 30.6
40.8 30.3
41.8 29.7
43.1 29.8
44.0 30.4
44.6 31.4
45.0 32.6
45.1 33.8
45.3 34.9
46.0 35.9
46.9 36.8
47.6 37.6
48.0 38.7
47.8 39.8
47.3 41.0
46.5 42.0
45.6 43.0
44.7 44.0
