5.0 45.0
6.0 45.2
6.5 46.3
6.8 47.3
8.0 47.2
8.7 46.3
9.3 45.2
9.7 44.0
9.9 42.8
9.8 41.5
9.6 40.2
9.3 39.0
9.7 37.8
10.2 36.9
11.2 36.6
12.4 36.7
13.5 36.6
14.3 35.5
15.5 35.3
16.6 35.8
17.5 36.6
18.2 37.6
19.5 37.7
20.5 37.0
21.1 36.1
21.8 35.0
22.8 34.4
24.1 34.3
25.4 34.5
26.7 34.8
27.7 35.3
28.5 36.3
29.2 37.4
29.8 38.4
30.8 37.9
31.4 36.9
31.9 35.8
32.6 35.0
33.4 34.2
33.9 33.0
34.1 31.8
34.7 30.7
35.5 29.8
36.5 29.0
37.5 28.7
38.7 28.8
39.9 29.2
41.0 29.8
42.2 30.5
43.2 31.1
43.9 31.9
44.1 33.1
44.1 34.4
44.2 35.7
44.4 36.8
45.0 37.7
46.0 38.4
47.1 38.9
47.8 39.8
47.9 40.9
47.3 42.1
46.4 42.8
45.4 43.4
