25.0 47.5
24.3 48.3
23.3 47.3
22.1 47.0
20.9 47.0
19.6 47.2
18.8 46.6
18.9 45.4
19.3 44.2
20.0 43.1
20.7 42.0
21.7 41.3
22.9 41.3
24.1 41.5
25.3 42.0
26.5 42.2
27.6 41.8
28.9 41.9
29.9 41.3
30.2 40.3
30.3 39.1
31.1 38.5
32.3 38.0
33.1 37.3
33.7 36.2
34.0 35.0
34.3 33.7
34.8 32.6
35.8 31.8
37.0 31.6
38.3 31.8
39.5 32.1
40.4 31.3
40.5 30.3
40.5 29.0
40.9 27.9
41.6 26.9
42.4 25.9
43.3 25.0
43.8 23.7
43.7 22.5
43.4 21.3
43.1 20.3
41.7 20.3
40.8 19.8
40.1 18.8
39.7 17.7
39.5 16.5
39.0 15.5
38.1 14.7
37.3 14.1
37.2 13.1
37.7 12.0
38.1 10.8
38.3 9.5
38.3 8.3
38.1 7.1
37.6 5.9
37.0 4.7
36.5 3.8
36.1 2.7
35.0 2.6
34.3 3.5
