15.0 4.0
14.2 5.0
13.4 5.9
12.6 7.0
11.9 8.1
11.3 9.3
10.8 10.4
11.6 11.1
12.8 11.2
14.1 11.0
15.3 10.6
16.5 10.3
17.8 10.3
19.1 10.4
20.4 10.7
21.6 11.2
22.8 11.8
23.9 12.4
25.3 12.3
26.4 11.8
27.3 11.2
28.5 11.1
29.8 11.3
31.1 11.7
32.2 12.1
32.9 13.2
33.0 14.4
32.9 15.7
32.8 17.0
32.7 18.1
33.4 18.9
34.4 19.3
35.7 19.3
36.4 20.3
36.1 21.4
35.4 22.4
34.6 23.2
34.5 24.2
35.0 25.2
35.9 26.1
37.0 26.8
38.2 27.4
39.2 28.0
40.3 28.8
41.4 29.5
42.5 30.1
43.7 30.4
44.7 30.8
44.8 31.8
44.3 32.8
44.2 34.1
44.5 35.3
45.2 36.4
46.0 37.4
46.9 38.3
47.6 39.1
47.9 40.1
47.9 41.3
47.7 42.6
47.1 43.6
46.0 44.0
44.7 44.2
43.7 44.8
43.2 45.8
42.6 46.8
41.6 47.5
40.4 48.0
39.4 48.2
38.2 47.6
37.2 46.7
36.4 45.7
