15.0 4.0
15.9 4.5
15.3 5.7
14.4 6.4
13.3 6.8
12.5 7.4
12.5 8.7
13.1 9.8
14.0 10.5
15.4 10.3
16.6 10.1
17.9 9.9
19.2 9.8
20.4 9.9
21.6 10.4
22.7 11.1
23.7 11.9
24.6 12.4
25.7 12.3
26.9 11.9
28.1 11.3
28.9 10.6
30.0 10.3
31.2 10.8
31.9 11.8
32.4 12.9
32.7 14.2
32.8 15.5
32.8 16.7
33.1 17.8
33.7 18.9
34.5 19.9
35.3 20.9
36.2 21.8
37.1 22.7
37.9 23.7
38.4 24.7
38.7 26.0
38.9 27.2
39.3 28.3
40.0 29.3
40.9 30.2
41.9 30.7
42.9 31.3
43.7 32.3
44.3 33.5
44.6 34.7
45.5 35.7
46.5 36.3
47.6 36.7
48.2 37.7
48.2 38.9
47.8 40.1
47.0 41.0
45.8 41.2
44.9 41.7
44.0 42.7
43.4 43.8
43.2 45.0
43.2 46.1
42.6 47.0
41.4 47.2
40.3 46.8
39.3 46.5
38.3 46.7
37.2 47.2
36.0 47.5
34.7 47.5
