25.0 46.0
25.2 44.9
25.0 43.8
26.0 42.9
27.2 42.7
27.9 41.8
27.8 40.6
27.3 39.7
26.4 39.2
25.3 39.1
24.0 39.2
22.9 38.8
22.2 37.9
21.8 36.8
20.7 36.6
19.5 36.7
18.5 36.3
18.2 37.5
17.3 38.3
16.2 38.8
14.9 39.2
13.6 39.4
12.3 39.5
11.2 39.7
10.4 40.4
9.8 41.5
9.4 42.7
9.3 43.9
9.4 45.2
9.0 46.3
8.2 47.4
7.2 48.0
6.2 47.7
5.2 46.9
4.4 46.0
3.6 44.9
2.9 43.8
2.3 42.7
1.7 41.6
1.5 40.5
1.7 39.4
2.4 38.4
2.8 37.3
2.8 36.1
2.9 34.7
3.6 33.8
4.6 33.0
5.7 32.4
6.5 31.7
6.6 30.7
6.3 29.4
6.0 28.1
5.8 27.1
6.6 26.4
7.8 26.1
9.1 26.2
10.2 26.4
10.8 25.3
10.4 24.2
9.8 23.2
10.1 22.0
10.9 21.2
