18.0 41.0
18.4 39.8
19.4 40.1
19.9 38.8
19.7 37.6
18.9 36.9
18.0 36.3
17.8 35.1
18.1 34.0
18.8 33.0
19.4 31.9
19.7 30.7
19.9 29.5
19.6 28.3
19.1 27.2
18.3 26.2
17.5 25.3
17.1 24.2
17.2 23.0
17.5 21.8
17.4 20.5
16.8 19.5
16.0 18.7
15.0 18.0
15.0 16.8
15.5 15.7
16.3 14.7
17.2 13.9
18.1 13.0
18.9 11.9
19.5 10.8
20.2 9.7
20.9 8.6
21.6 7.6
22.8 7.6
24.0 8.1
25.3 8.4
26.5 8.6
27.8 8.8
28.9 9.2
29.9 9.3
31.1 9.1
32.2 9.3
33.3 10.2
34.1 11.2
35.0 12.1
35.9 13.0
36.8 13.8
37.8 14.6
38.9 15.3
40.2 15.7
41.4 16.1
42.6 16.7
43.6 17.1
44.0 15.9
43.7 14.8
43.2 13.5
42.8 12.3
42.4 11.1
42.2 9.7
