40.0 40.0
39.9 41.0
38.9 41.6
37.7 41.8
36.4 41.8
35.2 41.4
34.0 40.9
33.0 40.4
31.7 40.7
30.6 41.3
29.5 41.1
28.5 40.4
27.6 39.5
26.8 38.8
25.6 38.3
24.4 38.2
23.8 37.4
23.3 36.2
22.7 35.1
21.8 34.1
20.8 33.2
19.9 32.4
18.9 31.5
17.8 30.7
16.9 29.9
15.8 29.6
15.1 28.8
15.9 28.1
14.6 27.9
13.4 27.7
12.9 26.8
12.6 25.5
12.3 24.2
12.2 23.2
13.0 22.4
14.1 21.9
15.3 21.4
16.5 20.8
17.7 20.2
18.9 19.9
20.1 19.9
21.4 19.9
22.7 20.1
23.9 20.4
24.9 21.0
26.0 21.8
27.1 22.0
28.2 21.6
29.2 20.9
30.4 20.7
31.4 21.2
32.2 22.1
33.4 22.5
34.6 22.4
35.8 22.3
37.1 22.5
38.4 22.9
39.5 23.3
40.6 23.5
40.7 24.7
40.3 25.8
39.6 26.9
38.8 27.8
37.8 28.6
38.6 29.5
