7.0 21.0
8.1 21.3
9.0 21.8
10.2 21.4
11.1 20.6
11.9 19.9
13.1 19.8
14.2 20.3
15.4 20.3
16.5 19.7
17.4 18.8
18.3 18.2
19.5 17.8
20.6 17.1
21.6 16.3
22.4 15.6
23.4 15.5
24.6 15.4
25.5 14.6
26.1 13.5
26.6 12.3
26.9 11.0
27.4 10.1
28.5 9.8
29.7 9.8
31.0 10.0
32.2 10.4
33.3 10.3
34.5 9.9
35.6 9.4
36.8 9.0
38.1 8.8
39.1 8.5
40.1 7.7
40.7 6.5
40.9 5.3
40.8 4.0
40.7 2.7
41.5 2.0
42.5 2.2
43.6 2.9
44.5 3.7
45.0 4.7
45.3 5.9
45.7 7.0
46.4 7.9
47.4 8.6
48.0 9.6
47.7 10.6
47.0 11.6
46.0 12.4
45.0 13.2
44.1 14.0
43.6 15.0
43.4 16.2
43.4 17.3
42.7 18.4
41.7 19.2
40.5 19.8
39.4 20.5
38.2 21.2
37.1 21.8
35.9 22.5
35.3 23.3
35.5 24.5
35.8 25.8
35.7 27.2
35.0 28.1
34.1 29.0
33.0 29.7
32.2 30.5
32.2 31.9
32.6 33.1
32.9 34.3
33.0 35.5
32.7 36.6
32.0 37.7
