3.5 25.0
3.7 26.2
4.0 27.4
4.3 28.6
5.0 29.8
5.4 30.8
5.3 31.9
5.0 33.1
4.7 34.4
4.6 35.6
4.7 36.8
5.0 37.9
5.9 38.4
7.0 38.8
8.2 39.5
9.3 40.2
10.3 41.0
11.4 41.6
12.6 42.0
13.8 42.0
15.1 41.9
16.4 41.7
17.7 41.5
19.0 41.2
20.3 40.9
21.5 40.6
22.7 40.2
23.7 39.6
24.7 38.8
25.8 38.5
26.9 38.9
27.9 39.3
28.9 39.1
29.9 38.5
30.8 37.6
31.9 36.8
32.9 36.6
34.0 37.2
34.5 38.2
34.9 39.2
36.0 39.3
37.1 38.8
38.1 38.0
38.9 37.3
39.9 37.4
40.9 38.1
42.0 38.5
43.0 38.3
43.9 37.3
44.3 36.1
44.4 34.9
45.3 34.0
46.5 33.9
