3.5 25.0
4.5 25.4
5.3 26.0
6.3 26.1
7.5 25.8
8.6 25.2
9.6 24.4
10.5 23.4
11.4 22.8
12.6 22.4
13.8 22.3
15.1 22.3
16.3 22.2
17.1 22.8
17.1 23.9
18.0 24.8
19.2 25.0
20.4 24.7
21.6 24.3
22.9 24.4
23.8 25.1
24.4 26.1
24.5 27.1
23.9 28.3
23.2 29.1
23.8 30.2
24.8 30.7
25.9 31.4
26.3 32.4
26.5 33.7
26.5 35.0
26.4 36.2
26.5 37.5
26.8 38.7
27.2 39.9
28.2 40.2
29.3 39.9
30.4 39.2
31.4 38.5
32.6 38.1
33.9 38.1
35.2 38.2
36.3 38.2
37.3 37.6
38.4 37.0
39.4 36.9
40.6 37.2
41.7 37.7
42.8 38.3
43.9 38.4
44.9 37.9
45.8 37.0
46.6 36.0
