3.5 3.5
4.7 3.4
5.8 3.1
7.1 2.7
8.3 2.2
9.5 2.0
10.8 1.9
12.1 1.9
13.4 1.9
14.7 1.9
16.0 2.0
17.3 2.1
18.2 2.7
18.9 3.7
19.8 4.4
21.0 5.0
22.2 5.5
23.4 5.9
24.6 6.3
25.8 6.7
26.8 7.4
27.2 8.5
27.7 9.7
28.3 10.9
28.7 12.1
28.7 13.2
28.3 14.5
27.7 15.6
27.1 16.7
26.8 18.0
26.7 19.3
26.7 20.6
26.9 21.8
27.3 23.1
27.6 24.2
27.1 25.4
26.3 26.3
26.6 27.3
27.5 28.0
28.7 28.5
29.8 28.5
30.8 28.0
31.8 27.2
33.1 26.8
34.3 26.9
35.6 27.3
36.8 27.8
37.8 28.3
39.0 28.4
40.2 28.1
41.2 27.9
42.4 28.2
43.5 28.8
44.5 29.6
45.4 30.5
46.1 31.5
46.6 32.7
47.0 34.0
