3.5 3.5
4.7 3.5
5.8 3.4
7.0 3.0
8.1 2.4
9.1 1.8
10.2 1.8
11.4 2.2
12.5 2.8
13.6 3.2
14.6 2.8
15.7 2.5
16.9 2.7
18.1 3.2
19.1 3.9
20.0 4.9
20.8 5.9
21.6 7.0
22.3 8.1
22.9 9.3
23.3 10.6
23.6 11.8
23.9 13.1
24.2 14.3
24.7 15.4
25.4 16.5
26.2 17.5
27.1 18.4
27.9 19.4
28.4 20.3
28.5 21.4
28.7 22.4
29.4 23.2
30.5 23.7
31.7 24.1
33.0 24.3
34.1 24.8
34.8 25.8
35.2 26.9
36.0 27.9
37.0 28.4
38.3 28.6
39.3 28.5
40.5 28.2
41.7 28.1
42.9 28.4
44.0 29.0
45.0 29.8
45.7 30.7
45.6 32.1
45.0 33.2
44.5 34.1
45.2 35.0
46.2 35.4
