3.5 3.5
4.7 3.6
5.8 3.7
7.1 3.9
8.4 4.0
9.6 3.8
10.8 3.5
12.0 3.3
13.3 3.4
14.5 3.7
15.7 3.8
17.0 3.8
18.1 4.1
19.3 4.6
20.2 5.1
21.3 4.8
22.1 4.0
22.7 2.9
23.3 2.0
24.4 1.8
25.6 2.0
26.7 2.6
27.8 3.3
29.0 3.8
30.2 4.1
31.5 4.3
32.8 4.2
34.0 4.3
35.2 4.7
36.4 5.1
37.6 5.3
38.9 5.3
40.0 5.3
40.6 6.3
40.4 7.4
39.6 8.1
38.5 8.5
37.7 9.2
37.2 10.1
37.1 11.2
37.4 12.3
37.8 13.5
38.1 14.7
38.2 16.0
38.2 17.2
38.4 18.4
38.6 19.6
39.0 20.8
39.7 21.8
40.3 22.8
40.4 24.0
40.3 25.3
40.1 26.5
39.9 27.6
40.7 28.2
41.7 28.1
42.8 27.6
43.6 28.4
43.8 29.6
44.2 30.8
44.8 32.0
45.4 33.2
46.0 34.4
