3.5 3.5
4.4 4.4
5.6 4.3
6.4 3.7
7.4 3.8
8.3 4.9
9.1 5.7
10.2 6.2
11.3 6.3
12.4 5.4
13.2 4.4
14.0 3.4
15.0 2.7
16.2 2.1
17.3 1.8
17.8 2.7
17.3 4.0
17.7 5.1
18.9 5.4
20.1 5.4
21.4 5.2
22.6 5.1
23.6 4.7
24.6 4.3
25.7 4.4
26.9 4.9
28.0 5.4
29.1 5.6
30.3 5.4
31.4 5.0
32.5 4.3
33.6 3.9
34.7 4.3
35.7 5.1
36.7 5.6
38.0 5.7
39.2 5.6
39.9 6.6
39.6 7.8
39.4 9.1
39.2 10.4
39.1 11.7
39.0 13.1
38.9 14.3
38.7 15.6
38.7 16.9
38.7 18.2
38.9 19.4
39.7 20.4
40.8 21.0
41.5 21.8
42.1 22.9
42.5 24.1
43.0 25.2
43.8 26.2
44.6 27.2
45.4 28.2
45.4 29.4
44.8 30.5
44.4 31.5
44.5 32.7
45.0 33.8
46.0 34.3
