32.5 33.0
32.9 34.3
32.6 35.5
32.1 36.7
31.4 37.8
30.9 38.8
30.3 39.9
29.5 40.6
28.3 40.8
27.1 40.7
25.8 40.4
24.6 40.0
23.6 39.8
22.5 40.1
21.4 40.8
20.2 41.4
19.1 41.8
17.8 41.5
16.8 41.6
15.8 42.0
15.2 41.1
15.0 40.0
14.1 39.1
13.0 38.6
11.8 38.4
10.5 38.4
9.3 38.6
8.0 38.8
7.0 39.0
6.1 38.3
5.7 37.3
5.6 36.0
5.8 34.8
5.9 33.6
5.7 32.4
5.3 31.3
5.6 30.2
6.4 29.2
7.3 28.3
8.2 27.5
9.2 27.3
10.4 27.4
11.7 27.6
12.9 27.8
13.6 26.9
14.4 26.0
14.8 24.8
15.4 23.9
16.4 23.6
17.5 23.7
18.7 23.8
19.9 23.4
21.0 22.9
22.3 23.1
23.2 23.7
24.1 24.4
