7.0 29.0
7.4 30.0
8.4 30.1
9.5 29.7
10.5 29.0
11.6 28.4
12.5 27.7
13.3 26.7
14.0 25.8
15.0 25.0
15.3 24.0
15.1 22.9
14.6 21.9
15.3 21.0
16.5 20.5
17.5 19.8
18.5 19.0
19.5 18.2
20.4 17.3
21.4 16.4
22.4 15.6
23.5 14.9
24.6 14.2
25.8 13.6
27.0 13.4
28.2 13.4
29.2 13.3
30.1 12.7
31.2 12.1
32.5 12.2
33.7 12.6
34.5 13.4
34.7 14.6
34.7 15.8
34.4 17.0
33.8 18.1
33.0 19.1
32.9 20.2
33.4 21.2
34.1 22.1
34.3 23.2
34.2 24.5
33.9 25.6
34.4 26.8
35.2 27.7
36.2 28.5
37.2 29.2
38.3 29.5
39.3 29.2
40.0 28.2
41.0 27.9
42.0 28.1
