3.5 35.0
4.6 34.7
5.3 33.9
5.8 32.8
5.9 31.5
5.6 30.3
5.5 29.1
6.2 28.3
6.8 27.3
7.2 26.2
7.8 25.1
8.7 24.3
9.8 23.8
11.0 23.3
12.2 22.9
13.4 22.5
14.6 22.2
15.8 22.2
16.9 22.6
18.1 22.9
19.4 22.8
20.6 22.4
21.8 22.0
23.1 22.0
24.0 21.4
24.3 20.3
24.2 19.1
23.8 17.9
23.2 16.8
22.7 15.6
22.8 14.3
23.3 13.3
24.0 12.3
23.9 11.3
23.2 10.4
22.3 9.6
21.9 8.6
21.8 7.4
22.0 6.3
23.2 5.8
24.4 5.9
25.4 6.1
26.3 5.6
26.7 4.6
26.8 3.5
26.7 2.5
28.0 2.7
29.0 3.4
29.8 4.3
30.7 4.8
31.5 4.1
32.0 3.0
33.0 2.5
34.2 2.5
35.5 2.8
36.6 3.1
37.9 3.0
39.1 2.6
39.4 4.1
40.3 4.8
41.5 5.0
42.6 4.9
43.9 4.1
45.2 3.8
46.3 4.0
