47.0 46.0
47.7 45.2
47.8 44.1
47.6 42.8
47.3 41.5
46.9 40.3
46.5 39.1
46.0 37.9
45.6 36.6
45.4 35.3
45.1 34.1
44.9 32.8
44.5 31.7
44.0 30.5
43.6 29.3
42.9 28.2
42.2 27.3
41.2 26.7
40.0 26.4
38.7 26.2
37.4 26.3
36.1 26.4
34.9 26.6
33.6 26.9
32.6 26.8
31.9 26.0
31.2 25.1
30.3 24.3
29.2 23.9
28.0 23.7
26.8 23.9
25.5 24.4
24.4 25.1
23.3 25.7
22.3 25.9
21.3 25.0
20.6 24.2
19.6 23.9
18.4 23.9
17.1 23.8
15.8 23.6
14.5 23.4
13.3 23.4
12.1 23.6
11.2 22.8
11.1 21.7
11.0 20.5
10.3 19.7
9.3 19.1
8.1 18.7
7.0 18.2
6.0 17.5
5.1 16.7
