47.0 46.0
46.9 44.8
45.9 43.9
44.9 43.4
44.4 42.5
44.3 41.3
44.4 40.0
44.2 38.9
43.2 38.3
42.0 38.1
40.7 38.2
39.9 38.9
40.4 39.8
41.2 40.7
40.2 41.2
39.0 41.0
37.9 40.6
36.8 39.9
35.7 39.4
34.5 39.3
33.3 39.9
32.5 40.6
31.5 40.7
30.3 40.5
29.2 40.0
28.1 39.3
27.0 38.6
26.2 37.9
25.8 36.9
25.8 35.6
26.0 34.4
25.8 33.3
25.2 32.2
24.4 31.1
23.5 30.2
22.4 29.6
21.2 29.1
20.0 28.8
18.7 28.6
17.7 28.3
17.0 27.4
16.4 26.3
16.1 25.1
15.5 24.1
14.5 23.3
13.4 22.7
12.2 22.1
11.0 21.5
9.8 21.0
8.7 20.3
7.6 19.7
6.7 18.8
5.9 18.0
4.8 17.6
