47.0 46.0
46.8 45.0
46.0 44.3
45.1 43.5
45.1 42.2
44.9 41.2
44.3 40.1
43.6 39.1
42.7 38.2
41.7 37.4
40.6 37.3
39.9 38.2
39.5 39.3
39.2 40.3
38.1 40.4
37.0 40.1
36.0 39.4
35.1 38.8
34.0 38.8
32.8 39.2
31.7 39.7
30.6 40.4
29.6 40.8
28.5 40.7
27.4 40.3
26.7 39.4
26.2 38.3
25.9 37.0
25.7 35.7
25.4 34.5
25.1 33.2
24.3 32.2
23.3 31.5
22.5 30.6
21.9 29.4
21.2 28.6
20.2 28.2
19.1 28.0
18.1 27.4
17.2 26.5
16.5 25.5
15.9 24.4
15.4 23.5
14.4 23.2
13.4 23.6
12.5 24.4
11.5 24.5
10.6 23.9
9.8 22.9
9.2 21.7
8.8 20.5
8.4 19.4
7.5 18.6
6.4 18.1
5.2 17.9
