45.0 5.0
45.5 5.9
45.2 7.0
45.0 8.0
46.1 8.6
47.3 8.6
48.1 9.3
48.0 10.4
47.5 11.6
46.9 12.7
46.1 13.7
45.1 14.5
44.1 15.2
42.9 15.5
41.6 15.5
40.4 15.3
39.4 15.5
38.4 16.3
37.6 17.2
36.9 18.3
36.3 19.1
35.0 19.5
33.8 19.6
32.8 20.0
31.8 20.8
31.0 21.7
30.5 22.9
30.3 24.1
29.9 25.3
29.4 26.5
28.8 27.6
28.4 28.7
28.3 30.0
27.9 31.2
29.0 31.9
30.2 31.9
31.0 32.5
31.6 33.4
32.6 33.8
33.8 33.5
35.0 33.3
36.1 33.3
37.2 33.9
37.7 35.0
38.1 36.0
38.9 36.8
40.0 37.4
41.2 37.9
42.3 38.2
43.2 39.1
43.3 40.3
43.1 41.5
43.2 42.5
43.8 43.5
