19.5 20.0
18.5 20.3
18.6 21.5
18.3 22.6
17.7 23.6
16.9 24.7
16.5 25.7
16.6 26.9
16.4 27.9
15.3 28.2
14.3 27.9
13.1 27.5
12.1 27.8
11.5 28.9
10.8 29.9
9.9 30.8
8.9 31.6
8.4 32.6
8.6 33.7
9.5 34.6
10.7 35.1
11.8 35.4
12.6 36.3
13.0 37.5
13.3 38.5
14.1 39.2
15.2 39.5
16.5 39.6
17.7 39.9
18.9 40.2
20.2 40.6
21.4 40.9
22.6 41.4
23.9 41.8
25.0 42.0
26.0 41.7
27.1 41.0
28.1 40.6
29.3 40.3
30.6 40.3
31.9 40.3
33.1 40.4
34.3 40.3
35.3 39.8
36.2 38.9
37.0 37.8
37.6 36.8
38.6 36.1
39.8 35.6
40.7 35.0
41.4 33.9
41.7 32.7
41.9 31.4
