42.5 25.0
42.8 23.7
42.9 22.4
42.8 21.2
42.0 20.4
40.9 20.1
40.4 19.2
40.3 18.0
40.5 16.8
40.3 15.6
39.9 14.4
39.4 13.3
38.4 12.5
37.3 12.4
36.1 12.4
34.8 12.1
33.8 11.7
33.0 10.8
32.5 9.7
31.7 8.7
30.6 8.3
29.4 8.2
28.1 8.1
26.9 7.7
25.8 7.2
24.7 6.6
23.7 6.8
22.8 7.5
22.2 8.5
21.2 8.9
19.9 8.8
18.6 8.8
17.3 8.9
16.0 9.0
14.8 9.6
14.1 10.6
13.3 11.6
12.5 12.7
11.7 13.7
10.9 14.7
10.2 15.8
9.5 17.0
8.9 18.1
8.4 19.3
8.1 20.5
8.7 21.7
9.8 22.2
11.0 22.5
12.0 23.3
12.5 24.4
12.8 25.6
12.9 26.9
13.0 28.2
13.2 29.2
13.9 30.0
15.0 30.6
15.7 31.5
16.3 32.6
16.7 33.8
17.0 35.1
17.2 36.1
18.3 36.9
19.4 37.2
20.6 37.2
21.5 37.7
21.5 39.0
22.3 39.9
23.4 40.0
24.7 39.8
25.9 39.8
27.1 40.0
28.4 40.3
29.6 40.2
30.7 39.9
32.0 40.0
33.0 40.2
34.2 40.0
35.5 39.8
36.7 39.2
37.7 38.4
38.7 37.6
39.8 38.1
39.8 39.2
39.4 40.3
39.3 41.3
40.3 41.9
41.6 41.5
