32.0 8.5
33.0 8.3
32.0 7.9
30.8 7.5
29.6 7.4
28.4 7.6
27.1 7.7
25.9 7.9
24.6 8.4
23.5 9.0
22.3 9.7
21.4 10.5
20.5 11.5
20.0 12.4
20.5 13.7
20.9 14.8
21.0 16.0
21.6 17.1
22.4 18.1
23.7 18.6
24.9 18.7
26.1 18.4
27.4 18.0
28.6 17.6
29.8 17.1
31.0 16.6
32.1 16.5
33.3 16.9
34.4 17.5
35.5 18.1
36.7 18.6
37.6 19.3
38.4 20.3
39.4 20.7
40.5 20.6
41.7 20.6
42.8 20.9
42.9 22.0
42.3 23.0
41.6 23.9
41.7 25.2
41.7 26.5
41.6 27.7
41.3 29.0
41.0 30.2
41.0 31.5
40.8 32.6
40.3 33.7
39.4 34.7
38.5 35.6
37.6 36.6
36.8 37.6
35.9 38.5
34.9 39.3
33.7 39.9
