45.0 45.0
45.3 46.0
44.3 46.9
43.1 47.1
42.0 47.5
41.1 46.9
40.7 45.9
40.6 44.7
40.4 43.4
40.1 42.1
40.0 41.0
40.2 39.8
40.7 38.7
41.0 37.5
40.9 36.2
40.8 35.2
39.8 34.4
38.6 34.1
37.3 34.0
36.0 34.2
35.0 34.1
34.1 33.0
33.7 31.8
33.8 30.7
34.3 29.6
35.1 28.5
35.3 27.3
34.8 26.2
34.3 25.3
34.4 23.9
34.9 22.7
35.6 21.9
36.6 21.8
37.8 22.0
39.0 21.8
40.2 21.5
41.4 21.0
42.6 20.5
43.7 19.9
44.9 19.3
45.8 18.6
46.0 17.6
45.7 16.5
45.8 15.5
46.8 14.9
47.5 13.9
48.0 12.8
48.4 11.5
48.5 10.5
48.0 9.3
47.4 8.2
46.9 7.0
46.4 5.9
45.4 5.1
44.3 4.5
43.3 3.9
42.2 3.1
41.2 3.8
40.8 4.9
40.7 6.1
40.5 7.1
39.9 8.0
38.8 8.6
37.6 8.9
36.5 9.4
35.5 10.2
34.6 11.0
33.5 11.4
32.2 11.6
31.0 11.6
29.8 11.7
28.8 12.3
28.0 13.2
27.4 14.3
26.4 15.2
25.3 15.6
24.0 15.8
22.8 15.9
21.8 15.6
20.8 15.2
19.8 15.6
19.0 16.5
18.5 17.6
17.9 18.7
17.0 19.6
16.4 20.7
16.0 21.9
15.6 23.1
15.4 24.4
15.2 25.6
15.3 26.9
15.7 28.1
