5.0 15.0
6.2 15.1
7.6 15.0
8.8 14.6
9.9 13.9
11.0 13.5
12.0 13.8
13.0 14.6
13.8 15.5
14.1 16.5
14.0 17.7
13.7 18.8
14.2 20.0
15.0 20.8
15.2 22.1
14.6 23.1
13.8 23.9
12.8 24.6
11.6 25.2
10.4 25.6
9.2 25.9
8.0 26.3
6.9 27.0
5.9 27.7
5.5 28.7
5.7 29.9
6.1 31.1
6.7 32.2
7.4 33.3
8.1 34.4
8.7 35.3
10.0 35.8
11.2 35.7
12.4 35.7
13.7 35.9
15.0 36.3
16.0 36.6
17.1 36.1
18.0 35.2
18.7 34.2
19.4 33.2
20.2 32.3
21.2 32.0
22.2 32.5
23.0 33.3
23.5 34.4
23.7 35.6
23.9 36.7
24.9 37.2
26.1 37.1
27.4 36.8
28.6 36.3
29.7 35.7
30.9 35.1
32.0 34.5
33.2 34.0
34.4 33.4
35.3 32.9
35.1 31.6
34.4 30.7
34.2 29.7
35.0 28.9
36.0 28.4
37.3 28.2
38.2 27.7
39.2 27.0
40.4 26.5
41.6 26.0
42.8 25.5
43.9 25.0
