25.0 25.0
24.0 25.4
23.2 26.0
22.1 26.5
21.0 27.2
19.9 27.6
18.8 26.7
18.2 25.6
17.7 24.4
17.3 23.2
17.0 22.1
17.2 20.9
17.5 19.8
16.4 19.2
15.2 19.4
14.0 19.8
13.4 21.0
13.4 22.2
13.1 23.3
12.3 24.1
10.9 24.0
9.9 23.5
9.0 22.8
8.0 22.7
6.9 23.0
5.8 23.6
4.8 24.1
3.9 23.6
3.3 22.5
3.0 21.3
2.9 20.0
2.8 18.7
2.9 17.7
3.9 17.3
4.9 17.0
5.6 16.2
6.2 15.0
6.5 13.8
6.8 12.4
7.0 11.1
7.2 10.1
8.1 9.4
9.2 9.1
10.3 8.7
11.4 8.0
12.5 7.3
13.5 6.4
14.3 5.5
15.1 4.5
15.9 3.4
17.1 2.8
18.3 2.9
19.5 3.4
20.6 4.0
21.7 4.2
23.0 4.0
24.0 3.6
