43.0 21.0
42.1 20.4
41.1 19.7
39.9 19.7
38.7 20.1
37.7 20.7
36.6 20.7
35.6 20.3
34.8 19.5
34.3 18.4
33.6 17.5
32.7 16.8
32.6 15.5
33.1 14.4
33.8 13.5
32.8 12.6
31.6 12.6
30.3 12.8
29.2 13.1
28.6 14.1
28.8 15.2
29.3 16.3
29.5 17.6
29.1 18.7
28.3 19.7
27.4 20.6
26.3 21.0
25.2 20.7
24.2 20.4
23.0 20.2
21.7 19.9
20.4 19.7
19.1 19.5
17.8 19.6
16.6 19.8
15.3 20.1
14.1 20.5
12.9 20.9
11.8 20.8
10.7 20.3
9.6 19.6
8.5 19.2
7.3 19.2
6.1 19.4
4.9 19.7
4.1 19.0
3.9 17.9
4.0 16.7
4.3 15.5
4.4 14.2
4.4 12.9
3.7 11.7
2.7 11.0
1.9 10.1
1.6 8.9
1.9 7.7
2.4 6.6
3.1 5.5
4.3 5.3
