25.0 46.0
24.6 44.8
23.7 43.8
22.8 42.9
21.8 42.1
21.3 41.2
21.5 40.1
21.7 38.8
21.9 37.5
22.2 36.3
22.5 35.0
22.7 33.9
22.4 32.7
22.2 31.7
22.9 30.5
23.5 29.6
23.6 28.6
23.3 27.5
23.0 26.4
23.2 25.2
23.6 24.0
24.1 22.9
24.2 21.6
24.0 20.4
23.6 19.3
22.7 18.5
22.3 17.2
22.6 16.1
23.2 14.9
23.5 13.9
23.3 12.7
23.1 11.6
23.4 10.4
23.9 9.3
24.6 8.2
25.4 7.2
26.4 6.4
27.5 5.7
28.5 5.4
29.7 5.5
30.9 5.8
32.1 5.9
33.3 5.7
34.4 5.1
35.5 4.5
36.5 3.8
37.7 3.5
39.0 3.5
40.2 3.6
41.5 3.9
42.8 4.3
44.0 4.7
45.2 5.2
46.3 5.3
46.9 4.5
