35.0 46.0
36.2 46.4
37.5 46.3
38.4 45.5
38.9 44.5
39.0 43.3
38.9 42.0
38.6 40.7
38.1 39.5
37.7 38.3
37.0 37.2
36.1 36.3
35.1 35.4
34.2 34.6
33.6 33.7
33.3 32.5
33.4 31.2
33.5 30.1
32.9 28.9
32.0 28.2
31.0 27.5
30.5 26.4
30.7 25.2
31.1 24.0
31.0 23.0
30.3 22.2
29.2 21.6
28.2 21.3
27.1 21.8
26.8 22.9
26.8 24.1
26.0 25.0
24.8 24.9
23.6 24.4
22.6 23.8
21.8 22.9
21.3 21.7
20.5 20.7
19.4 20.4
18.2 20.3
17.2 19.9
16.6 18.9
16.3 17.7
16.3 16.5
15.9 15.3
15.0 14.5
13.9 13.9
12.8 13.6
12.0 12.5
11.8 11.4
12.0 10.2
12.0 9.0
11.6 7.7
11.1 6.5
10.7 5.4
10.5 4.1
10.5 2.8
9.2 2.5
8.0 3.0
7.0 3.7
6.0 4.5
4.9 4.8
