35.0 46.0
34.7 47.2
35.9 47.0
36.7 46.2
37.4 45.1
38.1 44.1
38.9 43.2
38.5 42.0
37.5 41.4
36.3 41.0
35.3 40.6
34.5 39.7
34.0 38.5
33.8 37.3
33.0 36.4
31.8 36.1
30.6 36.2
29.4 36.4
28.1 36.7
26.9 37.0
25.6 37.2
24.3 37.4
23.3 38.0
22.4 38.9
21.3 39.4
20.2 39.2
19.0 38.8
18.0 38.1
17.3 37.1
16.7 35.9
16.3 34.7
16.0 33.5
16.1 32.2
16.2 30.9
16.4 29.6
16.3 28.5
15.5 27.7
14.4 27.2
13.2 27.1
12.0 27.4
10.9 27.2
10.4 26.3
10.2 25.1
10.0 24.1
8.9 23.7
7.7 23.8
6.6 23.4
5.9 22.3
5.2 21.3
4.6 20.1
4.2 19.0
3.5 18.0
2.5 17.1
1.9 16.2
1.9 15.0
2.0 13.7
2.3 12.4
2.2 11.2
1.9 10.0
2.1 8.8
2.8 7.9
3.8 7.1
4.7 6.1
5.4 5.2
6.4 4.2
5.7 3.2
4.6 2.8
3.4 2.7
