35.0 46.0
36.0 45.7
37.0 45.6
37.9 46.2
38.6 47.2
39.6 47.9
40.8 48.0
42.0 47.7
43.1 47.1
44.2 46.4
45.3 45.8
46.5 45.2
47.5 44.6
48.1 43.7
48.5 42.5
48.6 41.2
48.5 40.0
48.0 38.9
47.3 37.8
46.4 36.9
45.6 36.0
45.1 34.9
44.8 33.6
44.7 32.3
44.6 31.2
44.1 30.1
43.3 29.2
42.4 28.3
41.7 27.3
40.9 26.2
40.1 25.2
39.3 24.2
38.4 23.3
37.3 22.6
36.5 21.9
35.9 20.8
35.3 19.7
34.4 18.9
33.5 18.2
32.8 17.2
32.6 16.2
32.7 15.0
33.1 13.9
33.3 12.8
32.8 11.9
31.8 11.2
30.7 10.7
29.5 10.4
28.5 10.7
27.5 11.5
26.7 12.3
25.6 12.4
24.6 11.9
23.6 11.1
22.7 10.3
21.6 10.0
20.3 9.9
19.0 10.1
17.7 10.5
16.5 10.7
15.3 10.5
14.2 10.0
13.1 9.3
12.3 8.4
11.4 7.4
10.6 6.5
10.0 5.5
9.6 4.3
9.3 3.2
8.3 2.5
7.2 2.3
6.0 2.5
4.9 3.2
