35.0 46.0
36.0 45.8
37.0 44.8
37.7 43.8
38.1 42.6
38.3 41.3
38.3 40.1
38.0 38.9
37.4 37.9
36.5 37.2
35.4 36.4
34.4 35.6
33.4 35.0
32.2 34.8
31.0 34.7
29.7 34.6
28.3 34.5
27.0 34.3
25.7 34.2
24.4 34.0
23.2 33.7
22.1 33.1
21.2 32.2
20.3 31.2
19.4 30.7
18.2 30.9
17.2 31.1
16.2 30.7
15.5 29.9
15.2 28.9
15.1 27.6
15.3 26.3
15.6 25.1
16.0 23.8
16.5 22.6
16.9 21.4
16.8 20.2
16.5 19.0
16.1 17.7
15.5 16.6
14.8 15.5
14.4 14.4
14.1 13.1
13.9 12.0
13.3 11.1
12.3 10.4
11.3 9.9
10.7 8.8
10.7 7.5
11.1 6.4
11.4 5.2
11.4 4.0
11.2 2.8
10.3 2.2
9.2 2.0
7.9 2.2
6.7 2.4
5.6 2.9
5.9 1.7
4.8 2.0
3.6 2.4
2.4 2.8
2.5 3.9
