4.0 33.0
4.6 32.0
5.1 30.8
5.5 29.5
6.1 28.6
7.1 28.2
8.3 28.2
9.5 28.4
10.7 28.3
11.4 27.5
11.8 26.4
12.4 25.4
13.3 24.6
14.4 24.1
15.7 23.7
17.0 23.4
18.3 23.2
19.6 23.0
20.9 22.9
22.2 22.7
23.4 22.6
24.7 22.5
25.7 22.2
26.2 21.2
26.1 20.0
25.7 18.8
25.0 17.7
25.1 16.6
25.9 15.9
27.1 15.5
27.9 14.6
28.0 13.3
28.3 12.1
28.7 11.0
28.5 9.8
27.8 8.9
27.1 8.1
27.1 6.8
27.6 5.9
28.5 5.3
29.5 5.1
30.7 5.2
31.8 4.8
32.9 4.1
33.9 3.5
35.1 3.2
36.4 3.3
37.6 3.5
38.7 3.6
39.5 2.6
40.6 1.9
41.8 2.1
42.9 2.5
44.0 3.2
44.9 3.7
