4.0 33.0
4.6 32.1
4.4 31.1
4.1 29.9
4.0 28.7
4.0 27.4
4.2 26.1
4.6 24.9
5.1 23.9
6.0 23.2
7.1 22.7
8.4 22.7
9.5 22.9
10.3 22.1
10.1 21.1
9.5 20.0
9.0 18.9
8.4 17.7
7.9 16.5
7.8 15.2
8.3 14.2
9.1 13.2
10.0 12.3
11.0 11.5
11.9 10.7
12.1 9.7
11.4 8.8
10.8 8.0
10.7 6.9
11.0 5.7
11.5 4.6
12.1 3.6
13.3 3.5
14.3 4.1
15.3 4.9
16.2 5.5
17.4 5.5
18.5 5.0
19.4 4.5
20.7 4.4
21.9 4.6
23.1 5.1
24.4 5.2
25.6 5.0
26.9 4.6
28.1 4.6
29.0 5.2
30.1 5.6
31.3 5.5
32.5 5.2
33.7 4.8
35.0 4.5
36.2 4.3
37.5 4.1
38.8 3.9
40.1 3.7
41.4 3.6
42.7 3.5
44.0 3.6
45.3 3.6
