4.0 33.0
5.0 32.5
5.5 31.2
5.1 30.1
4.2 29.3
4.1 27.9
4.2 26.8
3.8 25.6
3.4 24.6
3.4 23.5
4.5 22.8
5.7 22.7
6.9 22.9
8.1 23.3
9.3 23.7
10.4 23.7
11.6 23.4
12.8 22.9
13.8 22.6
15.0 22.6
16.2 23.1
17.4 23.6
18.4 24.1
19.4 23.8
20.2 23.0
20.8 21.9
21.2 20.7
21.5 19.5
21.6 18.2
21.6 16.9
21.8 15.6
21.9 14.3
22.2 13.0
22.5 11.8
23.2 10.9
24.2 10.1
25.1 9.2
25.9 8.2
26.6 7.2
27.3 6.1
28.0 5.2
29.0 4.6
30.2 4.4
31.5 4.4
32.7 4.3
34.0 4.1
35.3 3.9
36.6 3.8
37.7 3.9
38.8 4.4
39.8 5.2
40.8 5.7
42.0 5.8
43.1 5.5
44.3 5.0
