4.0 13.0
4.9 13.7
4.8 14.8
4.4 15.9
5.2 16.7
6.1 17.3
6.6 18.3
6.1 19.4
5.9 20.7
6.3 21.8
6.9 22.7
8.2 22.7
9.2 22.2
10.0 21.3
11.1 20.7
12.2 20.8
13.4 21.4
14.3 22.0
15.4 21.9
16.2 21.2
17.0 20.2
18.0 19.3
18.9 18.5
19.8 17.6
20.9 16.9
22.0 16.3
22.8 15.4
22.9 14.3
23.6 13.5
24.6 13.8
25.8 14.4
27.0 14.8
28.2 15.2
29.5 15.7
30.6 16.3
31.7 16.9
32.7 17.7
33.7 18.5
34.7 19.3
35.6 20.2
36.6 20.9
37.1 21.8
37.2 23.0
37.0 24.3
37.0 25.4
37.4 26.5
38.1 27.6
38.8 28.6
39.9 29.3
41.1 29.8
42.3 30.2
43.4 30.6
44.1 31.4
44.6 32.6
45.0 33.8
45.6 34.7
46.5 35.6
47.4 36.3
48.1 37.3
48.6 38.4
48.8 39.6
48.4 40.7
47.5 41.3
46.3 41.7
45.3 42.4
44.6 43.2
44.8 44.2
45.6 45.1
