4.0 13.0
3.9 14.3
3.7 15.3
4.2 16.5
5.0 17.4
6.0 18.3
6.9 19.2
7.9 20.1
8.8 20.8
9.8 20.7
10.7 20.1
11.5 19.5
12.8 19.6
13.7 20.3
14.6 21.0
15.7 20.9
16.9 20.4
18.0 19.7
18.8 18.9
19.3 17.8
19.5 16.6
20.3 15.8
21.4 15.7
22.7 15.9
24.0 16.1
25.3 16.1
26.4 15.7
27.4 15.2
28.4 16.0
29.2 16.8
30.3 17.2
31.4 17.4
32.4 17.9
33.2 18.8
33.9 19.8
34.8 20.7
35.9 21.4
36.9 22.2
37.8 23.1
38.7 24.1
39.6 25.1
40.4 26.0
41.4 26.5
42.6 26.6
43.6 26.9
44.2 27.8
44.7 29.0
45.2 30.2
45.4 31.2
45.1 32.4
44.6 33.5
44.3 34.5
44.4 35.7
44.8 36.9
45.3 37.9
46.6 38.3
47.7 38.6
48.0 39.8
47.6 40.9
46.9 41.9
46.1 42.7
45.7 43.8
45.7 45.0
