4.0 13.0
5.0 13.5
5.4 14.5
5.5 15.7
5.5 16.8
6.2 17.8
6.4 18.9
6.1 20.0
6.2 21.2
6.9 22.0
7.9 22.5
9.1 22.6
10.4 22.5
11.6 22.1
12.7 21.6
13.7 20.8
14.6 19.8
15.5 18.9
16.4 18.0
17.3 17.1
17.9 16.1
18.1 14.9
18.1 13.6
18.3 12.4
18.8 11.2
19.5 10.1
20.3 9.1
21.0 8.1
21.9 7.3
23.1 6.7
24.3 6.2
25.6 6.0
26.9 5.9
28.0 6.5
28.4 7.6
28.7 8.8
29.2 9.7
30.2 10.5
31.2 11.2
32.0 12.2
32.6 13.3
33.1 14.5
33.3 15.8
33.2 17.1
32.9 18.4
33.1 19.4
34.1 19.6
35.1 20.1
35.0 21.5
35.4 22.6
36.3 23.5
37.2 24.5
38.1 25.5
38.9 26.5
39.8 27.5
40.6 28.5
41.6 29.2
42.7 29.3
43.8 29.1
44.8 29.5
45.8 30.4
46.7 31.3
47.7 32.2
48.5 33.4
48.5 34.5
48.3 35.7
48.0 36.9
48.1 38.1
48.3 39.3
48.3 40.6
48.1 41.8
47.9 43.1
47.8 44.4
47.7 45.4
46.6 45.5
