5.0 5.0
5.9 5.5
6.3 6.6
6.4 7.7
5.7 8.8
4.7 9.4
3.7 9.9
3.2 10.8
2.9 12.0
2.9 13.2
2.7 14.4
2.3 15.5
2.2 16.7
2.4 17.9
2.4 19.1
2.1 20.3
1.7 21.5
2.5 22.5
3.7 22.7
5.0 22.7
6.3 22.8
7.6 22.8
8.9 22.8
10.0 23.1
11.2 23.7
12.3 24.4
13.4 25.1
14.6 25.5
15.6 26.0
16.3 27.0
16.4 28.2
16.1 29.4
15.6 30.6
15.1 31.6
15.4 32.6
16.2 33.5
17.2 34.2
18.2 34.9
18.9 35.9
19.4 36.9
20.4 36.8
21.3 36.1
22.3 36.2
23.0 37.1
23.4 38.3
23.5 39.5
23.4 40.8
23.5 42.1
23.7 43.4
23.9 44.4
23.1 45.3
22.7 46.4
23.3 47.2
24.4 46.8
25.3 46.0
