15.0 29.0
14.0 28.4
13.2 27.6
12.1 27.0
10.9 26.6
10.0 26.1
9.4 25.1
8.9 23.9
8.2 23.0
7.2 22.1
6.1 21.4
5.4 20.3
5.3 19.1
5.6 17.9
6.0 16.6
6.0 15.5
5.3 14.6
4.3 13.8
3.4 13.1
2.9 12.1
2.6 10.9
2.5 9.6
2.7 8.6
3.4 7.7
4.4 6.9
5.5 6.2
6.3 5.5
6.7 4.2
6.5 3.1
6.8 2.1
7.8 1.6
9.0 2.3
9.5 3.4
9.8 4.7
10.0 5.9
10.3 7.2
10.5 8.4
11.2 9.4
12.3 9.5
13.6 9.3
14.7 9.3
15.8 9.8
16.9 10.5
17.9 11.4
18.7 12.3
19.6 13.1
20.7 13.7
21.9 14.3
23.0 14.9
24.2 15.5
25.4 15.9
26.7 16.1
28.0 16.1
29.4 16.2
30.7 16.4
31.9 16.6
32.1 17.7
31.5 18.6
30.7 19.4
31.3 20.4
32.3 20.7
33.6 20.6
33.8 21.8
33.1 22.8
32.1 23.7
31.3 24.7
31.4 26.1
31.9 27.3
32.6 28.4
33.3 29.4
33.5 30.4
32.6 31.2
31.7 32.0
30.8 33.0
29.6 33.3
28.6 33.4
27.7 34.0
27.1 34.9
27.2 36.1
27.6 37.4
28.1 38.5
28.0 39.8
27.5 40.9
26.8 41.9
25.9 42.7
24.9 43.0
23.6 42.9
22.5 42.6
21.4 41.9
20.5 41.0
19.8 40.0
19.4 38.8
