45.0 37.0
46.1 36.9
47.4 36.9
48.1 37.9
48.3 39.1
48.3 40.4
48.2 41.7
48.0 42.9
47.6 44.0
46.9 45.1
46.0 46.0
45.0 46.7
44.0 47.5
42.9 48.2
41.8 48.2
40.7 47.7
39.8 47.0
39.3 46.1
39.2 44.9
39.4 43.7
39.6 42.7
39.2 41.7
38.5 40.8
37.4 40.4
36.1 40.2
34.8 40.2
33.5 40.3
32.2 40.4
30.9 40.4
29.6 40.4
28.3 40.3
27.4 39.8
26.6 39.0
25.9 38.0
24.7 37.8
23.6 38.2
22.5 38.9
21.5 39.8
20.2 40.2
19.0 40.0
17.8 39.6
16.6 39.3
15.3 39.4
14.0 39.4
12.9 39.6
11.9 40.2
11.3 41.2
11.8 42.5
12.6 43.3
13.6 44.0
14.9 44.5
16.0 45.1
