25.0 25.0
24.3 26.2
23.3 26.8
22.1 27.2
21.0 27.1
19.9 26.6
19.5 27.9
19.7 29.2
19.7 30.4
19.0 31.6
18.0 32.3
17.1 33.2
16.3 34.3
15.7 35.4
15.1 36.5
14.3 37.4
13.2 37.8
12.0 37.8
10.9 37.4
9.8 36.7
8.8 36.0
7.6 35.6
6.4 35.5
5.4 35.3
4.5 34.2
3.7 33.2
2.7 32.3
1.9 31.6
2.0 30.3
2.7 29.3
3.4 28.5
3.5 27.5
3.3 26.3
2.8 25.2
2.5 24.2
2.5 22.9
2.2 21.7
1.9 20.6
2.6 19.6
3.7 19.0
3.9 17.9
3.3 17.0
2.7 16.2
3.7 15.4
4.9 15.2
5.8 14.5
6.2 13.4
6.2 12.2
6.3 11.0
6.8 10.0
8.0 9.6
9.1 9.7
10.2 9.1
11.1 8.1
12.0 7.3
13.0 6.5
14.1 5.8
