25.0 46.0
26.0 46.6
24.9 46.8
23.8 46.4
22.7 45.7
22.0 44.8
21.5 43.6
21.2 42.4
20.6 41.3
19.5 40.5
18.4 40.0
17.4 39.4
16.6 38.5
16.7 37.5
17.4 36.5
18.3 35.7
18.9 34.8
18.7 33.7
18.1 32.6
17.3 31.6
16.4 30.7
15.4 29.8
14.5 28.9
13.6 28.0
12.6 27.1
11.7 26.2
10.7 25.4
9.7 24.6
8.8 23.7
8.0 22.6
7.3 21.5
6.5 20.7
5.4 20.1
4.9 19.1
5.1 18.1
5.7 17.0
6.0 15.8
5.9 14.8
5.3 13.9
4.3 13.7
3.1 13.2
2.4 12.3
2.0 11.1
1.9 9.9
2.1 8.8
2.8 8.0
3.9 7.5
4.8 6.7
5.5 5.7
6.1 4.5
6.5 3.3
7.3 2.5
8.3 2.4
9.5 2.6
10.3 3.2
10.9 4.2
11.2 5.4
11.4 6.7
11.5 8.0
11.6 9.2
12.2 10.3
13.1 11.0
14.3 11.3
15.6 11.4
16.9 11.3
18.2 11.2
19.5 11.0
20.7 10.7
21.9 10.7
23.0 11.2
24.1 11.8
25.3 12.1
26.6 12.3
27.8 12.5
28.8 13.1
29.6 14.0
30.5 14.7
31.7 14.2
32.6 13.3
33.4 12.4
