25.0 46.0
26.1 45.8
27.1 45.4
27.9 44.4
28.0 43.3
28.0 42.1
28.8 41.3
30.0 41.1
31.1 40.9
31.9 40.2
32.5 39.2
33.1 38.2
34.3 38.7
35.2 39.7
36.0 40.5
37.1 40.8
38.3 40.7
39.2 41.4
39.2 42.6
38.8 43.8
38.2 44.9
38.2 46.0
39.0 46.9
40.1 47.1
41.4 47.0
42.5 46.6
43.6 45.9
44.7 45.2
45.7 44.4
46.7 43.6
47.6 42.9
48.1 41.8
48.5 40.6
48.6 39.3
48.4 38.2
47.8 37.1
47.0 36.2
46.1 35.2
45.1 34.3
44.2 33.6
43.5 32.5
43.1 31.4
42.1 30.7
40.9 30.5
39.9 30.1
39.2 29.2
38.8 28.1
38.5 27.0
37.7 26.2
36.8 25.2
35.9 24.2
35.1 23.2
34.6 22.2
34.5 21.1
34.2 20.1
33.4 19.1
32.4 18.4
32.2 17.3
32.9 16.4
33.8 15.7
34.8 15.1
34.9 14.1
