12.5 37.5
13.7 38.1
14.6 38.7
15.8 38.9
17.1 38.9
18.3 39.1
19.6 39.5
20.8 40.1
21.8 40.7
21.8 41.8
21.4 42.8
21.4 44.0
21.9 44.9
22.9 45.2
24.1 45.3
25.3 45.1
26.5 44.7
27.7 44.3
28.4 43.4
28.8 42.3
29.5 41.3
30.5 40.9
31.7 40.8
32.9 40.5
34.1 40.0
35.2 39.4
35.8 38.4
35.5 37.3
34.8 36.2
34.1 35.2
33.6 34.0
33.4 33.0
33.9 31.7
34.8 30.9
35.8 30.2
36.8 29.3
37.6 28.4
38.2 27.3
38.7 26.1
39.1 24.8
39.5 23.6
39.9 22.4
39.9 21.2
40.2 20.1
41.2 19.4
42.4 19.1
43.7 19.1
44.8 18.9
45.9 18.4
47.1 17.8
48.0 17.3
48.4 16.2
48.3 15.0
48.0 13.7
47.8 12.4
47.7 11.1
47.6 9.8
47.6 8.6
47.5 7.3
47.2 6.1
46.7 4.9
45.9 3.9
45.0 3.1
43.9 2.4
42.7 1.8
41.6 1.6
40.7 2.1
39.8 2.9
39.1 4.0
39.1 5.2
39.6 6.3
40.1 7.3
39.9 8.3
39.0 9.1
38.1 9.8
37.3 10.8
