45.0 5.0
44.7 3.7
43.7 3.0
42.8 2.5
41.8 2.1
40.8 2.7
40.2 3.6
39.8 4.8
39.6 6.0
39.5 7.3
39.5 8.3
38.2 8.8
37.0 9.3
35.9 9.8
34.7 10.0
33.5 9.9
32.3 9.6
31.1 9.2
30.3 9.9
30.0 11.0
29.9 12.1
29.3 13.0
28.4 13.7
27.4 14.2
26.7 15.0
26.2 16.2
25.6 17.4
25.1 18.3
23.8 18.7
22.8 18.9
23.7 19.7
24.7 20.2
25.9 20.3
27.2 20.6
28.4 20.9
29.5 21.3
30.3 22.1
30.8 23.2
31.5 24.2
31.7 25.4
31.3 26.4
30.5 27.4
29.5 28.2
28.9 29.0
28.5 30.2
28.5 31.4
28.6 32.7
27.9 33.7
26.8 34.1
25.6 34.1
24.3 34.1
23.0 34.0
21.7 33.9
20.5 33.9
19.5 33.4
19.0 32.4
18.4 31.3
17.4 31.0
16.3 31.0
15.3 30.9
14.7 29.9
