5.0 35.0
6.1 34.5
7.2 34.4
8.4 34.2
9.3 33.6
9.6 32.3
9.3 31.1
8.9 30.0
8.9 28.8
9.2 27.5
9.6 26.3
10.2 25.1
10.9 24.0
11.8 23.2
12.8 22.8
13.9 22.1
14.4 21.1
14.6 19.9
14.6 18.7
15.6 17.9
16.5 17.0
17.3 15.9
18.0 14.8
18.7 14.0
19.9 14.0
20.9 14.2
22.2 13.6
23.0 12.8
24.2 12.5
25.3 12.8
26.4 13.4
27.5 13.7
28.2 12.5
28.4 11.3
28.3 10.1
28.2 9.1
29.3 8.3
30.5 8.0
31.6 8.1
32.7 8.6
33.7 9.4
34.6 10.3
35.4 11.2
36.7 11.2
37.9 11.0
39.2 10.8
40.5 10.5
41.7 10.1
43.0 10.4
44.0 11.1
44.9 12.0
45.6 13.1
46.0 14.1
