35.0 5.0
33.9 5.4
32.7 5.8
31.6 6.4
30.6 6.8
31.4 7.5
31.9 8.6
32.3 9.6
33.3 10.0
34.5 10.0
35.3 10.7
35.4 11.8
35.1 12.9
34.6 14.1
33.9 15.2
33.4 16.2
33.6 17.5
34.2 18.5
35.1 19.5
36.1 20.3
36.8 21.1
37.0 22.3
36.9 23.5
36.7 24.8
36.4 26.0
36.5 27.3
36.8 28.6
37.0 29.8
37.1 31.0
36.9 32.3
36.7 33.5
37.3 34.7
38.5 35.2
39.7 35.4
40.9 35.6
42.0 36.4
42.7 37.4
43.6 38.0
44.7 37.7
45.9 37.7
46.6 38.5
47.0 39.6
47.2 40.9
46.7 42.1
45.9 42.9
44.8 43.6
43.7 44.2
42.6 44.7
41.5 44.8
40.2 44.9
38.9 45.1
37.7 45.1
36.4 44.9
