42.5 42.0
42.8 40.9
42.6 39.8
43.5 38.8
44.6 38.5
45.6 38.4
45.7 37.2
45.2 36.0
44.6 35.1
44.7 33.7
45.2 32.6
46.0 31.6
46.6 30.5
47.1 29.3
47.3 28.2
47.1 27.0
46.7 25.7
46.3 24.5
46.0 23.3
45.9 22.0
45.8 20.7
45.9 19.4
46.0 18.2
45.3 17.4
44.3 17.3
42.9 17.2
41.6 17.0
40.5 16.7
39.6 15.9
38.9 14.8
38.3 13.8
37.4 13.0
36.3 12.5
35.1 12.3
33.8 12.5
32.6 12.8
31.5 13.4
31.2 14.4
31.1 15.6
31.4 16.8
31.6 17.9
30.5 18.2
29.4 17.8
28.5 17.1
27.3 17.1
26.5 17.9
26.0 19.0
25.9 20.2
26.1 21.4
26.4 22.5
26.2 23.6
