46.0 17.5
45.4 18.6
44.3 19.2
43.1 19.6
41.9 19.8
41.2 20.8
41.4 21.9
41.7 23.0
41.3 24.2
40.7 25.4
40.0 26.5
39.2 27.3
38.2 27.7
37.0 27.8
35.9 27.5
35.1 26.8
34.5 25.7
34.1 24.6
33.4 23.6
32.4 22.9
31.2 22.5
30.0 22.5
28.7 22.7
27.5 23.2
26.3 23.4
25.0 23.4
23.7 23.4
22.4 23.2
21.2 23.1
20.0 23.2
18.7 23.4
17.4 23.4
16.3 23.7
15.4 24.4
14.4 25.2
13.2 25.6
12.0 25.9
11.3 27.0
11.1 28.0
9.9 28.7
8.7 28.8
7.4 28.6
6.3 28.8
5.5 29.7
4.9 30.8
4.4 32.0
4.1 33.2
3.8 34.5
3.5 35.7
3.2 37.0
2.9 38.2
2.7 39.5
2.5 40.7
2.7 41.8
3.4 42.8
4.3 43.8
4.7 44.8
