46.0 17.5
45.4 18.5
44.2 18.7
42.9 18.6
41.7 18.3
41.0 19.1
40.8 20.2
40.0 21.1
38.9 21.6
37.7 21.8
36.4 21.9
35.2 22.2
33.9 22.6
32.8 22.7
31.5 22.5
30.3 22.1
29.1 21.6
27.8 21.1
26.6 20.8
25.4 20.9
24.2 21.3
23.1 21.8
22.1 22.6
21.0 23.1
19.8 22.9
18.6 22.8
17.3 23.0
16.1 23.4
14.9 23.8
15.0 25.1
15.3 26.2
14.6 27.1
13.6 27.5
12.3 27.7
11.0 27.8
9.7 27.9
8.5 28.0
7.4 28.4
6.4 29.1
5.6 30.1
5.0 31.2
4.5 32.3
4.1 33.6
3.8 34.9
3.5 36.1
3.0 37.4
2.5 38.6
1.9 39.8
1.5 41.0
1.9 42.0
2.8 42.9
3.7 43.8
4.5 44.9
