46.0 17.5
45.0 17.9
43.9 17.7
42.9 17.4
41.9 18.3
41.4 19.5
41.2 20.8
41.1 22.0
40.8 23.1
39.5 23.2
38.3 22.8
37.1 22.6
35.8 22.6
34.5 22.7
33.3 22.9
32.1 23.5
31.2 24.3
30.5 25.3
30.0 26.5
29.4 27.5
28.5 28.4
27.7 29.2
27.3 30.3
27.2 31.5
27.3 32.8
27.6 34.0
27.3 35.2
26.5 36.2
25.6 37.1
24.6 37.9
23.8 38.9
23.1 39.9
22.3 40.6
21.3 40.7
20.2 40.4
19.1 39.7
18.0 39.1
17.0 38.8
15.7 38.9
14.5 38.7
13.5 38.6
12.5 39.1
11.7 39.9
11.0 40.7
9.8 41.1
8.6 41.3
7.3 41.3
6.0 41.2
4.9 41.8
4.7 42.9
4.9 44.1
5.3 45.3
5.7 46.3
5.1 47.5
4.2 46.8
