46.0 17.5
45.0 17.8
44.2 18.5
43.1 19.0
41.9 19.2
40.7 19.4
39.6 19.9
38.8 20.8
38.0 21.8
37.4 22.9
36.6 23.6
35.6 23.5
34.4 23.1
33.4 22.6
32.5 23.4
32.2 24.4
32.4 25.6
32.5 26.7
31.5 27.4
30.3 27.8
29.3 28.3
28.3 29.1
27.4 29.9
26.3 30.6
25.2 31.3
24.2 32.1
23.2 32.9
22.6 33.7
22.8 34.7
23.1 35.9
23.2 37.2
22.6 38.4
21.7 39.1
20.4 38.9
19.6 38.1
19.0 37.0
18.1 36.5
17.2 37.2
16.2 38.1
15.2 39.0
14.2 39.8
13.1 39.4
12.5 38.4
12.2 37.4
11.1 37.3
10.1 37.8
9.1 38.7
8.0 39.4
6.8 39.9
5.7 40.4
4.9 41.2
4.2 42.3
3.7 43.5
3.8 44.6
