32.5 17.5
33.6 17.3
34.6 16.8
35.8 16.9
36.7 17.6
37.4 18.7
38.1 19.8
39.0 20.7
39.8 21.4
39.9 22.7
39.3 23.5
38.1 23.6
36.8 23.3
35.5 23.3
34.2 23.3
32.9 23.5
31.6 23.7
30.5 24.0
29.6 24.6
28.9 25.6
28.4 26.9
28.0 28.1
27.7 29.4
27.4 30.7
27.1 32.0
26.6 33.2
25.9 34.2
25.0 35.2
24.1 36.2
23.0 36.9
22.3 37.8
22.2 38.9
22.5 40.1
22.0 41.1
20.9 41.3
19.7 41.2
18.6 41.3
17.5 41.7
16.4 41.4
15.3 41.1
14.1 41.1
12.9 41.3
11.6 41.6
10.4 42.0
9.3 42.0
8.1 41.6
6.9 41.4
5.7 41.5
4.5 41.7
3.7 42.4
4.3 43.6
5.0 44.4
