32.5 17.5
33.6 17.8
34.2 18.6
34.9 19.4
35.9 19.7
37.1 19.6
38.1 19.8
39.1 20.4
39.9 21.4
40.6 22.5
41.2 23.6
41.7 24.8
42.2 25.9
42.9 26.7
44.0 27.1
45.0 27.7
45.1 28.7
44.8 29.8
44.3 30.8
44.3 31.9
44.8 33.0
45.3 34.0
45.2 35.2
44.6 36.3
44.2 37.5
44.0 38.7
43.6 39.7
42.8 40.5
41.7 41.1
40.6 41.4
39.2 41.2
38.2 40.6
37.4 39.7
36.4 39.4
35.1 39.3
33.9 39.5
32.8 40.1
31.7 40.8
30.6 41.0
29.5 40.4
28.3 39.9
27.0 39.8
26.0 40.3
25.1 41.2
24.1 41.7
23.0 41.5
21.9 40.9
20.8 40.2
19.6 40.1
19.0 41.1
18.2 41.7
17.1 41.5
15.8 41.2
14.5 40.9
13.2 40.7
12.0 40.4
10.9 40.0
9.9 39.8
8.8 40.1
7.7 40.7
6.7 41.6
5.8 42.5
5.0 43.5
4.1 44.5
