46.0 33.0
45.8 32.0
45.1 31.0
44.3 30.1
43.7 28.9
42.9 28.1
41.7 27.8
40.5 27.9
39.2 28.1
38.1 28.2
36.9 27.9
35.7 27.4
34.5 26.9
34.3 25.6
34.5 24.5
33.6 23.7
32.4 23.3
31.2 23.2
30.0 23.3
28.8 22.7
28.1 21.7
27.5 20.6
26.9 19.4
26.2 18.4
25.2 17.6
23.9 17.1
22.7 17.2
21.7 16.6
21.3 15.6
21.2 14.4
21.3 13.2
21.5 11.9
21.6 10.6
21.6 9.4
22.0 8.3
22.4 7.3
22.4 6.1
22.1 4.9
20.8 4.4
19.6 4.1
18.4 4.0
17.1 4.3
15.9 4.8
14.8 4.9
13.7 4.7
12.6 4.1
11.6 3.3
10.6 2.5
9.7 2.0
8.5 1.8
7.2 2.0
6.0 2.3
4.8 2.7
