46.0 33.0
46.6 32.0
45.7 31.5
44.8 30.6
44.2 29.5
43.8 28.3
43.2 27.4
42.2 26.5
41.5 25.5
41.0 24.3
40.5 23.2
39.8 22.2
39.0 21.2
38.1 20.4
37.4 19.4
37.0 18.3
36.6 17.0
36.5 16.0
37.4 15.3
38.2 14.5
38.1 13.1
37.4 12.2
36.4 11.3
35.5 10.7
35.8 9.7
36.7 8.9
37.8 8.4
39.0 7.7
39.6 6.8
39.8 5.6
39.0 4.6
37.9 4.3
36.6 4.3
35.4 4.5
34.2 4.5
33.0 4.3
31.8 4.3
30.5 4.3
29.3 4.1
28.1 3.6
27.0 3.0
25.9 2.4
24.9 2.1
23.7 2.3
22.5 2.8
21.4 3.6
20.5 4.4
19.6 5.1
18.3 5.4
17.1 5.3
16.0 4.9
14.8 4.3
13.8 3.7
12.6 3.1
11.4 2.7
10.2 2.3
9.2 2.4
8.4 3.1
7.8 3.9
6.8 4.3
5.6 4.3
