46.0 33.0
45.5 31.9
45.3 30.8
44.8 29.8
44.2 28.9
43.2 28.4
42.0 28.2
40.7 28.2
39.5 28.2
38.3 28.2
37.1 27.8
36.0 27.2
34.8 26.8
33.6 26.7
32.3 26.7
31.0 26.9
29.9 27.2
28.8 26.6
28.0 25.6
27.4 24.4
26.9 23.2
26.4 21.9
26.3 20.9
26.7 19.8
27.4 18.8
28.2 17.9
28.7 16.9
28.9 15.7
28.5 14.6
27.9 13.5
27.3 12.3
26.7 11.1
26.1 10.1
25.1 9.3
24.1 8.6
23.1 7.8
22.2 6.9
21.3 5.9
20.3 5.1
19.2 5.0
18.0 5.3
16.8 5.7
15.6 5.9
14.3 6.0
13.1 6.0
12.0 5.7
10.9 5.1
9.8 4.6
8.5 4.4
7.3 4.3
6.1 3.9
5.1 3.1
4.3 2.2
4.4 3.2
