45.0 45.0
45.4 44.0
46.4 43.3
47.1 42.4
47.5 41.3
47.5 40.1
47.5 38.8
46.8 37.9
45.8 37.5
44.6 37.3
43.6 36.4
43.2 35.3
43.2 34.1
43.4 32.8
43.7 31.5
42.8 30.8
41.6 30.7
40.4 30.9
39.1 31.0
37.8 30.8
36.8 30.7
36.6 29.6
36.5 28.6
35.4 27.9
34.2 27.6
33.1 27.0
32.0 27.2
31.2 28.0
30.4 29.0
29.3 29.6
28.1 30.0
27.1 30.3
26.1 31.0
24.9 31.5
23.8 31.3
22.7 30.7
21.8 29.9
21.0 28.9
20.2 28.2
19.1 28.0
17.8 28.2
16.6 28.5
15.3 28.7
14.0 28.8
12.7 28.9
11.5 29.1
10.3 29.6
9.2 30.2
8.1 30.8
7.1 31.6
6.4 32.6
6.1 33.7
6.0 34.9
5.4 36.1
4.4 36.7
3.2 37.2
2.1 37.8
1.7 38.8
1.7 40.0
1.9 41.2
2.4 42.3
3.2 43.2
3.8 44.4
