45.0 45.0
44.0 44.7
44.9 43.8
45.1 42.6
45.8 41.6
47.0 41.2
47.8 40.5
47.9 39.4
47.6 38.3
46.9 37.2
46.0 36.3
45.3 35.2
44.7 34.0
44.2 32.8
43.6 31.6
43.0 30.6
42.7 29.4
42.7 28.1
42.3 27.0
41.6 26.0
40.7 25.2
39.6 24.5
38.5 24.0
37.3 23.6
36.1 23.2
35.2 22.7
34.7 21.7
34.4 20.6
34.1 19.3
33.6 18.2
33.2 17.0
32.9 15.8
32.8 14.5
32.9 13.3
33.3 12.0
33.9 10.8
32.9 10.9
32.3 11.8
31.3 12.2
30.2 12.0
29.0 11.4
28.0 10.6
27.5 9.7
27.4 8.6
27.4 7.4
27.1 6.2
26.6 5.1
25.3 4.8
24.1 5.0
22.9 5.5
22.1 6.4
21.8 7.5
21.9 8.7
22.0 9.7
21.3 10.7
20.3 11.3
19.3 10.4
18.3 10.0
