47.0 3.5
46.1 2.7
44.9 2.2
43.5 2.3
42.2 2.5
41.0 2.8
39.8 3.2
38.9 4.0
38.2 5.0
38.1 6.0
38.4 7.1
39.1 8.1
39.9 9.0
40.5 9.9
40.5 11.0
40.2 12.1
40.5 13.4
41.3 14.3
42.2 15.1
42.6 16.2
42.7 17.4
42.6 18.6
42.0 19.7
41.1 20.6
40.1 21.4
39.0 22.1
37.9 22.7
36.8 23.3
35.6 23.8
34.5 24.2
33.4 24.2
32.2 23.9
31.0 23.4
29.8 22.9
28.7 22.3
27.6 21.6
26.6 20.9
25.7 19.9
24.8 18.9
23.9 17.9
23.1 16.9
22.4 16.1
22.4 15.1
22.8 14.1
23.5 13.2
23.8 12.2
23.8 11.0
23.5 9.8
23.0 8.6
22.3 7.6
21.3 6.8
20.1 6.2
19.0 5.6
18.1 4.7
