47.0 3.5
46.1 2.9
45.2 2.2
44.0 1.7
43.0 1.6
42.4 2.4
42.3 3.5
42.6 4.6
42.3 5.9
41.5 6.8
40.6 7.7
39.6 8.4
38.8 9.1
38.5 10.3
38.7 11.6
38.9 12.9
39.0 14.1
38.7 15.2
38.0 16.3
37.2 17.2
36.3 18.1
36.9 19.2
38.1 19.6
38.3 20.7
38.1 21.8
37.4 22.8
36.5 23.7
35.5 24.5
34.4 24.8
33.3 24.4
32.3 23.6
31.2 22.9
30.1 22.3
29.0 21.8
27.7 21.6
26.4 21.6
25.3 21.6
25.4 20.3
26.0 19.4
27.0 18.7
27.6 17.9
27.8 16.7
27.7 15.5
27.3 14.2
26.9 13.0
26.8 11.8
26.8 10.6
27.0 9.3
27.1 8.0
27.2 6.7
27.3 5.4
26.2 5.3
25.1 5.9
24.2 6.5
23.0 6.7
21.8 6.6
20.9 6.1
19.8 5.5
18.6 5.1
17.4 4.9
