47.0 25.0
45.9 25.2
44.7 25.3
43.6 25.0
43.5 26.2
42.4 27.0
41.2 27.3
39.9 27.4
38.6 27.3
37.4 26.9
36.3 26.6
35.2 26.8
34.1 27.3
33.0 28.0
31.7 28.1
30.6 27.7
29.5 27.1
28.3 26.6
27.1 26.4
25.9 26.5
24.6 26.9
23.4 27.3
22.2 27.7
21.0 27.9
19.8 27.6
18.8 27.0
17.6 26.7
16.5 27.2
15.7 28.0
14.5 28.6
13.3 28.7
12.0 28.5
10.8 28.1
9.6 27.7
8.5 27.6
7.4 28.0
6.4 28.7
5.5 29.6
4.8 30.6
4.3 31.8
4.1 33.0
4.2 34.1
4.7 35.2
5.4 36.3
5.9 37.3
6.8 37.8
7.9 38.1
9.1 38.0
10.2 37.9
11.2 38.5
12.0 39.4
12.9 40.3
14.0 40.4
15.2 40.1
16.3 39.5
17.4 38.8
18.4 38.4
19.6 38.4
20.8 38.7
22.0 39.3
23.1 39.9
24.1 40.7
25.0 41.4
26.0 41.6
27.0 41.0
27.8 40.1
28.8 39.3
29.8 38.5
30.7 37.6
31.4 36.5
32.0 35.3
32.7 34.3
