34.0 17.5
35.0 17.7
36.1 17.2
36.9 16.2
37.8 15.3
38.0 14.2
37.5 13.1
36.9 11.9
36.6 10.9
36.7 9.8
37.3 8.6
38.0 7.6
37.7 6.4
36.7 6.0
35.5 5.8
34.2 5.8
32.9 6.0
31.6 6.1
30.3 6.1
29.3 6.6
28.9 7.7
28.5 8.9
28.0 10.1
27.4 11.2
27.0 12.5
27.4 13.5
28.1 14.5
27.7 15.5
26.6 15.9
25.5 16.4
24.6 17.2
24.0 18.3
23.5 19.5
23.2 20.8
22.9 22.0
22.6 23.3
22.2 24.6
21.7 25.7
21.0 26.8
20.1 27.8
19.1 28.6
17.7 28.5
16.7 27.9
15.8 27.0
15.0 25.9
14.3 24.8
13.7 23.7
12.8 22.8
11.8 22.0
11.1 20.9
11.0 19.8
11.5 18.8
12.6 18.1
13.8 17.7
15.1 17.5
