20.0 40.0
21.0 40.3
21.1 41.3
20.7 42.4
20.1 43.3
19.9 44.3
20.1 45.5
21.0 46.6
22.0 47.2
23.2 47.3
24.3 46.7
25.2 45.9
26.1 45.0
26.9 44.0
27.7 43.0
28.6 42.0
29.5 41.3
30.7 40.8
31.9 40.5
33.2 40.2
34.5 39.8
35.7 39.4
36.9 39.0
38.1 38.5
39.4 38.1
40.7 37.7
41.5 36.9
41.4 35.7
40.9 34.6
40.8 33.3
41.0 32.1
41.0 30.9
40.1 29.9
39.2 29.0
38.2 28.2
37.3 27.4
36.8 26.4
36.6 25.2
36.7 23.9
36.9 22.6
37.1 21.6
36.0 20.7
35.0 19.9
34.0 19.0
32.9 18.1
32.0 17.4
31.2 16.4
30.7 15.2
30.3 13.9
29.9 12.7
29.3 11.8
28.5 10.8
27.9 9.7
27.5 8.6
26.7 7.6
25.7 6.8
24.6 6.0
23.6 5.7
22.5 6.3
21.6 7.2
21.0 8.3
20.6 9.5
20.4 10.8
20.3 12.1
20.2 13.4
20.2 14.7
20.2 16.1
20.4 17.4
20.6 18.7
