35.0 5.0
35.4 3.8
35.2 2.7
36.4 2.3
37.5 2.5
38.7 2.9
40.0 3.1
41.1 3.5
42.2 4.2
43.1 5.0
43.8 5.8
43.9 6.9
43.5 8.1
43.1 9.1
43.1 10.2
43.7 11.3
44.4 12.4
45.3 13.3
45.8 14.5
45.7 15.6
45.2 16.7
45.1 17.8
45.3 19.1
45.6 20.3
45.9 21.6
45.9 22.8
45.6 24.0
45.1 25.1
44.1 25.8
42.9 25.9
41.8 26.2
40.5 26.7
39.2 26.9
37.9 27.1
37.0 26.6
36.9 25.4
36.4 24.4
35.4 23.8
34.2 23.5
33.0 22.8
32.5 21.7
31.7 20.9
30.9 21.5
30.0 22.2
28.9 22.5
27.6 22.5
26.3 22.2
25.2 21.8
24.4 21.0
23.8 20.0
23.4 18.8
22.7 17.7
21.9 16.6
21.1 15.9
20.1 15.6
18.9 15.8
17.6 16.0
16.3 16.0
14.9 15.9
13.8 15.9
12.7 16.3
11.7 16.9
10.6 16.9
9.4 16.7
8.2 16.1
7.1 15.9
6.1 16.4
5.2 17.3
4.5 18.4
4.1 19.6
3.8 20.8
3.7 22.1
3.8 23.2
4.7 23.9
5.8 24.2
7.1 24.2
8.3 24.4
9.5 24.8
10.7 25.4
11.8 26.0
12.3 27.2
12.3 28.5
12.1 29.7
12.3 30.9
12.9 32.0
13.6 33.1
14.3 34.0
