25.0 3.0
26.1 2.5
27.1 2.8
28.1 2.9
29.3 2.7
30.3 2.0
31.3 2.2
31.8 3.2
32.5 4.0
33.6 4.2
34.7 4.3
35.9 4.8
36.9 5.5
37.9 6.3
38.8 7.3
39.4 8.2
39.8 9.4
40.4 10.5
41.3 11.4
42.2 12.4
43.2 13.2
44.0 13.9
43.5 14.9
42.5 15.5
41.3 15.8
40.0 15.9
38.9 15.9
38.1 15.2
37.8 14.1
36.9 13.2
35.8 13.1
34.6 13.3
33.4 13.8
32.2 14.4
31.1 14.9
29.9 15.0
28.6 15.1
27.2 15.2
26.7 16.4
27.3 17.3
28.2 18.1
29.3 18.8
30.3 19.5
31.1 20.5
31.7 21.5
31.6 22.7
31.4 23.8
31.9 24.7
32.6 25.6
32.8 26.6
32.7 27.8
32.4 28.9
32.5 29.9
33.2 30.9
34.1 31.7
35.2 32.5
36.1 33.2
36.3 34.3
36.7 35.5
37.3 36.6
38.1 37.6
38.6 38.8
38.3 40.0
37.8 41.2
37.2 42.3
36.6 43.4
35.9 44.5
