4.0 4.0
5.2 4.4
6.1 5.0
7.2 5.2
8.4 5.0
9.6 4.5
10.7 3.8
11.7 3.1
12.8 2.7
13.9 2.6
15.0 3.1
16.0 3.9
16.8 4.8
17.7 5.5
18.7 5.6
19.9 5.4
20.9 5.1
22.1 5.6
22.9 6.3
24.1 6.1
24.8 5.2
25.5 6.4
25.5 7.5
25.5 8.6
25.9 9.7
26.7 10.7
27.6 11.6
28.1 12.6
28.2 13.8
28.0 15.0
28.0 16.1
28.3 17.3
28.6 18.4
28.8 19.7
29.1 20.9
29.6 22.2
29.6 23.3
29.0 24.2
28.2 25.0
27.7 26.2
27.5 27.4
27.6 28.6
27.4 29.7
26.8 30.8
26.6 32.0
27.0 33.1
27.4 34.3
27.7 35.6
27.9 36.8
28.0 38.1
28.7 39.3
29.7 40.0
30.9 40.6
32.1 41.0
33.2 40.5
33.5 39.4
33.6 38.2
34.1 37.1
34.4 36.1
33.9 35.1
32.9 34.4
31.6 34.0
