45.0 45.0
45.8 46.2
46.9 45.9
47.4 44.8
47.6 43.6
48.0 42.4
48.3 41.4
48.1 40.2
47.4 39.1
46.7 38.1
45.8 37.3
45.3 36.3
45.1 35.2
45.3 34.0
45.9 32.8
46.4 31.9
46.0 30.9
45.1 30.3
43.9 29.9
42.8 29.5
42.0 28.7
41.2 27.7
40.3 26.9
39.3 26.6
38.0 26.6
36.8 26.1
35.9 25.3
35.3 24.3
35.1 23.0
35.1 21.7
35.0 20.5
34.5 19.4
33.6 18.7
32.6 17.9
31.7 17.0
30.7 16.1
29.6 15.4
28.5 14.9
27.2 14.5
26.1 14.6
25.6 15.8
24.4 16.1
23.5 15.5
22.9 14.6
22.3 13.4
21.6 12.3
20.8 11.4
19.8 10.5
18.8 9.8
17.5 9.6
16.4 10.0
15.4 10.8
14.6 11.4
13.6 11.0
13.0 10.0
12.6 8.9
12.1 8.0
11.1 7.4
10.1 6.6
9.7 5.6
9.8 4.4
9.7 3.4
9.2 2.4
8.1 2.5
7.1 3.2
6.2 4.1
5.3 5.1
4.4 6.0
3.6 7.1
2.8 8.1
1.9 9.1
1.4 10.4
1.5 11.6
1.7 12.9
2.1 14.1
2.6 15.2
3.4 16.2
4.4 17.0
5.4 17.6
6.1 18.6
6.4 19.8
