15.0 21.0
15.6 22.1
15.6 23.3
15.2 24.4
14.6 25.5
14.3 26.5
14.4 27.6
14.9 28.7
15.6 29.7
16.5 30.7
17.2 31.7
18.2 32.2
19.4 32.4
20.6 32.8
21.8 33.3
22.9 33.9
24.0 34.5
25.1 35.2
26.2 35.7
27.5 35.9
28.7 35.9
29.9 35.5
31.0 34.9
32.1 34.2
33.0 33.4
33.6 32.5
34.2 31.4
35.1 30.6
35.7 29.8
36.0 28.7
35.9 27.5
36.2 26.3
37.0 25.4
38.0 24.7
39.2 24.2
40.3 23.8
41.3 23.1
42.1 22.2
42.8 21.1
43.4 20.0
44.0 18.9
44.2 17.6
44.3 16.4
44.6 15.2
45.2 14.0
46.0 12.9
46.9 12.0
47.7 11.1
48.0 10.0
48.0 8.8
47.6 7.6
47.0 6.4
46.4 5.2
