45.0 5.0
46.2 4.9
45.3 4.2
44.3 3.6
43.1 3.2
41.8 3.0
40.5 2.9
39.2 2.8
38.1 3.0
37.0 3.6
36.1 4.5
35.4 5.5
34.6 6.2
33.4 6.5
32.2 6.3
31.2 6.6
31.1 7.8
30.7 9.0
30.1 10.2
29.3 11.2
28.5 12.2
27.5 13.1
26.6 14.0
26.0 15.0
25.4 16.2
24.7 17.2
23.7 18.1
22.7 18.8
22.3 19.8
22.7 21.0
23.5 22.0
24.4 23.0
25.2 23.9
25.7 24.9
26.0 26.1
26.2 27.4
27.1 28.3
28.3 28.5
29.5 28.4
30.8 28.3
31.8 27.9
32.6 27.1
33.3 26.1
34.4 25.7
35.5 25.9
36.6 26.2
37.8 26.1
39.0 25.8
40.2 25.5
41.5 25.5
42.7 25.3
43.7 25.0
