32.5 4.0
33.4 3.1
34.4 2.4
35.5 2.0
36.7 1.8
37.7 2.3
38.3 3.4
38.8 4.6
38.9 5.7
38.5 6.7
37.8 7.8
37.1 8.8
36.6 9.7
37.1 10.9
38.1 11.7
38.7 12.7
39.1 13.9
39.5 15.2
39.3 16.2
38.5 17.0
37.4 17.6
36.2 18.0
36.8 19.1
37.9 19.5
39.0 19.8
38.8 21.0
38.1 21.9
37.1 22.7
36.4 23.8
35.6 24.5
34.6 24.3
33.5 23.7
32.7 22.9
31.5 22.9
30.4 23.3
29.4 24.1
28.6 24.9
28.0 26.1
27.6 27.3
27.3 28.6
27.2 29.8
27.5 31.0
27.5 32.1
27.1 33.3
26.6 34.4
25.5 35.3
24.4 35.6
23.2 35.8
22.7 36.8
22.8 37.9
23.1 39.0
22.7 40.0
21.9 40.6
20.8 40.6
20.3 39.6
19.7 38.6
19.4 37.4
19.2 36.1
19.0 34.9
18.4 34.0
