32.5 4.0
33.3 3.3
32.1 3.7
31.1 4.3
30.2 5.1
29.2 6.0
28.3 6.8
27.3 7.6
26.2 8.2
25.2 9.0
24.2 9.8
23.1 10.6
22.3 11.4
21.6 12.4
21.3 13.6
21.7 14.6
22.4 15.5
22.5 16.5
21.9 17.7
21.4 18.8
21.2 19.8
20.9 20.9
20.3 22.0
19.4 23.0
18.6 24.0
17.8 25.0
17.2 26.1
16.6 27.2
15.8 28.1
14.7 28.4
13.5 28.3
12.2 28.0
11.0 27.8
9.7 27.8
8.4 27.8
7.1 27.9
6.1 28.5
5.8 29.5
5.9 30.7
5.9 32.0
5.8 33.2
5.9 34.5
6.0 35.8
6.1 37.1
6.2 38.4
6.7 39.6
7.6 40.4
8.7 41.0
9.8 41.5
11.0 41.9
12.0 41.8
13.1 41.4
14.2 41.6
15.4 42.0
16.7 42.5
17.8 42.8
19.0 42.4
19.8 41.4
20.3 40.3
20.2 39.0
19.8 37.9
19.1 36.8
18.3 35.8
17.6 35.0
17.7 33.7
