45.0 4.0
45.8 5.0
45.6 6.1
45.5 7.2
46.2 8.0
47.2 8.6
48.1 9.7
48.2 10.9
47.7 11.9
46.9 12.8
45.9 13.6
44.8 14.4
43.9 15.2
43.3 16.2
43.2 17.3
43.5 18.5
44.0 19.5
44.3 20.6
43.4 21.2
42.3 21.5
41.0 21.5
39.9 21.2
38.9 20.6
38.3 19.8
37.2 19.9
36.2 20.5
35.5 21.4
34.4 22.0
33.2 21.9
32.2 21.7
31.2 22.4
30.5 23.4
29.9 24.2
28.8 24.7
27.6 24.8
26.2 24.8
24.9 24.6
23.6 24.5
22.4 24.5
21.1 24.5
19.8 24.5
18.7 25.1
18.4 26.2
17.8 27.1
16.9 27.8
15.8 27.2
15.0 26.2
14.5 25.2
14.6 24.0
15.0 22.8
15.3 21.6
15.5 20.3
15.7 19.0
15.8 17.8
15.8 16.5
15.9 15.2
16.1 13.9
15.6 13.0
14.5 12.7
13.3 12.6
12.2 11.9
11.7 10.8
11.5 9.6
11.5 8.3
11.5 7.0
11.2 5.8
10.4 5.0
9.5 4.3
8.8 3.2
7.9 2.3
6.8 1.9
5.7 2.3
4.6 3.0
