45.0 35.0
45.6 36.0
45.0 37.1
44.2 38.0
43.2 38.8
42.3 39.6
41.3 40.5
40.4 41.4
39.4 42.3
38.4 43.2
37.4 44.0
36.5 44.8
35.9 45.9
35.0 46.6
33.8 46.2
32.5 46.0
31.3 45.8
30.0 45.7
29.0 45.9
28.0 46.6
26.8 47.1
25.5 47.4
24.3 47.6
23.2 47.5
22.0 47.2
20.8 46.8
19.8 46.1
18.6 45.4
17.5 44.9
16.3 44.3
15.1 43.9
13.8 43.6
12.5 43.4
11.2 43.5
10.3 44.1
9.6 45.1
9.1 46.0
8.4 44.9
8.0 43.9
7.1 43.2
6.0 42.7
4.8 42.4
3.5 42.2
2.7 41.3
2.6 40.2
2.7 38.9
3.0 37.8
2.9 36.6
2.6 35.4
2.7 34.2
3.1 33.0
3.6 31.9
3.7 30.8
3.3 29.6
2.9 28.4
2.5 27.1
2.0 25.9
