17.5 46.0
18.5 45.4
19.0 44.4
19.2 43.2
19.1 41.9
19.5 40.9
20.7 40.6
21.7 40.8
22.9 41.3
24.1 41.6
25.3 41.9
26.6 42.0
27.7 41.8
28.8 41.2
29.8 40.4
30.7 39.4
31.4 38.3
32.4 38.0
33.5 38.2
34.5 38.9
35.5 39.6
36.7 40.1
37.9 40.3
39.1 40.3
40.4 40.0
41.6 39.5
42.9 39.0
44.0 38.4
45.0 37.6
46.1 36.9
47.3 36.4
47.8 35.4
47.6 34.2
47.1 33.1
46.3 32.0
45.5 31.0
44.7 30.0
43.8 29.0
42.8 28.2
41.8 27.5
40.6 27.3
39.4 27.4
38.1 27.7
36.9 28.1
35.8 28.1
34.9 27.4
34.3 26.4
33.5 25.6
32.5 25.0
31.3 24.5
30.1 24.2
29.1 23.8
28.3 23.0
27.6 21.9
27.0 20.9
27.0 19.7
27.7 18.6
27.9 17.5
27.5 16.4
26.7 15.3
25.9 14.4
24.9 13.6
24.0 12.7
23.2 11.7
22.3 10.8
21.7 9.8
21.5 8.6
21.7 7.4
21.6 6.4
20.8 5.7
19.8 5.2
18.7 5.3
17.7 5.4
16.5 4.8
15.8 3.9
14.6 3.8
13.6 4.4
12.4 4.9
11.6 5.5
11.0 6.6
10.6 7.8
10.2 8.9
9.6 10.0
8.7 11.0
7.9 11.8
8.1 12.8
8.9 13.4
9.4 14.4
8.7 15.2
7.7 15.8
6.4 16.1
5.3 16.5
4.3 17.2
