45.0 15.0
44.4 14.0
43.6 13.1
42.6 12.3
41.4 12.0
40.2 12.1
38.9 12.3
37.7 12.7
36.5 12.8
35.3 12.6
34.2 12.1
33.1 11.4
32.3 10.8
32.2 11.9
31.5 12.8
30.4 13.4
29.4 13.9
28.3 13.9
27.2 13.4
26.2 12.8
25.1 12.4
23.8 12.3
22.6 12.3
21.7 12.8
20.9 13.8
19.8 14.6
18.6 14.7
17.4 14.6
16.2 14.8
15.0 15.2
13.8 15.6
12.5 16.0
11.3 16.2
10.0 16.5
9.0 16.7
8.3 17.5
7.9 18.6
7.8 19.8
7.5 21.1
7.2 22.3
6.8 23.5
5.8 23.9
4.9 23.3
4.2 22.3
3.2 22.5
2.9 23.6
3.0 24.9
3.3 26.1
3.6 27.4
4.0 28.6
4.3 29.8
4.3 31.1
4.2 32.4
4.3 33.7
