15.0 4.0
14.2 4.9
13.5 5.8
12.4 6.4
11.4 6.9
11.3 8.0
11.7 9.1
12.5 10.1
13.4 11.0
14.4 11.2
15.4 10.7
16.4 9.9
17.6 9.5
18.9 9.7
20.2 9.9
21.5 10.1
22.8 10.3
24.0 10.5
25.0 11.1
26.1 11.7
27.3 12.1
28.5 12.2
29.7 11.9
30.8 11.3
31.8 10.7
33.1 10.5
34.1 10.7
34.5 12.0
34.4 13.2
34.0 14.4
33.5 15.6
33.0 16.7
32.7 17.9
32.6 19.2
33.2 20.1
34.3 20.3
35.5 20.1
36.7 19.6
37.7 20.1
38.2 21.1
38.4 22.3
38.5 23.6
38.6 24.8
39.1 25.9
39.8 26.9
40.8 27.7
41.6 28.7
42.4 29.7
43.1 30.7
43.6 31.9
44.0 33.1
44.3 34.2
45.4 35.2
46.5 35.8
47.6 36.4
48.0 37.4
48.1 38.7
48.0 39.9
47.6 41.1
46.4 41.6
45.4 42.3
44.5 43.2
43.8 44.1
44.1 45.3
44.9 46.1
45.0 47.1
44.0 47.5
42.7 47.6
41.7 47.4
40.8 46.7
40.0 45.7
39.2 44.8
38.7 43.9
38.7 42.8
38.8 41.7
38.1 40.5
37.2 39.7
36.1 39.2
34.9 38.8
33.6 38.5
32.3 38.5
31.4 39.2
30.7 40.1
29.5 39.7
28.4 39.0
27.4 38.2
26.4 37.3
