15.0 37.0
16.0 36.7
16.1 35.6
15.8 34.4
15.8 33.2
16.0 31.9
16.3 30.6
16.5 29.4
16.4 28.1
16.2 26.9
16.0 25.6
15.9 24.3
15.9 23.0
16.0 21.6
16.0 20.4
16.5 19.4
17.2 18.4
18.1 17.9
19.3 17.6
20.5 17.2
21.7 16.6
22.6 15.7
23.3 14.7
24.0 13.5
24.5 12.4
25.0 11.4
26.2 10.9
27.5 10.8
28.8 10.8
30.1 10.7
31.2 10.7
32.4 11.1
33.5 11.6
34.5 11.7
35.6 11.3
36.6 10.6
37.4 9.7
38.1 8.7
38.7 7.6
38.9 6.3
38.9 5.1
39.5 4.1
40.4 3.5
41.6 3.2
42.7 3.4
43.9 3.9
45.0 4.6
45.9 5.5
46.5 6.6
47.0 7.8
47.5 8.9
48.1 10.0
48.5 11.2
48.1 12.3
47.2 13.1
46.1 13.7
45.1 14.2
44.3 15.0
43.7 16.1
43.3 17.3
42.9 18.4
41.8 19.1
40.6 19.3
39.3 19.5
38.3 20.1
38.2 21.1
