15.0 5.0
14.9 6.2
14.9 7.3
14.6 8.4
15.5 9.3
16.7 9.6
17.9 9.5
19.1 9.3
20.3 9.0
21.3 9.1
21.6 10.1
21.8 11.4
22.1 12.7
22.3 14.0
22.6 15.3
22.9 16.6
23.2 17.9
23.6 18.9
24.5 19.8
25.6 20.5
26.3 21.7
26.4 22.9
26.3 24.1
25.9 25.4
25.5 26.7
25.4 27.8
25.7 29.0
26.3 30.1
26.9 31.1
27.0 32.1
26.6 33.4
26.0 34.5
25.8 35.5
26.8 36.3
28.0 36.6
29.3 36.6
30.5 36.8
31.8 37.2
32.8 37.8
33.5 38.7
34.1 39.8
34.4 41.0
35.3 41.7
36.4 41.9
37.7 41.9
38.9 41.6
40.1 41.3
41.4 40.8
42.5 40.3
43.6 39.6
44.6 38.8
45.4 38.0
45.9 36.9
46.1 35.7
