35.0 46.0
33.9 45.4
35.1 44.8
36.3 44.3
37.3 43.7
38.0 42.8
38.4 41.6
38.4 40.3
38.2 39.3
37.3 38.8
36.2 38.8
34.9 39.1
33.7 39.5
32.6 40.1
31.6 40.4
30.8 39.8
30.2 38.7
29.8 37.5
29.6 36.4
28.4 35.9
27.2 36.1
26.1 36.7
25.2 37.5
24.3 38.5
23.5 39.5
22.7 40.3
21.6 40.6
20.3 40.7
19.0 40.4
17.8 40.0
16.6 39.5
15.5 38.9
14.3 38.4
13.2 37.9
12.2 38.2
11.4 39.0
10.8 40.1
10.0 41.0
9.4 42.1
9.5 43.3
9.8 44.5
10.1 45.7
10.2 47.0
9.1 47.4
7.9 47.0
6.9 46.4
6.1 45.4
5.6 44.2
5.1 43.2
4.1 42.5
3.0 42.0
2.6 40.7
2.3 39.5
2.0 38.2
1.8 36.9
2.0 35.7
2.8 34.9
3.8 34.2
4.7 33.4
5.4 32.3
6.0 31.2
6.4 30.0
6.7 28.7
6.9 27.5
7.6 26.4
8.7 25.8
9.9 25.4
11.2 25.1
12.0 24.4
12.4 23.3
