25.0 25.0
26.0 25.3
26.9 25.8
28.0 26.4
29.2 26.4
30.2 25.9
31.3 26.6
32.3 27.1
33.4 27.0
34.4 26.5
35.3 25.8
36.3 26.6
36.6 27.7
36.5 28.9
36.7 30.0
37.6 30.5
38.7 30.5
39.9 30.3
41.2 29.8
42.3 30.5
42.8 31.7
43.4 32.8
44.2 33.9
45.0 35.0
45.8 35.9
46.8 36.7
47.8 37.4
48.3 38.4
48.5 39.6
48.3 40.8
47.8 41.8
47.0 42.8
46.2 43.6
45.8 44.7
45.7 45.9
44.7 46.5
43.5 46.8
42.4 47.3
41.3 47.3
40.3 46.9
39.5 46.1
38.9 45.0
38.5 43.8
38.5 42.6
38.7 41.3
39.0 40.3
38.1 39.7
36.9 39.7
35.8 39.9
35.4 38.9
35.4 37.8
34.6 36.8
33.5 36.3
32.4 35.8
31.4 35.0
30.6 34.0
29.9 33.2
28.8 33.3
28.0 34.0
27.0 33.9
25.8 33.9
24.4 33.9
23.1 33.9
21.8 33.8
20.6 33.6
19.3 33.5
18.1 32.9
17.3 31.9
16.7 30.8
16.3 29.7
15.3 28.9
14.2 28.6
13.0 28.5
12.0 27.8
11.4 26.7
11.2 25.4
11.0 24.1
10.8 22.9
10.7 21.6
10.7 20.3
11.9 20.1
13.3 20.2
14.6 20.2
15.6 19.9
16.2 18.9
16.5 17.7
16.5 16.4
16.6 15.1
16.9 13.9
17.3 12.6
18.1 11.6
19.2 11.3
20.2 11.0
20.8 10.0
21.0 8.8
21.5 7.7
22.3 6.7
23.3 5.9
24.4 5.1
