47.0 46.0
47.7 45.0
47.6 43.9
47.2 42.7
46.6 41.6
46.3 40.5
46.4 39.2
46.7 37.9
46.5 36.6
45.8 35.6
45.5 34.4
45.7 33.2
46.1 32.2
46.0 31.2
45.3 30.3
44.4 29.5
43.3 28.7
42.2 28.1
41.0 27.5
39.8 26.9
38.7 26.3
37.4 26.0
36.2 25.7
35.3 25.0
34.6 24.0
34.1 22.9
33.0 22.4
31.8 22.4
30.6 22.8
29.5 23.1
28.3 22.9
27.2 22.5
26.4 21.7
25.8 20.7
25.4 19.5
25.6 18.4
25.9 17.3
25.6 16.2
24.9 15.2
24.3 14.2
24.0 13.0
23.7 11.9
23.2 10.8
22.4 9.7
21.8 8.7
21.7 7.7
21.9 6.6
22.0 5.6
21.0 4.9
19.9 4.2
18.9 3.4
