5.0 5.0
4.0 4.7
2.8 4.8
1.9 5.3
1.4 6.2
1.2 7.4
1.3 8.7
1.7 9.8
2.4 10.9
3.0 12.0
3.6 13.1
4.1 14.3
4.6 15.5
5.0 16.7
5.4 18.0
5.6 19.3
5.8 20.5
6.4 21.6
7.2 22.6
8.0 23.3
9.1 23.5
10.4 23.6
11.7 23.6
13.0 23.5
14.1 23.6
15.1 24.2
15.4 25.2
15.6 26.5
16.1 27.7
16.0 28.8
15.8 29.8
16.1 30.9
16.6 32.0
16.9 33.2
17.1 34.5
17.6 35.5
18.4 36.4
19.4 37.2
20.6 37.5
21.4 36.8
21.9 35.8
22.3 34.7
23.4 34.1
24.6 34.2
25.8 34.6
27.0 34.7
28.3 34.5
29.4 34.1
30.4 33.3
31.2 32.3
32.0 31.4
33.0 30.7
34.1 30.1
35.0 29.3
35.9 28.4
36.2 27.4
36.3 26.1
36.1 24.9
36.3 23.7
37.6 23.3
38.8 23.3
40.0 23.4
41.2 23.1
42.3 22.5
43.2 21.6
43.9 20.5
44.5 19.4
44.7 18.4
44.3 17.4
43.8 16.5
43.9 15.5
44.5 14.4
45.2 13.4
46.5 12.9
47.7 12.8
48.4 11.9
48.5 10.7
48.3 9.4
47.5 8.3
46.5 7.8
45.4 7.2
44.6 6.2
