5.0 5.0
5.1 6.0
4.5 7.0
3.6 7.8
2.6 8.6
1.8 9.5
1.9 10.6
2.3 11.8
2.9 12.9
3.7 13.9
4.7 14.7
5.7 15.5
6.0 16.7
5.8 17.8
6.0 18.9
6.7 19.7
7.7 20.3
9.0 20.7
10.2 21.0
11.5 20.9
12.3 20.1
13.1 19.4
14.2 19.2
15.4 19.3
16.1 18.5
16.2 17.3
16.1 16.1
15.7 14.9
15.9 13.8
16.7 13.0
17.8 12.5
18.7 12.0
19.5 11.1
20.0 10.0
20.7 8.8
21.4 7.8
22.7 7.7
23.8 8.2
25.0 8.4
26.3 8.3
27.6 8.8
28.6 9.6
29.4 10.5
30.5 10.8
31.8 10.6
33.2 10.5
34.5 10.3
35.8 10.1
36.9 9.7
38.0 9.1
39.0 8.4
39.5 7.3
39.3 6.2
38.9 5.1
39.1 4.1
39.9 3.2
40.9 2.5
41.9 2.2
43.1 2.2
44.2 2.7
45.0 3.6
