42.5 42.0
41.4 41.6
41.9 40.4
42.0 39.3
41.8 38.2
41.2 37.1
40.7 36.1
40.6 34.9
40.7 33.7
41.1 32.5
41.7 31.3
42.4 30.2
42.8 29.1
43.0 27.9
43.0 26.6
42.9 25.3
42.6 24.1
42.4 22.8
42.2 21.5
42.2 20.2
42.2 18.9
41.7 17.9
40.6 17.4
39.9 16.6
39.5 15.4
39.3 14.3
38.4 13.4
37.3 12.9
36.2 12.4
35.2 11.7
34.2 11.3
33.5 12.1
33.7 13.3
34.0 14.5
34.3 15.8
34.3 16.9
34.1 18.2
34.1 19.5
33.9 20.5
32.6 21.0
31.5 20.8
30.3 20.3
29.2 19.6
28.3 18.9
27.1 18.7
25.8 18.8
24.5 19.1
23.3 19.5
22.2 19.7
21.0 19.5
19.9 19.0
18.8 19.2
17.8 20.0
17.0 21.0
16.5 22.1
16.4 23.3
16.0 24.4
14.7 24.7
13.7 25.0
12.8 25.8
12.2 26.9
11.5 27.9
10.5 28.1
9.3 27.9
8.2 27.3
7.7 28.4
8.1 29.5
8.8 30.6
9.6 31.6
10.3 32.5
10.4 33.6
10.2 34.8
9.7 36.0
9.1 37.1
8.5 38.3
8.0 39.5
7.6 40.6
