45.0 46.0
45.9 46.8
44.9 47.7
43.5 47.6
42.3 47.1
41.1 46.5
40.2 45.6
39.5 44.6
38.9 43.5
38.5 42.3
38.1 41.0
37.8 39.7
37.5 38.5
36.7 37.4
35.6 36.9
34.5 36.3
33.4 35.9
32.3 36.0
31.1 36.5
30.1 37.2
29.1 37.5
27.8 37.5
26.7 37.2
25.6 36.7
24.3 36.4
23.4 35.9
22.8 35.0
22.0 34.0
21.0 33.8
20.0 34.0
19.0 34.4
17.9 33.6
17.4 32.4
17.1 31.2
16.9 30.0
16.2 29.2
15.2 28.5
14.0 28.0
12.7 27.6
11.6 27.2
10.4 26.5
9.6 25.7
8.9 24.6
8.2 23.5
7.4 22.5
6.5 21.5
5.6 20.5
4.8 19.5
4.0 18.5
3.4 17.6
3.5 16.2
4.1 15.0
4.7 14.1
3.9 13.4
2.8 13.2
2.1 12.3
1.8 11.1
1.9 9.8
2.1 8.5
2.6 7.4
3.3 6.3
4.2 5.4
5.2 4.6
6.1 3.7
7.3 3.1
8.4 3.2
9.5 3.6
10.6 4.3
11.4 5.0
12.5 5.1
13.6 4.7
