15.0 13.0
16.2 12.4
17.2 11.9
18.4 12.3
19.2 13.1
19.8 14.2
20.6 14.8
21.8 15.1
23.1 15.1
24.3 15.0
25.3 14.4
26.2 13.6
27.3 14.0
28.0 15.0
28.5 16.1
29.4 16.9
30.5 17.5
31.7 18.0
32.5 18.7
33.1 19.8
33.7 20.8
34.6 21.7
35.7 22.3
36.9 22.9
37.9 23.3
38.4 24.4
38.4 25.6
38.1 26.8
37.5 27.8
36.7 28.7
35.7 29.5
34.6 30.0
33.8 30.8
33.0 31.8
32.0 32.6
31.1 33.2
30.0 33.2
29.0 32.7
28.4 31.7
28.3 30.5
28.7 29.3
29.1 28.1
27.7 27.9
27.3 26.9
26.8 25.9
26.0 25.1
25.0 24.8
23.9 24.7
23.1 23.8
22.5 23.0
21.5 22.3
20.3 21.8
19.2 21.4
17.9 21.4
16.7 21.6
15.6 22.1
15.2 23.1
15.2 24.3
15.3 25.6
15.4 26.9
14.9 27.9
13.9 28.6
12.7 29.0
11.5 29.3
