45.0 15.0
44.4 14.2
44.3 12.8
44.3 11.5
44.3 10.3
44.3 9.0
44.4 7.7
44.3 6.4
44.2 5.1
44.1 3.9
43.0 3.3
41.9 3.6
40.8 4.2
39.6 4.4
38.5 4.0
37.5 3.8
36.4 4.0
35.3 4.5
34.1 4.7
32.8 4.6
31.6 4.4
30.4 4.1
29.1 3.7
27.9 3.5
26.6 3.4
25.3 3.4
24.0 3.5
22.8 3.7
21.6 4.0
20.3 4.4
19.2 4.7
18.3 5.4
17.6 6.5
17.2 7.7
16.9 8.9
16.8 10.2
17.0 11.4
17.4 12.6
18.1 13.7
18.6 14.7
18.0 15.7
16.9 16.1
15.9 16.3
15.6 17.7
15.6 18.8
15.1 19.7
14.1 20.3
13.0 20.7
12.4 21.6
12.2 22.7
12.5 23.9
12.9 25.1
13.2 26.3
13.6 27.6
13.7 28.9
14.0 30.1
14.5 31.3
15.1 32.4
16.1 33.1
17.3 33.2
18.2 33.9
18.2 35.1
18.8 36.0
19.9 36.5
21.1 36.6
22.3 36.7
23.6 37.0
24.8 37.3
26.1 37.4
27.4 37.4
28.6 37.1
29.7 36.6
30.8 35.8
31.8 35.0
32.8 34.2
33.7 33.6
34.9 33.3
36.2 33.4
37.5 33.5
38.8 33.7
40.1 34.0
41.3 34.5
42.4 35.1
43.5 35.7
