3.0 25.0
3.3 23.7
3.7 22.5
4.1 21.3
4.4 20.1
4.3 18.9
3.9 17.7
3.5 16.5
4.1 15.3
5.0 14.6
6.1 14.0
7.3 13.4
8.3 13.1
9.4 13.8
9.9 14.9
10.3 16.2
10.4 17.5
10.3 18.6
9.6 19.7
8.8 20.6
8.5 21.9
8.8 23.0
8.9 24.1
8.6 25.4
8.1 26.5
8.1 27.6
8.4 28.7
9.1 29.7
10.0 30.5
11.1 31.2
12.1 31.8
13.0 32.7
14.0 33.3
15.2 33.8
16.4 34.1
17.4 34.7
18.3 35.5
19.3 36.2
20.5 36.6
21.7 36.9
22.9 36.7
24.1 36.4
25.3 36.4
26.5 36.7
27.7 37.1
28.8 37.5
29.8 37.4
30.8 36.7
31.9 36.4
32.7 37.1
33.4 38.1
33.9 39.0
35.1 39.0
36.2 38.4
37.1 37.5
38.1 36.9
39.3 36.5
40.3 36.8
40.6 38.1
40.2 39.2
39.5 40.2
38.6 41.0
37.6 41.8
37.0 42.9
36.6 44.1
36.8 45.1
35.9 44.5
