3.0 25.0
2.8 24.0
2.1 23.0
2.9 22.2
4.1 21.9
5.3 21.9
6.5 21.7
7.6 21.5
8.9 21.7
10.1 22.2
11.0 22.9
11.7 24.0
12.3 25.1
12.8 26.3
12.8 27.5
12.8 28.7
13.0 30.0
13.3 31.3
13.4 32.6
13.4 33.8
13.8 34.8
14.6 35.8
15.6 36.5
16.3 37.4
16.9 38.5
17.7 39.5
18.5 40.4
19.4 41.4
20.2 42.4
21.1 43.0
22.2 42.9
23.4 42.4
24.6 42.1
25.9 41.9
27.2 41.7
28.5 41.4
29.8 41.1
31.1 40.9
32.3 40.8
33.2 40.3
34.1 39.4
34.8 38.3
35.5 37.3
36.4 36.4
37.4 35.5
38.5 34.7
39.6 33.9
40.6 33.1
41.7 32.4
42.9 32.0
44.0 32.2
45.2 32.8
46.2 33.5
45.4 34.5
44.4 35.0
43.7 35.9
43.3 37.0
44.0 38.0
45.0 38.5
46.2 38.8
47.3 38.9
47.1 40.2
46.3 41.2
45.6 42.3
44.8 43.4
43.8 44.2
42.7 44.4
41.4 44.7
40.2 45.1
39.0 45.2
37.8 44.9
36.6 44.4
