38.0 28.0
36.8 28.5
37.0 29.5
36.1 30.3
34.9 30.7
33.9 31.1
33.8 32.3
34.3 33.4
35.0 34.3
34.7 35.6
33.9 36.6
33.0 37.4
32.0 38.2
30.9 38.9
29.8 39.5
28.6 39.5
27.6 39.0
26.6 38.2
25.8 37.3
24.8 37.0
23.6 37.0
22.4 36.7
21.2 36.1
20.1 35.5
19.0 34.9
17.9 34.4
16.8 34.7
16.1 35.7
15.7 36.9
15.1 37.9
14.2 38.9
13.2 39.8
12.3 40.6
11.4 41.5
10.5 42.5
9.8 43.6
9.4 44.8
9.2 46.1
9.1 47.1
8.0 47.8
6.8 47.9
5.6 47.7
4.5 47.2
5.0 46.2
5.6 45.4
5.5 44.2
4.9 43.1
4.0 42.1
3.1 41.2
2.1 40.4
2.4 39.2
3.4 38.6
4.3 38.0
4.8 37.0
5.0 35.8
4.9 34.5
4.8 33.3
5.0 32.0
5.4 30.8
5.9 29.9
7.0 29.9
8.2 29.8
9.5 29.4
10.3 28.7
10.9 27.8
10.7 26.8
9.9 25.8
9.6 24.6
9.9 23.4
10.4 22.2
11.1 21.1
