33.5 17.5
34.7 17.4
35.8 16.5
36.7 15.6
37.5 14.6
38.4 13.7
39.1 12.9
39.3 11.9
38.9 10.8
38.4 9.7
38.2 8.6
38.5 7.5
38.0 6.4
36.9 6.2
35.5 5.9
34.3 5.7
33.0 5.5
31.7 5.5
30.4 5.8
29.2 6.1
28.3 6.6
27.6 7.5
27.0 8.7
26.6 9.9
26.5 11.2
25.6 11.7
24.5 11.7
23.6 12.3
23.0 13.3
22.9 14.3
23.2 15.4
23.9 16.4
24.8 17.3
25.5 18.2
25.5 19.3
25.5 20.6
25.6 21.9
25.8 23.2
26.3 24.3
26.6 25.5
26.5 26.8
26.4 28.1
26.2 29.2
27.4 29.4
28.5 28.9
29.5 28.2
30.6 27.8
31.8 27.7
33.1 28.0
34.3 28.3
35.6 28.4
36.9 28.1
38.1 27.7
39.3 27.3
40.6 27.2
41.9 27.3
43.1 27.5
44.0 28.0
44.8 28.9
45.4 29.9
45.2 31.2
44.9 32.4
44.9 33.7
44.8 35.0
44.7 36.3
44.5 37.6
44.4 38.8
43.2 38.7
42.0 38.2
40.8 37.7
39.7 37.6
38.5 38.0
37.4 38.3
36.2 38.2
34.9 37.9
33.7 37.2
33.3 36.2
