45.0 13.0
46.0 12.8
47.0 11.9
47.6 10.9
47.6 9.8
47.2 8.7
47.0 7.5
47.0 6.3
46.5 5.4
45.6 4.5
44.5 3.8
43.4 3.3
42.3 3.1
41.1 3.3
39.9 3.7
38.8 4.2
39.5 5.2
38.5 6.0
38.4 7.0
38.1 8.1
37.5 9.3
36.7 10.3
35.7 11.2
34.8 12.0
33.8 12.8
33.1 13.9
32.6 15.1
32.2 16.3
31.7 17.2
30.7 17.4
29.5 17.2
28.3 16.6
27.3 17.3
27.3 18.5
27.7 19.6
27.9 20.8
28.0 22.1
27.9 23.4
27.9 24.7
28.0 26.0
28.2 27.3
28.5 28.6
28.7 29.9
28.6 31.0
28.3 32.2
27.8 33.2
26.9 34.2
25.9 34.9
25.0 35.7
24.5 36.8
24.2 38.0
24.4 39.1
24.9 40.3
25.6 41.3
25.8 42.3
25.4 43.5
25.0 44.7
