45.0 13.0
46.1 12.8
47.0 13.4
47.0 14.6
46.4 15.6
45.6 16.5
44.6 17.3
43.5 18.0
42.4 18.8
41.4 19.6
40.7 20.6
40.1 21.8
39.7 23.0
39.3 24.1
38.3 24.8
37.1 24.8
36.0 24.3
34.9 24.6
34.5 25.6
34.3 26.9
34.3 28.1
34.4 29.4
33.6 30.1
32.7 29.5
31.8 28.6
30.9 27.7
30.2 26.7
29.6 25.8
28.5 26.0
27.8 26.8
27.3 27.8
26.3 28.2
25.3 27.8
24.5 27.0
23.4 26.9
22.6 27.7
22.1 28.7
22.1 29.8
22.6 30.7
23.5 31.6
24.4 32.6
25.2 33.6
25.8 34.5
25.9 35.5
25.5 36.7
25.0 37.9
24.8 39.0
24.9 40.2
25.2 41.4
25.6 42.7
26.0 43.9
26.4 45.1
