32.5 46.0
33.2 44.8
33.2 43.7
34.1 43.2
34.5 42.1
35.4 41.2
36.6 40.7
37.8 40.6
39.1 40.4
40.4 40.1
41.5 39.7
42.4 38.9
43.3 38.0
44.3 37.2
45.3 36.4
46.2 35.7
46.7 34.7
46.8 33.5
46.7 32.2
46.3 31.2
45.5 30.5
44.5 29.9
43.7 29.1
42.8 28.6
41.6 28.4
40.4 28.6
39.4 28.3
38.4 27.5
37.3 26.9
36.3 26.7
37.3 26.3
36.7 25.3
36.3 24.3
35.5 23.5
34.4 23.0
33.2 22.7
32.1 22.9
31.0 23.4
29.8 23.2
28.8 22.5
28.0 21.6
27.7 20.5
27.7 19.2
27.6 18.1
27.1 16.9
26.4 15.8
25.7 14.8
24.8 13.9
23.9 13.0
23.6 11.8
24.2 10.9
25.2 10.2
26.2 9.6
27.0 8.7
27.6 7.6
28.1 6.5
28.8 5.4
29.7 4.5
30.5 3.9
31.7 4.4
