25.0 25.0
24.1 25.5
24.1 26.6
23.6 27.7
22.9 28.6
23.0 29.7
23.9 30.6
25.0 31.2
26.2 31.4
27.3 31.4
28.2 30.9
29.3 30.4
30.4 30.6
31.4 31.3
32.2 32.1
32.1 33.5
31.3 34.4
30.4 35.1
29.2 35.7
28.0 36.2
26.9 36.0
26.4 34.9
25.3 34.5
24.3 35.1
23.4 35.6
22.3 34.7
21.4 33.7
20.6 32.9
19.4 32.2
18.4 31.5
17.4 30.6
16.6 29.6
16.0 28.6
15.1 28.1
13.9 27.8
12.8 27.7
11.9 27.0
11.6 25.9
11.7 24.7
12.1 23.4
12.6 22.2
13.3 21.4
14.4 20.8
15.6 20.5
16.5 19.9
17.2 18.9
17.4 17.7
16.7 16.5
15.7 15.9
14.7 15.0
14.2 13.9
13.8 12.6
13.6 11.4
13.3 10.3
12.5 9.7
11.4 9.3
10.5 8.8
9.9 7.8
9.5 6.6
9.4 5.3
9.3 4.0
8.5 3.0
7.4 2.9
6.2 3.2
5.0 3.7
