25.0 7.5
25.6 7.6
26.1 8.0
26.4 8.6
26.5 9.3
26.5 10.1
26.9 10.8
27.5 11.3
28.2 11.6
29.0 11.9
29.5 12.1
30.3 12.5
31.0 12.8
31.5 13.3
31.8 14.0
32.1 14.8
32.2 15.6
32.2 16.1
32.2 16.9
32.7 17.4
33.3 17.6
34.1 17.6
34.9 17.5
35.7 17.2
36.5 16.8
37.2 16.4
37.7 16.3
38.2 16.6
38.7 17.2
39.1 17.9
39.4 18.6
39.7 19.4
39.8 19.9
39.9 20.7
40.0 21.5
40.2 22.3
40.5 23.1
40.9 23.9
41.3 23.3
41.4 22.6
41.2 21.9
41.0 21.3
41.5 21.5
42.2 21.7
42.8 22.2
43.4 22.8
43.9 23.5
44.2 24.1
44.1 24.6
43.7 25.0
42.5 25.0
