20.0 40.0
19.9 38.9
20.3 37.9
20.6 36.6
20.6 35.2
20.1 34.3
19.2 33.8
18.5 32.9
18.6 31.8
19.2 30.8
20.1 29.9
20.8 29.1
21.1 28.0
21.0 26.7
21.0 25.5
21.3 24.3
21.3 23.1
21.0 21.9
20.6 20.8
20.4 19.5
20.6 18.3
20.8 17.0
20.9 15.7
20.9 14.4
20.6 13.3
19.9 12.3
19.0 11.4
18.0 10.7
17.1 10.1
17.6 8.9
18.1 7.8
18.0 6.6
17.8 5.6
18.1 4.5
18.9 3.5
19.9 2.8
21.0 2.2
22.3 1.8
23.5 1.6
24.8 1.7
26.0 1.9
27.2 2.3
28.4 2.9
29.4 3.2
30.6 3.1
31.6 2.7
32.7 3.2
33.5 4.4
34.3 5.2
35.4 5.3
36.5 5.3
37.4 6.1
37.7 7.1
37.9 8.2
38.6 9.0
