25.0 12.5
24.1 12.0
23.4 13.2
22.4 13.8
21.2 14.1
19.9 14.3
18.6 14.4
17.4 14.5
16.2 14.9
15.1 15.4
14.4 16.3
13.9 17.4
13.6 18.5
12.6 18.7
11.4 18.5
10.2 17.9
9.2 17.2
9.0 16.1
9.8 15.3
10.9 14.7
12.1 14.4
13.0 13.8
13.1 12.7
12.7 11.5
12.2 10.4
11.8 9.2
12.0 8.0
12.8 7.1
13.9 6.4
15.1 5.9
16.3 5.5
17.5 5.3
18.7 5.4
20.0 5.5
21.2 5.3
22.5 4.9
23.7 4.3
24.8 3.7
26.0 3.1
27.2 2.6
28.6 2.7
29.8 3.2
30.6 3.9
31.2 5.0
31.7 6.0
32.7 6.8
33.5 7.7
34.1 8.8
34.6 10.0
35.0 11.3
35.8 12.0
36.8 12.1
37.9 12.1
38.1 13.4
38.2 14.6
39.0 15.4
40.0 15.9
41.2 16.3
42.4 16.1
43.5 16.0
44.3 16.7
44.9 17.7
45.2 19.0
45.4 20.2
45.6 21.5
46.0 22.7
46.4 23.9
46.4 25.0
46.5 26.1
47.1 27.1
47.8 28.2
48.1 29.4
48.3 30.6
48.1 31.9
47.8 33.1
47.3 34.3
46.4 35.1
45.2 35.3
44.1 35.8
43.1 36.6
42.3 37.6
41.3 38.3
40.4 39.1
39.7 40.1
39.2 41.3
38.9 42.5
38.6 43.5
37.8 44.3
36.8 44.9
35.7 45.5
34.5 45.9
33.3 46.4
32.2 46.5
31.1 46.1
30.1 45.7
29.0 45.9
27.9 46.5
26.9 47.3
26.1 48.1
24.8 48.0
23.9 47.3
23.0 46.7
22.0 46.9
21.0 47.6
20.0 48.2
19.1 47.7
18.3 46.7
17.8 45.5
17.5 44.3
16.9 43.4
15.9 43.6
14.8 44.3
