35.0 46.0
36.0 45.8
36.9 45.0
37.9 44.1
38.6 43.2
38.7 42.0
38.2 41.0
37.4 40.0
36.4 39.3
35.3 38.6
34.3 37.8
33.4 36.9
32.7 35.8
32.2 34.6
31.7 33.4
30.8 32.7
29.6 32.6
28.6 32.4
28.4 31.2
28.7 30.1
29.1 28.9
28.4 27.8
27.5 26.9
26.5 26.0
25.5 25.2
25.0 24.2
25.5 23.3
26.4 22.5
27.2 21.8
26.9 20.7
26.0 19.8
25.0 19.2
24.3 18.2
24.2 17.0
24.5 15.8
25.3 14.8
26.4 14.3
27.6 14.0
28.8 13.9
30.1 14.5
31.1 14.6
32.2 14.3
33.2 13.7
34.2 12.8
35.2 12.0
36.1 11.1
37.1 10.2
37.7 9.3
37.9 8.2
37.8 7.0
37.4 5.8
36.8 4.8
35.9 4.3
