25.0 42.0
25.0 41.4
24.8 40.8
24.5 40.1
23.9 39.5
23.3 39.0
22.9 38.6
23.0 37.9
23.4 37.2
23.8 36.4
24.1 35.6
24.3 34.8
24.5 34.0
24.9 33.3
25.4 32.6
25.9 31.9
26.4 31.2
27.1 30.8
27.9 30.5
28.6 30.1
29.3 29.6
29.9 29.0
30.5 28.4
31.0 27.7
31.6 27.1
32.0 26.4
32.3 25.7
32.5 24.9
32.6 24.1
32.6 23.4
32.3 22.6
31.9 21.9
31.4 21.2
30.8 20.6
30.1 20.1
29.4 19.7
28.6 19.4
27.9 19.1
27.8 18.6
27.8 17.8
27.9 17.3
27.9 16.5
27.9 15.6
27.8 14.7
27.6 14.0
27.2 13.3
26.9 12.9
26.4 12.3
25.8 11.6
25.3 10.9
24.7 10.3
24.2 9.6
23.7 8.9
24.2 8.8
24.2 8.2
25.0 7.5
