25.0 42.0
25.6 42.3
26.1 42.5
26.7 42.6
27.5 42.5
28.0 42.4
28.7 42.1
29.5 41.7
30.2 41.2
30.6 40.9
31.2 40.4
31.9 39.9
32.4 39.6
33.1 39.6
33.8 39.8
34.6 40.0
35.2 40.0
36.0 39.8
36.7 39.4
37.3 39.1
38.1 39.1
38.9 39.2
39.6 39.2
40.1 39.0
40.5 38.4
40.7 37.6
40.8 36.8
40.8 36.0
40.7 35.2
40.6 34.7
40.4 33.9
40.2 33.1
40.1 32.6
40.0 31.8
40.1 31.0
40.3 30.2
40.6 29.4
40.9 28.7
41.4 28.0
41.9 27.4
42.3 26.7
42.5 25.9
42.4 25.4
41.9 25.1
41.2 24.9
40.5 24.7
39.8 24.3
39.3 23.8
38.8 23.1
38.3 22.4
38.0 21.6
37.8 20.8
37.7 20.0
37.7 19.2
37.8 18.3
38.0 17.5
38.3 16.7
38.6 15.9
38.7 15.2
38.7 14.5
38.4 13.8
37.9 13.0
37.4 12.4
36.8 11.8
36.1 11.2
35.4 10.7
34.6 10.3
33.9 10.0
33.1 10.0
32.3 10.0
31.4 10.0
30.6 9.9
29.8 9.8
29.3 9.7
28.5 9.5
27.7 9.3
26.9 9.1
26.2 8.8
25.6 8.3
25.0 7.5
