25.0 42.0
24.3 42.3
23.8 42.5
24.3 42.7
25.0 43.1
25.8 43.3
26.5 43.3
27.3 43.0
28.1 42.7
28.5 42.4
29.2 41.9
29.6 41.5
29.5 40.6
29.2 40.0
28.7 39.4
28.4 38.9
28.5 38.4
28.9 37.9
29.5 37.4
30.3 37.1
31.1 36.8
31.8 36.5
32.5 36.0
33.2 35.6
33.6 35.3
34.2 34.8
34.5 34.3
34.7 33.6
34.6 32.9
34.5 32.0
34.6 31.2
34.7 30.7
34.8 29.9
34.9 29.4
35.1 28.7
35.5 28.0
36.0 27.4
36.7 27.0
37.4 26.6
37.9 26.2
38.0 25.6
37.9 24.9
37.6 24.1
37.1 23.4
36.6 22.8
36.3 22.2
36.3 21.5
36.4 20.7
36.5 19.9
36.5 19.2
36.4 18.3
36.1 17.6
35.7 16.9
35.1 16.4
34.5 15.9
33.7 15.5
33.0 15.1
32.3 14.7
31.6 14.1
31.0 13.4
30.6 12.8
30.5 12.2
30.7 11.4
30.6 10.8
30.3 10.4
29.8 9.7
29.4 9.1
28.8 8.7
28.1 8.4
27.3 8.3
26.5 8.3
25.7 8.3
25.0 7.5
