5.0 5.0
6.2 4.4
7.1 3.6
8.2 3.0
9.5 2.6
10.6 2.8
11.4 3.7
12.0 4.8
12.4 6.0
12.5 7.2
12.6 8.4
12.7 9.5
11.6 10.3
10.5 10.3
9.3 10.3
8.3 10.7
7.7 11.5
7.4 12.6
7.3 13.9
7.5 15.1
7.7 16.4
7.9 17.7
8.1 19.0
8.1 20.3
7.9 21.5
7.4 22.7
6.9 23.9
6.3 24.7
5.3 25.4
4.1 25.9
3.7 27.0
4.2 28.0
5.0 29.0
6.0 29.8
7.1 30.4
8.1 31.2
9.0 32.2
9.8 33.0
10.8 33.3
12.0 33.2
13.1 33.0
14.2 33.5
14.8 34.4
14.8 35.6
14.5 36.7
14.0 37.9
13.4 39.0
13.0 40.3
12.6 41.5
12.2 42.7
11.9 44.0
11.8 45.2
10.6 45.5
9.6 44.9
8.6 44.7
7.4 45.0
6.3 45.5
