7.0 21.0
8.0 21.6
8.9 22.3
9.1 23.3
8.8 24.5
9.2 25.6
10.2 26.4
11.4 26.9
12.6 27.3
13.7 27.7
14.7 28.5
15.5 29.5
16.1 30.6
16.7 31.8
17.1 33.0
17.4 34.3
17.6 35.6
18.8 35.7
19.8 35.1
21.0 34.7
22.2 34.7
23.1 34.1
23.7 33.1
23.9 31.9
24.0 30.7
23.9 29.5
23.4 28.5
22.5 27.7
21.5 27.0
20.8 26.1
20.2 25.0
19.5 24.1
19.4 23.1
19.9 22.1
21.0 21.6
22.2 21.2
23.3 20.6
24.4 19.8
24.8 18.7
24.8 17.5
24.6 16.4
25.1 15.3
26.0 14.5
27.1 14.3
27.9 15.0
28.5 15.8
29.6 15.4
30.4 14.7
31.4 14.9
32.2 15.7
32.6 16.8
32.7 18.0
33.2 19.2
33.8 20.3
34.6 21.3
35.4 22.3
35.8 23.4
36.0 24.6
35.8 25.9
35.7 27.1
35.8 28.2
