25.0 4.0
25.8 3.2
26.7 4.1
26.8 5.2
26.7 6.4
26.9 7.6
27.4 8.7
28.2 9.4
29.3 9.8
30.6 9.9
31.8 9.7
33.1 9.5
34.2 9.4
35.4 9.6
36.6 9.7
37.5 8.6
37.9 7.5
38.1 6.3
38.4 5.3
39.2 4.4
40.2 3.6
41.2 3.0
42.4 2.7
43.6 2.7
44.6 2.9
45.5 3.6
45.9 4.6
45.6 5.6
45.5 6.8
46.0 7.9
46.9 8.7
47.6 9.6
48.1 10.8
48.2 11.8
47.5 12.9
46.5 13.7
45.5 14.4
44.7 15.4
43.9 16.5
43.3 17.6
42.7 18.8
42.3 20.0
41.8 21.2
41.3 22.5
40.8 23.6
39.7 24.0
38.4 24.2
37.4 24.7
36.7 25.5
36.3 26.6
35.5 27.3
34.6 26.8
33.6 26.3
32.3 26.3
31.0 26.5
29.7 26.7
28.6 26.6
27.6 26.0
26.4 25.8
25.2 25.8
23.9 25.5
22.7 25.1
21.5 24.7
20.3 24.2
19.3 23.8
18.3 24.2
17.6 25.2
17.1 26.1
16.1 26.7
14.9 27.2
13.6 27.5
12.6 28.1
11.7 29.0
10.7 29.6
9.5 30.0
8.2 30.3
6.9 30.4
5.8 31.0
5.2 31.9
4.9 33.1
4.9 34.4
5.1 35.7
4.0 36.4
3.5 37.3
2.9 38.2
2.0 38.9
1.6 40.2
1.7 41.4
2.1 42.5
2.8 43.7
3.6 44.8
