45.0 5.0
46.0 5.1
46.9 5.8
47.3 6.9
47.9 8.0
48.5 9.0
48.6 10.2
48.3 11.4
47.7 12.5
47.0 13.6
46.0 14.3
44.8 14.9
43.6 15.4
42.7 15.9
42.6 16.9
42.9 18.1
43.4 19.3
42.5 20.2
41.2 20.5
39.9 20.7
38.6 20.9
37.5 20.8
36.4 20.3
35.3 19.6
34.2 18.8
33.3 18.0
32.6 17.0
32.1 15.9
31.3 15.0
30.3 14.3
29.2 13.6
28.1 12.9
27.1 12.2
25.9 12.0
24.7 12.0
23.8 12.5
22.8 13.3
21.6 13.9
20.5 14.2
19.4 14.1
18.1 13.9
17.1 14.0
16.3 14.9
16.1 15.9
16.0 16.9
15.0 17.6
13.9 17.4
12.7 17.0
11.6 16.3
10.7 15.7
9.7 16.5
9.2 17.6
9.1 18.8
8.3 19.5
7.2 19.5
6.0 19.2
4.8 18.7
3.8 18.1
2.6 18.7
2.1 19.7
2.0 20.9
2.1 22.1
2.6 23.3
3.0 24.3
2.8 25.3
2.2 26.3
1.8 27.4
2.4 28.4
3.3 29.4
4.0 30.4
4.6 31.5
5.0 32.7
5.4 34.0
