45.0 5.0
44.3 4.2
43.1 3.8
41.9 3.4
40.7 2.9
39.6 2.7
38.4 3.0
37.4 3.7
36.7 4.7
36.1 5.8
35.6 7.0
35.1 8.2
34.0 9.0
32.8 9.1
31.6 8.8
30.4 8.4
29.2 7.9
28.0 8.1
27.0 8.7
26.0 9.1
24.8 9.1
23.5 8.9
22.2 8.5
21.0 8.1
19.8 8.0
18.6 8.2
17.4 8.6
16.2 9.0
14.9 9.4
13.7 9.9
12.7 10.6
11.9 11.5
11.2 12.6
10.7 13.8
10.2 14.9
9.3 15.8
8.1 16.2
7.0 16.2
5.9 16.2
5.0 16.7
4.4 17.5
4.2 18.6
4.1 19.8
3.6 20.8
2.9 21.6
2.8 22.6
3.1 23.9
3.5 25.0
3.6 26.2
3.3 27.5
2.9 28.7
2.5 29.9
2.4 31.0
2.8 32.0
3.6 33.0
4.5 33.8
