25.0 17.5
26.1 17.4
27.1 18.0
27.6 19.0
27.8 20.2
27.8 21.5
27.9 22.5
28.9 23.4
30.0 23.8
31.2 23.9
32.4 23.5
33.6 23.2
34.9 23.1
36.1 23.0
37.4 23.0
38.7 22.9
40.0 23.0
41.2 23.2
42.2 23.8
42.6 24.8
42.8 26.0
42.7 27.1
43.2 28.0
44.1 28.8
45.1 29.3
45.6 30.3
45.6 31.5
45.4 32.7
44.9 33.9
44.4 35.1
44.1 36.3
44.1 37.6
44.2 38.8
43.6 39.8
42.5 40.3
41.3 40.5
40.0 40.5
38.7 40.4
37.5 40.2
36.5 39.9
35.4 40.5
34.7 41.5
33.5 42.0
32.3 42.0
31.0 41.7
30.1 41.2
29.9 40.2
30.1 39.1
30.7 37.9
31.3 36.7
31.7 35.5
32.1 34.3
