12.0 22.0
12.3 23.3
13.4 22.9
14.0 21.8
14.3 20.7
15.1 19.8
16.1 19.1
17.1 18.3
18.0 17.4
19.0 17.0
20.2 16.8
21.3 16.4
22.5 16.1
23.8 15.9
25.1 15.8
26.5 15.9
27.7 16.1
28.9 16.4
30.1 16.9
31.3 17.4
32.1 18.1
32.7 19.2
33.1 20.4
33.6 21.4
34.4 22.1
35.5 22.4
36.7 22.4
37.5 23.1
38.1 24.1
38.4 25.4
38.9 26.6
39.8 27.5
40.9 27.8
42.2 27.9
43.4 27.7
44.3 28.5
44.6 29.6
44.7 30.8
44.8 32.2
45.0 33.5
45.3 34.8
46.3 35.6
47.5 35.5
48.3 36.3
48.6 37.5
48.6 38.8
48.2 39.8
47.5 40.8
46.8 41.7
46.5 42.9
46.5 44.2
46.0 45.3
45.0 45.6
43.9 45.9
43.0 46.7
42.2 47.5
41.2 48.1
40.0 48.4
38.9 48.4
37.7 47.9
36.7 47.2
35.8 46.3
