33.5 17.5
34.7 18.2
35.6 19.0
36.8 19.6
38.0 20.1
39.2 20.6
40.4 21.0
40.9 21.9
40.7 23.0
40.2 24.1
40.8 25.2
39.8 25.8
40.0 26.8
39.4 27.9
38.3 28.4
37.2 28.6
35.9 28.5
34.6 28.3
33.2 28.1
32.0 27.8
30.8 27.3
29.7 26.8
28.6 26.2
27.5 25.5
26.3 25.2
25.0 25.0
23.8 25.1
22.5 25.4
21.3 25.8
20.1 26.2
18.9 26.2
17.7 25.8
16.6 25.1
15.6 24.4
14.5 23.6
13.5 22.8
12.4 22.5
11.2 22.5
9.9 22.8
8.7 23.2
7.5 23.5
6.4 24.2
5.5 25.1
4.9 26.1
4.7 27.1
4.9 28.3
4.9 29.4
4.5 30.6
4.2 31.6
4.3 32.8
4.7 33.9
4.6 34.9
4.2 36.0
3.6 37.0
3.2 38.2
3.2 39.5
3.2 40.7
3.4 41.9
3.9 43.0
4.4 44.0
4.3 45.2
