25.0 37.0
26.1 36.6
27.1 35.9
28.2 35.5
29.5 35.2
30.8 35.1
32.1 35.0
33.1 34.6
33.5 33.6
33.7 32.4
33.5 31.2
33.3 29.9
33.5 28.8
33.9 27.7
34.6 26.6
35.4 25.6
36.1 24.7
36.1 23.5
35.5 22.4
34.7 21.4
33.7 20.6
32.7 19.8
31.6 19.0
30.7 18.3
30.1 17.2
29.8 16.0
29.2 14.8
28.2 14.2
27.1 13.8
25.9 13.7
24.7 14.1
23.9 15.0
22.9 15.5
21.6 15.8
20.7 16.3
19.9 17.2
18.6 17.7
17.4 17.7
16.4 18.3
16.0 19.4
16.0 20.6
15.9 21.6
14.9 22.7
13.9 23.5
12.9 24.3
11.8 25.1
10.8 25.9
9.8 26.8
9.0 27.7
8.4 28.7
7.5 29.4
6.3 30.0
5.4 30.5
4.9 31.6
4.8 32.7
4.9 33.7
4.0 34.6
2.8 34.9
2.2 36.0
2.2 37.3
2.3 38.5
2.2 39.8
2.1 40.9
2.5 42.0
3.3 42.9
4.0 43.9
4.5 45.1
4.8 46.3
5.6 47.1
6.7 47.4
8.0 47.4
9.2 47.1
10.3 46.9
11.1 47.7
12.2 47.4
12.5 46.4
12.6 45.3
13.8 45.1
