47.0 17.5
45.9 17.1
45.1 16.4
44.2 17.0
43.1 17.2
42.1 16.6
41.3 15.7
40.2 15.1
39.1 14.7
38.4 13.9
38.0 12.7
37.8 11.5
38.0 10.3
38.2 9.1
38.2 7.8
38.1 6.8
37.1 6.0
36.0 5.6
34.7 5.5
33.5 5.7
32.2 5.6
31.0 5.4
29.8 5.1
28.6 4.6
27.5 4.6
26.7 5.3
26.0 6.3
25.3 7.2
24.4 8.2
23.5 9.1
23.3 10.3
23.6 11.4
24.3 12.5
24.8 13.4
24.8 14.5
24.4 15.6
23.8 16.8
23.1 17.9
22.4 19.0
21.6 20.1
20.8 21.1
20.1 22.2
19.3 23.3
18.6 24.4
17.8 25.4
16.7 26.1
15.6 26.7
14.4 27.4
13.4 28.0
12.2 28.2
11.0 28.2
9.7 27.9
8.6 27.9
7.4 28.2
6.3 28.8
5.2 29.5
4.4 30.2
4.0 31.3
3.9 32.6
4.0 33.8
4.2 35.1
4.6 36.4
4.9 37.6
5.3 38.9
5.7 40.0
6.3 41.0
7.2 41.9
8.3 42.6
9.6 42.5
10.7 42.3
11.6 41.8
12.4 40.9
13.0 39.8
14.1 39.8
14.9 40.6
15.4 41.8
16.1 42.9
16.8 43.9
17.0 44.9
