46.0 46.0
46.5 45.0
45.4 44.3
44.7 43.4
44.1 42.3
43.6 41.1
43.2 40.0
43.4 38.8
44.2 37.8
45.2 37.0
46.3 36.3
46.9 35.4
47.0 34.2
46.5 33.1
45.7 32.1
45.0 31.2
44.6 30.1
44.0 29.3
43.0 28.7
41.8 28.2
40.7 27.6
39.6 27.4
38.7 27.9
37.8 28.5
36.5 28.4
35.3 27.8
34.3 27.0
33.5 26.0
33.7 25.0
33.9 24.0
32.8 23.3
31.6 23.1
30.3 23.1
29.1 23.3
28.1 23.8
27.3 24.7
26.6 25.8
25.9 26.7
24.9 27.3
23.6 27.7
22.3 27.9
21.1 28.1
19.9 28.5
18.7 28.8
17.3 28.8
16.0 28.8
14.7 28.5
13.5 28.1
12.4 27.6
11.5 26.7
10.8 25.7
10.9 24.6
11.6 23.7
11.7 22.5
10.8 21.8
9.7 21.3
8.8 20.4
8.1 19.3
7.5 18.1
7.1 16.9
7.2 15.8
8.1 15.2
9.2 15.0
10.3 14.9
11.2 14.3
11.8 13.1
11.8 11.9
11.4 10.7
10.9 9.5
10.2 8.4
9.3 7.4
8.3 6.6
7.2 6.0
6.0 5.3
4.8 4.7
