47.0 35.0
47.1 36.0
46.6 37.0
45.8 38.0
44.9 38.9
43.9 39.7
42.9 40.5
41.9 40.7
40.7 40.5
39.5 40.0
38.4 39.4
37.3 38.7
36.2 38.0
35.0 37.5
33.8 36.9
32.7 36.5
31.7 36.7
30.8 37.6
30.2 38.7
29.7 39.6
28.7 39.7
27.7 39.1
26.6 38.7
25.8 38.1
25.8 36.8
26.2 35.7
26.0 34.7
25.2 33.9
24.2 33.2
23.3 32.3
22.7 31.2
22.3 30.0
22.2 28.8
22.2 27.7
21.0 27.3
19.9 27.5
18.8 28.1
17.5 28.4
16.5 28.0
15.6 27.1
14.6 27.0
13.9 27.8
13.0 28.5
11.9 28.5
10.8 28.1
9.6 27.9
8.4 28.1
7.4 28.3
6.3 28.0
5.3 27.4
4.4 26.4
