45.0 5.0
44.0 4.6
43.1 3.9
42.6 2.9
42.4 1.7
41.4 2.4
40.8 3.3
40.4 4.5
40.2 5.7
39.6 6.9
38.9 8.0
38.1 9.0
37.3 9.9
36.3 10.3
35.1 10.3
33.8 10.1
32.5 10.0
31.1 10.0
29.9 10.3
28.7 10.7
27.5 10.9
26.2 10.9
25.0 10.8
23.9 11.2
22.8 11.9
21.8 12.7
20.8 12.9
19.7 12.5
18.7 11.9
17.7 12.2
17.0 13.2
16.2 14.0
15.2 14.6
14.0 15.0
13.0 15.3
13.5 16.2
14.5 16.8
15.6 17.1
16.2 18.1
16.3 19.2
15.9 20.4
15.5 21.5
15.4 22.7
15.6 24.0
16.0 25.2
16.2 26.5
16.3 27.8
16.2 29.0
16.5 30.1
16.9 31.2
16.4 32.2
15.3 32.9
14.6 33.8
14.9 34.8
15.6 35.7
15.9 36.9
15.3 37.9
14.4 38.8
13.5 39.7
12.8 40.7
12.5 41.7
12.5 42.9
12.9 44.2
12.7 45.4
11.7 45.9
10.4 46.3
9.3 46.9
8.3 47.6
7.2 47.4
6.5 46.6
6.0 45.7
