5.0 45.0
6.0 45.3
6.5 46.4
7.6 47.1
8.7 46.9
9.9 47.3
10.9 47.8
11.7 47.0
11.7 45.9
11.2 44.7
10.6 43.6
10.7 42.5
11.4 41.4
12.3 40.4
13.1 39.7
14.3 40.1
15.5 40.2
16.5 39.6
17.3 38.6
18.3 37.8
19.3 37.0
20.2 36.2
21.1 35.2
21.9 34.5
23.0 35.0
23.7 35.9
24.3 37.1
24.6 38.1
25.8 38.8
27.0 39.3
28.1 39.8
29.3 40.0
30.6 39.9
31.8 39.6
33.0 39.0
34.0 38.4
35.1 39.0
35.2 37.8
36.0 38.5
36.7 39.4
37.2 40.4
38.1 41.1
39.3 41.5
40.0 42.3
40.4 43.4
40.6 44.7
40.7 46.0
40.7 47.1
41.7 47.4
42.7 46.8
43.5 45.8
44.1 44.7
44.8 43.7
45.8 43.0
46.9 42.5
47.5 41.6
47.8 40.4
47.3 39.4
46.3 38.8
45.2 38.8
44.2 38.4
43.5 37.3
43.3 36.1
43.5 34.8
43.9 33.6
44.6 32.5
45.0 31.4
45.0 30.2
44.7 28.9
44.3 27.9
