5.0 45.0
6.0 45.7
6.7 46.6
7.6 47.1
8.7 47.2
9.6 46.2
10.0 45.1
10.4 43.8
10.5 42.7
10.1 41.5
9.6 40.3
9.3 39.0
9.1 37.8
9.2 36.7
9.7 35.8
10.8 35.3
12.1 35.4
13.3 35.7
14.6 36.1
15.8 36.5
16.8 37.2
17.8 37.8
19.0 38.3
20.3 38.8
21.5 39.4
22.7 39.9
23.9 40.4
25.2 40.4
26.3 39.9
27.4 39.2
28.5 38.8
29.5 38.9
30.6 39.4
31.7 39.7
33.0 39.8
34.3 39.6
35.6 39.4
36.8 39.4
37.9 39.8
38.9 40.5
39.8 41.4
40.4 42.4
40.5 43.6
40.7 44.7
41.0 45.9
41.0 47.1
42.2 47.4
43.3 46.8
44.1 45.9
44.9 44.9
45.7 43.8
46.6 42.8
47.4 41.8
48.1 40.9
48.4 39.8
48.3 38.6
47.8 37.6
47.0 36.8
45.9 36.1
44.8 35.5
43.8 34.6
43.5 33.4
43.5 32.2
43.7 31.1
43.4 30.1
