46.0 17.5
44.8 17.8
43.5 17.7
42.9 18.8
42.1 19.7
41.0 20.4
39.9 20.9
38.7 21.5
37.5 22.1
36.3 22.6
35.2 22.9
34.0 22.7
32.7 22.5
31.5 22.4
30.2 22.4
29.0 22.7
27.9 23.4
26.9 24.2
25.9 25.0
24.9 25.9
24.0 26.6
22.8 27.1
21.5 27.5
20.2 27.8
19.0 28.1
17.7 28.5
16.6 28.7
15.6 28.3
14.8 27.5
14.2 26.4
14.0 25.1
13.8 23.9
13.2 22.8
12.1 22.3
10.8 21.9
9.8 21.5
9.0 20.6
8.4 19.6
7.6 18.7
6.6 18.0
6.3 16.9
7.0 15.7
8.0 15.1
8.9 14.3
9.0 13.2
8.7 12.0
8.2 10.8
8.0 9.7
8.3 8.5
8.5 7.2
8.6 5.8
8.6 4.5
8.7 3.3
9.8 2.6
10.9 2.5
12.1 2.7
13.3 3.0
14.6 3.1
15.9 3.1
17.2 2.8
