4.0 46.0
4.8 45.4
5.1 44.4
5.5 43.1
5.9 41.9
6.5 40.9
7.4 40.1
8.4 39.5
9.2 38.7
9.7 37.5
9.9 36.2
10.1 35.1
11.3 35.2
12.3 35.8
12.8 36.8
13.0 38.0
13.1 39.2
14.2 39.5
15.3 39.2
16.6 38.8
17.9 38.6
19.2 38.5
20.5 38.4
21.7 38.3
22.8 37.8
23.7 37.1
23.8 35.8
23.4 34.7
23.5 33.5
23.5 32.2
23.3 30.9
22.6 29.8
21.6 29.2
20.9 28.2
21.0 27.1
21.5 26.0
22.1 25.1
23.3 24.8
24.4 25.1
25.5 25.8
26.4 26.6
27.3 27.5
28.1 28.3
29.3 27.8
30.2 26.8
31.1 25.8
31.9 25.0
32.9 24.6
34.1 24.5
35.4 24.7
36.6 24.7
37.4 24.0
38.0 23.0
38.4 21.8
38.5 20.5
38.4 19.3
38.5 18.3
39.2 17.5
40.1 16.8
40.6 15.9
40.8 14.7
40.7 13.6
41.1 12.5
41.9 11.5
42.8 10.6
43.4 9.6
42.8 8.7
41.8 8.1
40.9 7.3
41.0 6.3
41.6 5.2
42.4 4.4
43.4 3.9
44.6 3.6
