4.0 46.0
3.4 45.0
2.5 44.2
1.9 43.3
1.7 42.1
1.8 40.9
2.1 39.6
2.3 38.3
2.4 37.1
2.4 35.8
2.4 34.5
2.3 33.2
2.7 32.2
3.5 31.3
4.5 30.6
5.6 29.9
6.6 29.2
7.4 28.3
8.5 27.7
9.7 27.3
10.7 26.8
11.7 26.1
12.8 25.8
13.6 25.0
13.7 23.8
14.3 23.0
15.2 22.5
16.4 22.3
17.7 22.3
18.8 22.4
19.8 22.7
20.8 21.8
21.2 20.6
21.3 19.4
21.3 18.1
21.5 16.8
21.9 15.6
22.5 14.5
23.4 13.4
24.1 12.4
24.9 11.3
25.5 10.2
25.8 9.1
25.7 7.9
25.9 6.9
26.6 5.9
27.7 5.2
28.8 4.7
30.0 4.4
31.3 4.3
32.4 3.7
33.0 2.7
33.8 2.0
35.0 2.0
36.2 2.3
37.3 2.8
38.5 2.8
39.7 2.5
40.9 2.5
42.0 2.9
43.1 3.5
44.2 3.6
45.1 3.0
46.0 2.5
46.6 3.3
