38.0 28.0
38.3 26.8
38.2 25.6
38.3 24.3
38.7 23.1
39.3 22.0
39.9 21.1
41.0 20.7
42.0 19.9
42.7 18.8
43.5 17.7
44.2 16.7
45.0 15.7
45.9 14.8
46.9 14.1
47.6 12.9
47.7 11.7
47.7 10.4
47.4 9.0
47.1 7.8
46.6 6.6
46.0 5.5
45.2 4.5
44.4 3.7
43.3 3.0
42.2 2.4
41.0 2.0
40.0 2.6
39.4 3.6
39.2 4.9
39.0 6.1
38.7 7.3
38.1 8.4
37.3 9.4
36.5 10.4
35.6 11.2
34.6 12.1
33.6 12.9
32.5 13.5
31.4 14.1
30.3 14.8
29.5 15.4
29.4 16.7
29.6 17.8
29.7 19.0
29.3 20.0
28.6 21.2
28.1 22.4
27.7 23.6
27.0 24.6
26.0 25.5
25.1 26.4
24.1 27.2
23.1 28.1
22.2 29.0
21.5 29.9
21.3 31.0
21.3 32.3
21.7 33.3
22.4 34.2
23.5 34.7
24.7 35.2
25.9 35.7
27.0 36.3
28.2 36.8
29.5 37.3
30.8 37.6
32.0 37.7
33.3 37.1
34.1 36.2
