5.0 5.0
4.0 5.5
4.3 4.3
5.1 3.2
6.2 2.5
7.4 2.0
8.5 1.8
9.7 2.0
10.5 2.8
10.7 3.9
10.5 5.1
10.6 6.5
11.2 7.6
12.1 8.5
13.1 9.3
14.2 9.9
15.4 10.2
16.6 10.2
17.7 10.3
18.6 10.9
19.5 11.7
20.4 12.2
21.6 12.2
23.0 12.3
24.3 12.8
25.5 13.1
26.6 13.1
27.8 12.7
29.0 12.3
30.3 12.2
31.5 12.3
32.8 12.6
34.1 12.9
34.8 13.7
34.8 14.8
34.3 15.9
33.7 17.0
33.6 18.3
33.6 19.6
33.7 20.9
33.9 22.2
33.9 23.4
33.9 24.7
33.9 26.0
33.9 27.3
33.6 28.4
32.9 29.4
32.1 30.4
31.2 31.3
30.1 32.1
29.2 33.0
28.2 34.0
27.4 34.7
26.3 35.0
25.1 35.0
23.9 34.7
22.9 34.0
21.8 33.3
20.7 32.6
19.7 31.9
18.6 31.2
17.5 30.5
16.4 29.9
15.2 29.7
13.9 29.8
12.6 29.9
11.4 29.9
10.2 29.7
9.0 29.1
7.9 28.3
