35.0 13.0
36.3 12.9
36.5 13.9
35.5 13.3
34.3 13.4
33.2 13.9
32.3 14.7
31.5 15.7
30.7 16.5
29.3 16.4
28.2 15.8
27.3 15.1
26.3 14.9
25.2 15.1
24.0 15.6
22.9 16.3
21.8 16.9
20.7 17.4
19.4 17.8
18.2 18.3
17.1 18.8
15.9 19.3
14.7 19.5
13.4 19.6
12.4 20.2
11.8 21.3
11.5 22.6
11.3 23.9
11.2 25.0
10.2 25.9
9.0 26.4
7.8 27.0
6.7 27.6
5.8 28.4
5.2 29.5
4.8 30.7
4.3 31.9
3.8 33.1
3.2 34.2
2.6 35.3
2.0 36.4
1.6 37.5
1.6 38.8
1.8 40.1
2.2 41.4
2.6 42.5
3.4 43.2
4.4 43.7
5.6 44.1
6.5 45.1
6.9 46.2
7.1 47.2
8.3 47.1
9.3 46.3
9.7 45.2
9.9 44.0
9.9 42.7
10.2 41.7
11.6 41.3
12.8 41.0
14.1 40.7
15.4 40.2
16.6 39.8
17.7 39.5
18.8 39.7
19.9 40.3
20.9 40.7
22.2 40.3
23.1 39.5
23.8 38.5
24.8 37.9
25.8 38.4
26.6 39.3
27.3 40.1
28.4 40.6
29.7 40.8
30.9 40.7
31.9 40.2
32.5 39.2
32.7 38.0
32.9 36.8
34.1 36.1
