35.0 13.0
35.1 11.9
35.1 10.8
34.3 9.9
33.2 9.4
31.9 9.2
30.6 9.1
29.5 8.9
28.4 8.3
27.2 7.8
26.0 7.4
24.7 7.0
23.5 6.6
22.3 7.2
21.6 8.3
21.1 9.4
20.4 10.4
19.4 11.1
18.2 11.7
17.1 11.8
15.8 11.7
14.6 11.3
13.4 10.8
12.3 10.4
11.3 9.9
10.5 8.9
9.9 7.8
9.5 6.6
9.2 5.4
9.0 4.1
8.7 2.8
7.9 2.1
6.8 1.8
5.6 2.0
4.6 2.5
3.9 3.4
3.4 4.6
3.1 5.8
2.9 7.1
2.7 8.4
2.4 9.6
2.1 10.8
2.2 12.0
2.7 13.2
3.3 14.3
4.0 15.4
4.8 16.4
5.7 17.4
6.5 18.4
7.4 19.4
8.1 20.5
9.0 21.3
10.1 21.9
11.1 22.7
12.0 23.6
12.7 24.6
13.0 25.7
13.0 26.9
13.2 28.2
13.5 29.3
14.2 30.2
15.2 30.9
16.2 31.4
17.0 32.3
17.7 33.4
18.2 34.6
19.2 35.5
20.3 35.4
21.5 35.0
22.6 34.4
23.6 35.1
23.9 36.2
24.0 37.4
24.9 38.4
26.0 38.8
27.3 38.9
28.6 38.7
29.8 38.4
30.7 37.9
31.4 36.9
32.3 36.3
33.5 36.0
