17.5 33.0
17.1 33.6
16.9 34.4
16.6 35.1
16.2 35.8
15.7 36.6
15.3 37.3
14.7 37.7
14.0 38.0
13.2 38.2
12.4 38.2
11.9 38.1
11.1 37.9
10.3 37.6
9.7 37.3
9.1 37.3
8.4 37.6
7.7 38.0
7.1 38.5
6.5 38.7
6.0 38.5
5.3 38.1
4.8 37.5
4.5 36.8
4.2 36.0
4.1 35.2
4.0 34.3
4.0 33.5
4.1 32.7
4.2 31.8
4.3 30.9
4.5 30.1
4.7 29.4
5.1 28.8
5.8 28.3
6.4 27.9
6.9 27.3
7.3 26.6
7.6 25.8
7.8 24.9
8.0 24.2
8.4 23.5
8.9 22.8
9.4 22.2
9.8 21.4
10.2 20.7
10.7 20.1
11.3 19.7
12.1 19.4
13.0 19.2
13.8 19.1
14.3 19.0
15.1 19.0
16.0 19.0
15.5 18.6
16.0 17.5
