17.5 33.0
16.9 33.4
17.3 33.8
17.8 34.3
18.3 35.0
18.7 35.8
19.2 36.5
19.5 37.3
19.9 38.1
20.3 38.9
20.5 39.4
20.8 39.9
21.3 40.0
22.0 40.0
22.6 39.5
22.9 38.8
23.1 38.0
23.2 37.2
23.1 36.7
23.1 35.9
23.1 35.0
23.0 34.1
22.9 33.3
22.7 32.5
22.6 31.6
22.4 30.8
22.3 30.0
22.2 29.5
22.0 28.8
21.6 28.4
20.9 28.4
20.0 28.4
19.1 28.5
18.3 28.6
17.5 28.7
16.7 28.6
15.9 28.3
15.2 28.0
14.4 27.6
13.6 27.3
12.8 27.0
12.0 26.8
11.2 26.5
10.6 26.2
10.1 25.7
9.8 25.1
9.6 24.3
9.6 23.5
9.7 22.7
9.8 22.2
10.1 21.4
10.4 20.6
10.7 20.1
11.3 19.7
12.0 19.5
12.8 19.4
13.3 19.3
14.1 19.1
15.0 18.8
15.5 18.6
16.0 17.5
