17.5 33.0
18.1 33.0
18.5 33.7
18.5 34.4
18.3 35.2
18.0 35.9
17.5 36.6
17.0 37.2
16.4 37.8
15.7 38.3
15.0 38.8
14.3 39.3
13.6 39.8
13.0 40.5
12.5 41.1
12.0 41.7
11.4 42.0
10.7 42.1
9.9 42.1
9.4 42.0
8.6 41.9
7.8 41.6
7.1 41.2
6.3 40.8
5.7 40.2
5.3 39.9
4.8 39.3
4.5 38.8
4.5 38.0
4.6 37.2
4.8 36.4
4.9 35.8
4.8 35.2
4.4 34.6
3.9 33.8
3.7 33.2
3.8 32.5
4.0 31.8
4.5 31.1
5.0 30.3
5.5 29.6
5.8 29.2
6.3 28.5
6.9 27.8
7.5 27.2
8.0 26.6
8.7 26.3
9.5 26.4
10.3 26.6
11.1 27.0
11.9 27.4
12.6 27.9
13.2 28.2
13.9 28.1
14.4 27.8
14.7 27.3
14.9 26.6
14.9 25.8
14.8 25.3
14.6 24.5
14.4 23.7
14.2 23.0
14.8 22.8
15.5 22.9
16.2 23.1
17.0 23.5
17.7 23.7
18.5 23.8
19.3 23.7
20.0 23.5
20.5 23.2
20.9 22.6
21.2 21.9
21.3 21.1
21.4 20.6
21.4 19.8
21.4 18.9
21.5 18.2
21.6 17.7
21.9 17.0
22.2 16.2
22.6 15.5
22.9 14.7
23.1 13.9
23.2 13.1
23.3 12.2
23.3 11.4
23.3 10.6
23.2 10.1
23.0 9.3
22.7 8.5
22.3 7.7
22.0 7.1
21.4 6.6
20.7 6.1
20.0 5.8
19.2 5.6
18.4 5.4
17.5 5.4
16.6 5.4
15.7 5.5
14.9 5.5
14.2 5.4
13.5 5.1
12.7 4.8
11.9 4.8
11.1 4.9
10.6 5.3
10.5 6.0
10.7 6.7
11.0 7.5
11.4 8.2
11.7 9.0
11.9 9.8
12.0 10.7
12.0 11.5
12.0 12.4
12.0 13.3
12.0 14.1
12.3 14.7
12.8 15.1
13.6 15.4
14.4 15.7
15.2 16.1
16.0 16.4
16.0 17.5
