25.0 25.0
26.1 25.6
26.6 26.6
27.5 27.3
28.7 27.4
29.9 27.3
31.2 27.0
32.0 26.1
32.1 25.0
31.9 23.8
31.5 22.6
32.1 21.6
33.2 21.3
34.4 21.0
35.6 20.3
36.8 20.5
37.2 21.5
37.3 22.7
37.2 24.0
37.1 25.2
37.4 26.4
37.5 27.5
37.1 28.7
36.5 29.8
35.8 30.8
34.9 31.7
34.0 32.6
33.0 33.4
32.0 34.2
30.9 34.7
29.6 35.2
28.4 35.6
27.2 36.0
26.2 35.8
26.1 34.5
26.6 33.4
26.0 32.3
24.9 32.0
23.7 32.1
22.4 32.4
21.4 32.6
20.3 32.2
19.4 31.1
19.1 30.0
19.1 28.8
18.9 27.6
18.4 26.4
17.5 25.7
16.5 26.1
15.3 26.7
14.1 27.0
12.9 27.1
11.8 27.6
10.5 27.5
9.4 26.9
8.7 26.1
8.0 24.9
7.3 23.9
6.8 22.9
5.9 22.2
4.9 21.7
4.0 22.5
3.8 23.6
3.9 24.8
3.9 26.1
3.8 27.4
3.7 28.7
3.4 29.9
3.5 31.0
4.0 32.1
4.8 33.0
5.7 33.9
6.3 34.9
6.7 36.1
7.1 37.2
7.9 38.1
9.0 38.7
9.9 39.5
10.7 40.5
11.4 41.5
12.1 42.6
12.9 43.7
13.7 44.6
