18.0 39.0
17.0 38.4
16.0 39.1
15.1 40.0
14.0 39.5
13.6 38.4
13.2 37.2
12.5 36.2
12.7 35.0
13.5 34.3
14.6 33.8
15.7 33.4
16.6 32.5
17.2 31.6
16.9 30.5
16.1 29.7
15.1 29.1
14.7 28.1
14.7 26.9
14.9 25.6
15.3 24.4
15.9 23.3
16.6 22.2
17.3 21.1
17.8 20.2
17.2 19.1
16.6 18.2
17.0 17.0
17.8 16.0
18.4 14.9
19.0 13.7
19.5 12.5
19.9 11.3
20.2 10.0
20.7 8.8
21.1 7.6
21.8 6.6
22.7 5.6
23.6 5.0
24.8 4.7
26.1 4.6
27.1 4.8
27.9 5.7
28.2 6.9
28.3 8.2
28.3 9.5
28.5 10.5
29.1 11.4
30.1 12.1
31.2 12.5
32.0 13.1
31.2 13.9
30.4 14.7
29.7 13.9
29.6 15.0
30.2 16.0
30.9 17.0
31.3 18.1
32.1 19.1
33.2 19.9
34.3 20.5
35.4 20.9
36.6 20.7
37.5 19.9
38.6 19.6
39.8 19.6
41.1 19.7
42.4 20.0
