4.0 37.0
5.0 36.7
5.7 35.9
6.0 34.8
6.0 33.7
5.4 32.7
4.6 31.7
3.6 30.9
4.6 30.4
5.7 29.9
6.3 28.8
7.2 27.9
8.2 27.1
9.0 26.1
9.5 25.1
10.4 24.5
11.5 24.2
12.7 24.1
13.6 23.5
14.5 22.5
15.1 21.4
15.7 20.2
16.2 19.1
17.0 18.2
18.3 17.7
19.6 17.6
20.9 17.2
22.1 16.7
23.2 16.1
23.6 15.0
23.5 13.9
23.7 12.6
24.6 12.0
25.9 11.7
27.1 11.6
28.3 11.3
29.3 10.6
30.6 10.5
31.6 11.0
32.5 11.8
33.5 12.6
33.7 13.7
33.2 14.7
32.5 15.6
32.2 16.6
32.3 17.9
32.6 19.2
33.0 20.2
34.2 20.9
35.4 21.1
36.6 21.0
37.4 21.9
37.2 23.0
36.7 24.1
36.4 25.3
37.0 26.6
37.3 27.8
36.9 28.9
36.2 30.0
35.3 30.6
34.1 31.0
33.0 31.4
32.0 32.1
31.1 33.0
30.3 34.0
30.1 35.1
30.8 36.0
31.2 37.1
30.9 38.2
30.0 39.0
28.8 39.3
27.5 39.2
26.2 39.0
25.0 38.6
23.7 38.1
22.5 37.9
21.2 38.0
20.0 38.3
18.9 38.8
17.9 39.6
16.9 40.0
15.7 40.1
14.4 40.0
13.2 40.1
12.2 40.5
11.3 41.4
10.7 42.5
10.3 43.8
9.7 45.0
9.1 46.1
8.3 47.0
7.4 47.6
6.3 47.8
5.0 47.7
3.8 47.4
2.7 46.9
