5.0 45.0
6.1 44.4
6.5 43.4
6.7 42.1
6.9 40.9
6.8 39.7
6.3 38.5
5.7 37.4
5.4 36.4
5.9 35.3
6.5 34.2
7.1 33.2
7.3 32.1
7.0 30.9
6.9 29.8
7.6 28.9
8.6 28.1
9.8 27.6
11.0 27.3
12.1 26.9
13.1 26.1
14.0 25.1
14.8 24.1
15.8 23.4
16.9 22.8
17.5 21.9
17.9 20.8
18.8 20.1
19.9 19.5
21.1 19.1
21.7 17.8
22.2 16.8
23.0 15.9
24.1 15.2
25.3 14.5
26.3 14.1
27.3 14.3
28.5 14.7
29.8 14.8
31.0 14.6
32.3 14.4
33.3 15.0
33.8 16.0
34.1 17.2
34.6 18.4
35.4 19.4
36.3 20.4
37.2 21.3
37.8 22.4
37.8 23.6
37.3 24.8
37.4 25.8
38.2 26.4
39.3 27.0
40.4 27.7
41.5 28.2
42.8 28.5
43.9 28.6
44.7 29.3
45.0 30.4
45.0 31.6
44.8 32.9
44.8 34.2
