45.0 35.0
46.0 34.6
46.6 33.8
46.9 32.7
46.7 31.7
46.2 30.6
45.8 29.5
45.8 28.3
45.9 27.1
46.2 25.8
46.5 24.6
46.8 23.3
47.1 22.1
47.2 20.8
47.1 19.5
46.9 18.3
46.9 17.1
46.7 15.8
46.4 14.6
46.6 13.5
47.1 12.4
47.0 11.2
46.4 10.1
45.5 9.2
44.7 8.2
43.8 7.6
42.6 7.3
41.4 7.2
40.0 7.1
38.8 6.9
37.5 6.6
36.2 6.3
35.0 5.9
33.8 5.5
32.6 5.1
31.4 4.6
30.3 4.0
29.2 3.5
28.0 3.5
26.9 3.8
25.8 3.6
24.8 3.0
23.9 2.3
22.8 3.0
21.8 3.8
20.8 4.2
19.4 4.0
18.3 3.4
17.4 2.7
16.3 3.0
15.4 3.8
14.3 4.0
13.2 3.4
12.2 3.1
11.1 3.7
10.1 4.5
9.1 4.9
8.1 4.8
7.0 4.2
6.1 3.3
5.3 4.1
