45.0 35.0
46.1 34.7
46.7 33.6
46.5 32.5
45.7 31.5
44.8 30.6
44.1 29.5
43.6 28.3
43.2 27.0
42.9 25.7
42.4 24.6
41.6 23.8
41.3 22.8
41.1 21.6
40.6 20.4
39.9 19.3
39.4 18.1
38.8 16.9
38.1 16.0
37.2 15.1
36.6 14.2
36.2 13.0
35.3 12.1
34.2 11.7
33.1 11.1
31.9 10.5
30.8 10.0
30.2 9.1
29.8 8.0
29.7 6.7
29.7 5.4
29.8 4.1
29.5 3.1
28.6 2.5
27.5 2.2
26.2 2.2
25.0 2.3
23.7 2.5
22.4 2.6
21.2 2.7
20.0 2.7
18.8 2.7
17.6 3.2
16.4 3.4
15.4 2.9
14.5 2.0
13.5 1.6
12.3 1.9
11.2 2.5
10.3 3.4
9.6 4.4
9.1 5.5
7.8 5.7
6.8 5.0
6.0 4.1
