45.0 25.0
45.1 24.0
44.5 23.1
43.5 22.4
42.3 22.0
41.3 21.5
40.5 20.6
39.9 19.5
39.5 18.3
39.0 17.2
38.3 16.1
37.4 15.3
36.2 15.5
35.3 16.3
34.7 17.3
33.8 18.0
32.6 17.3
31.7 16.6
30.6 16.3
29.3 16.3
28.1 16.5
26.8 16.5
25.5 16.4
24.3 16.2
23.5 15.4
23.1 14.2
22.3 13.5
21.2 13.5
20.2 14.0
19.3 14.5
18.1 14.3
17.3 13.5
16.0 13.0
14.8 13.1
13.5 13.4
12.3 13.8
11.2 13.9
9.9 13.8
8.9 13.6
8.0 14.2
7.5 15.3
6.9 16.2
5.9 16.8
4.8 17.3
3.8 17.6
3.5 18.7
3.9 19.7
4.4 20.7
4.3 22.0
3.8 23.1
3.4 24.3
3.2 25.5
3.7 26.8
4.6 27.7
5.6 28.5
6.8 29.1
7.4 30.2
7.2 31.3
6.8 32.5
6.5 33.8
6.2 35.1
