45.0 45.0
46.0 45.3
46.8 44.3
46.4 43.2
45.8 42.1
45.6 40.8
46.1 39.6
46.3 38.5
46.2 37.2
45.8 36.0
45.4 34.9
45.8 33.9
46.5 32.9
46.9 31.7
47.0 30.4
47.0 29.1
46.9 27.8
46.5 26.6
46.0 25.4
45.3 24.4
44.4 23.5
43.3 22.8
42.4 22.2
42.1 21.1
42.0 19.9
41.2 18.8
40.3 18.1
39.4 17.1
38.6 16.2
37.4 15.6
36.2 15.6
35.0 15.8
33.8 15.7
32.9 14.9
32.1 14.1
31.0 13.8
29.8 13.7
28.5 13.5
27.3 13.1
26.0 12.8
24.7 12.6
23.5 12.5
22.3 13.2
21.5 14.1
21.0 15.3
20.7 16.6
20.5 17.8
20.4 19.2
19.4 18.8
19.5 19.9
18.8 19.1
18.1 18.2
17.1 18.4
15.8 18.6
14.5 18.8
13.3 18.9
12.4 19.6
11.9 20.7
11.7 22.0
11.7 23.3
