45.0 13.0
44.0 12.6
43.2 11.6
44.3 11.4
45.4 11.8
46.5 12.4
47.6 12.1
48.2 11.2
48.4 10.2
48.1 9.2
47.4 8.2
46.5 7.3
45.8 6.3
45.4 5.2
45.2 4.0
44.6 3.1
43.5 2.3
42.5 1.8
41.4 2.5
41.0 3.6
40.9 4.9
40.9 6.1
40.0 6.9
38.8 7.5
37.8 8.3
36.9 9.2
36.0 10.1
35.3 11.2
34.8 12.4
34.4 13.6
33.9 14.6
32.8 14.8
31.7 14.4
30.6 13.8
29.6 12.9
28.8 12.1
27.7 11.9
26.8 12.4
26.0 13.3
25.3 14.3
24.5 15.2
23.4 15.9
22.2 16.4
21.0 16.8
19.8 17.1
18.9 17.8
18.2 18.8
17.8 20.0
16.8 20.9
15.7 21.0
14.4 20.8
13.2 20.5
12.1 20.4
10.8 20.6
9.6 20.9
8.4 20.7
7.3 20.1
6.4 19.3
5.6 18.3
4.9 17.2
4.0 16.3
3.2 15.5
2.9 14.3
2.8 13.1
2.7 11.8
2.5 10.5
2.1 9.3
1.9 8.3
2.5 7.3
3.6 6.6
4.8 6.2
5.8 5.9
5.9 4.6
5.4 3.5
