33.5 35.0
34.3 34.3
34.8 35.3
34.0 36.0
33.5 36.9
33.4 38.1
33.7 39.3
34.8 39.7
35.9 39.3
36.9 38.7
38.0 38.4
39.3 38.4
40.5 38.5
41.6 39.1
42.8 39.2
43.9 38.7
44.8 37.9
45.5 36.8
45.9 35.6
46.3 34.3
46.5 33.1
46.3 31.9
45.8 30.7
45.3 29.6
45.7 28.4
46.0 27.4
45.4 26.3
44.4 25.4
43.6 24.5
43.0 23.5
42.4 22.5
41.4 22.3
40.2 22.5
39.0 23.0
37.8 23.4
36.6 23.5
35.3 23.7
34.1 24.0
33.0 24.3
32.0 24.0
31.0 23.3
30.0 22.6
28.9 21.9
28.1 21.0
27.6 19.9
27.2 18.7
26.9 17.4
26.7 16.2
26.9 15.2
27.7 14.3
28.4 13.5
28.4 12.2
27.9 11.1
27.2 10.0
26.9 9.0
27.1 7.9
27.5 6.9
28.3 6.3
29.4 5.9
30.3 5.2
30.9 4.1
32.0 4.0
