32.5 4.0
33.7 4.1
34.8 4.3
36.0 4.7
37.2 5.3
38.3 6.0
39.1 6.6
38.3 7.7
37.7 8.9
37.8 10.1
38.2 11.3
38.8 12.5
39.0 13.5
38.5 14.6
37.5 15.2
36.7 15.9
36.7 17.0
37.2 18.1
37.9 19.2
38.7 20.2
39.6 21.2
39.3 22.3
38.3 22.6
37.1 22.6
36.0 22.4
34.9 22.8
33.8 23.5
32.8 24.3
32.1 25.4
31.5 26.6
31.1 27.6
30.0 28.2
28.8 28.3
27.8 29.1
27.3 30.1
27.2 31.3
26.1 31.6
25.0 31.9
24.0 32.5
23.4 33.4
23.3 34.4
23.6 35.6
24.2 36.7
25.1 37.6
26.2 38.3
27.4 38.9
28.5 39.4
29.7 39.1
30.5 38.3
31.2 37.2
31.7 36.0
32.1 34.8
