41.5 20.0
41.6 21.3
42.1 22.2
41.6 23.1
41.3 24.2
41.3 25.5
41.4 26.9
41.3 28.2
41.2 29.4
41.1 30.7
40.7 31.9
40.1 32.9
39.3 33.9
38.8 35.0
38.6 36.3
38.4 37.4
37.8 38.5
37.0 39.5
36.3 40.6
35.8 41.7
35.5 43.0
35.3 44.2
34.6 45.0
33.6 45.2
32.4 45.1
31.1 45.2
29.8 45.4
28.7 45.9
27.5 46.5
26.4 47.2
25.4 47.6
24.3 47.6
23.4 47.0
23.0 45.7
23.0 44.4
22.9 43.2
22.1 42.5
21.0 42.1
19.8 41.9
18.9 41.3
18.3 40.4
17.6 39.5
16.6 38.8
15.4 38.4
14.3 38.0
13.5 37.2
13.0 36.1
12.8 34.9
13.6 34.1
14.7 34.0
15.9 34.3
16.9 34.9
17.9 35.7
18.8 36.6
19.8 37.4
20.8 38.1
22.1 38.1
23.2 37.7
24.3 37.1
25.5 36.8
26.8 36.9
27.8 36.8
28.7 35.9
29.7 35.1
30.4 34.3
30.1 33.3
29.3 32.5
28.2 32.0
28.8 30.9
