46.0 33.0
45.0 33.9
44.1 34.5
44.9 35.2
45.3 36.4
45.3 37.6
44.9 38.6
44.1 39.5
43.2 40.3
42.5 41.3
42.0 42.5
41.0 42.2
40.5 41.2
40.2 40.1
40.1 39.0
38.9 38.5
37.8 38.8
36.8 39.4
35.7 40.1
34.4 40.6
33.2 41.2
32.1 41.6
30.9 41.6
29.7 41.3
28.5 40.8
27.6 40.2
27.0 39.2
26.5 38.0
26.4 36.8
26.7 35.6
27.0 34.5
26.7 33.5
26.0 32.5
24.9 32.1
23.7 32.4
22.7 31.8
22.2 30.7
22.0 29.5
21.8 28.4
20.7 27.6
19.4 27.5
18.1 27.6
16.9 27.9
15.9 28.1
14.9 27.6
13.9 26.8
13.2 25.7
12.9 24.7
12.8 23.4
11.7 22.5
10.5 22.3
10.0 21.3
10.7 20.4
11.7 19.7
12.9 19.3
14.2 18.9
15.4 18.5
16.7 18.1
