46.0 33.0
45.1 33.7
44.4 32.9
44.1 31.7
44.1 30.5
44.2 29.2
44.2 28.0
43.9 26.7
43.6 25.5
43.0 24.3
42.4 23.3
41.5 22.8
40.4 22.7
39.2 23.0
38.5 23.8
38.0 24.8
37.9 26.0
37.1 26.9
36.0 27.3
34.8 27.5
33.6 27.3
32.5 26.7
31.6 26.0
30.6 25.9
29.6 26.3
28.7 27.1
27.4 26.9
26.4 26.2
25.3 25.8
24.0 26.3
23.3 27.2
22.7 28.0
21.8 27.3
21.3 26.3
20.4 25.4
19.4 24.8
18.2 24.4
17.2 25.2
17.0 26.3
16.9 27.3
16.0 27.9
14.9 28.1
13.6 28.1
12.3 27.8
11.2 27.3
10.7 26.3
10.6 25.1
10.8 23.9
10.5 22.7
9.8 21.7
9.9 20.4
10.8 19.5
12.0 19.0
13.3 18.8
14.6 18.7
15.8 18.7
