25.0 25.0
23.8 24.7
22.7 24.2
21.5 24.4
20.4 24.9
19.6 25.6
19.1 26.7
18.6 27.6
17.7 28.3
16.3 28.2
15.4 27.4
14.5 26.7
13.3 26.3
12.0 26.2
10.7 26.2
9.4 26.3
8.3 26.5
7.4 27.2
6.8 28.3
6.3 29.3
5.5 30.2
4.5 30.8
4.4 32.0
4.9 33.1
5.6 34.0
5.5 35.3
4.8 36.3
3.9 37.1
4.7 38.1
5.9 38.3
7.2 38.2
8.5 38.0
9.6 37.5
10.5 37.0
11.0 38.0
11.7 38.9
12.7 39.1
13.9 38.9
15.0 38.3
16.0 37.5
17.0 36.7
18.0 36.2
19.2 36.7
19.8 37.7
20.1 38.9
20.3 39.9
21.2 40.4
22.4 40.6
23.5 40.5
23.0 39.5
24.0 38.7
25.0 38.9
