15.0 45.0
14.1 44.4
13.4 43.6
12.7 44.4
11.6 44.3
10.9 43.5
10.7 42.4
10.8 41.4
10.0 40.6
8.9 40.1
7.7 39.7
6.5 39.2
5.3 38.7
4.6 37.9
4.8 36.8
5.4 35.8
6.3 34.9
7.0 33.9
7.5 32.7
7.8 31.5
8.0 30.2
8.1 28.9
8.2 27.6
8.3 26.3
8.3 25.0
8.2 23.8
8.4 22.5
8.7 21.3
9.4 20.3
10.0 19.2
10.6 18.0
11.0 16.8
11.4 15.6
12.0 14.4
12.6 13.3
13.4 12.4
14.5 11.6
15.6 11.0
16.8 10.5
18.0 10.0
19.2 9.6
20.5 9.4
21.6 8.8
22.2 7.8
22.7 6.9
24.0 6.7
25.2 7.0
26.3 7.6
27.3 8.2
28.4 8.4
29.7 8.4
31.0 8.3
32.3 8.3
33.4 8.6
34.5 9.1
35.6 9.5
36.7 8.8
37.6 8.0
38.6 7.7
39.9 7.8
41.1 8.0
42.0 8.9
42.4 10.0
42.5 11.3
42.7 12.3
43.6 13.3
44.6 14.0
