15.0 45.0
14.7 43.9
13.9 42.9
12.9 42.1
11.9 41.5
10.9 40.7
10.1 39.7
9.3 38.8
8.3 38.2
7.1 37.9
6.1 37.5
5.4 36.7
4.9 35.5
4.7 34.2
4.7 32.9
5.4 31.9
6.4 31.4
7.5 31.0
8.4 30.3
9.5 29.7
10.8 29.3
11.6 28.3
11.6 27.1
11.3 26.0
11.9 25.1
12.9 24.6
13.7 23.8
14.3 22.7
14.5 21.5
14.9 20.4
16.2 20.4
17.3 20.9
18.2 21.4
19.0 20.5
19.2 19.4
19.7 18.2
20.7 17.5
21.5 16.9
22.1 15.9
22.7 15.0
23.7 14.2
24.8 13.7
26.0 13.4
27.3 13.3
27.0 12.3
28.0 12.2
29.1 12.1
30.3 12.4
31.5 12.9
32.5 13.4
33.6 12.8
34.2 11.9
34.8 10.9
35.8 10.8
36.6 11.9
36.7 13.1
37.7 13.7
38.7 13.3
39.7 12.6
40.6 11.7
41.6 11.0
42.7 11.1
43.9 11.5
45.1 12.1
45.6 13.1
45.4 14.2
