15.0 4.0
14.3 3.2
13.1 3.2
12.1 3.9
11.4 4.7
11.6 6.1
11.8 7.4
11.9 8.5
12.4 9.4
13.3 10.1
14.4 10.7
15.0 11.8
15.1 12.9
15.8 13.8
17.0 14.0
18.2 14.0
19.5 13.9
20.7 13.6
21.9 13.8
23.1 14.2
24.2 14.9
25.3 15.5
26.4 15.9
27.7 16.2
29.0 16.3
30.1 16.8
30.8 17.7
31.5 18.7
32.5 19.3
33.5 20.0
34.2 20.8
34.4 21.8
34.2 22.9
34.0 24.1
34.1 25.4
34.5 26.6
34.8 27.7
34.6 28.9
34.1 30.0
33.3 31.1
32.7 32.2
31.8 33.1
30.7 33.6
29.4 33.8
28.1 33.8
26.8 33.9
25.5 33.9
24.3 34.0
23.0 34.2
21.7 34.4
20.6 34.4
19.4 34.1
18.3 33.6
17.3 32.8
16.4 31.9
15.6 30.9
14.9 29.8
14.1 28.8
13.2 27.9
12.5 27.1
12.3 26.0
12.5 24.7
13.0 23.6
12.5 22.5
11.4 21.7
10.3 20.9
9.2 20.2
8.1 19.4
7.2 18.7
6.6 17.7
6.1 16.6
5.5 15.4
4.9 14.3
