32.0 11.0
31.1 10.3
30.0 10.0
29.1 9.5
28.4 8.6
27.5 9.6
27.5 10.9
27.8 12.2
28.0 13.2
26.7 13.2
25.4 12.9
24.2 12.6
22.9 12.2
21.6 11.9
20.4 11.6
19.4 11.8
18.4 12.4
17.6 13.4
16.7 14.3
16.0 15.2
15.8 16.2
16.1 17.4
16.4 18.7
16.7 19.9
16.7 21.0
16.1 22.0
15.2 22.9
14.6 24.1
14.6 25.3
14.8 26.5
15.3 27.7
16.0 28.7
16.8 29.6
17.4 30.7
17.7 31.9
17.5 33.0
16.6 33.5
15.4 33.7
14.3 33.7
13.5 34.5
13.2 35.6
13.2 36.8
13.5 37.9
14.1 38.8
15.1 39.4
16.3 39.7
17.6 39.8
18.8 39.6
20.0 39.1
21.2 38.7
22.3 39.2
23.3 39.6
24.5 39.7
25.7 39.5
26.9 39.2
27.2 38.1
27.2 37.0
27.7 35.9
28.5 34.9
29.4 34.1
30.4 33.2
31.4 32.5
32.4 31.6
33.4 30.8
34.3 29.9
35.1 28.9
35.6 28.0
35.7 26.8
35.7 25.5
36.0 24.3
36.5 23.2
37.4 22.4
38.2 21.4
38.9 20.3
40.0 20.0
41.1 20.1
42.3 19.9
43.4 19.3
44.2 18.6
44.2 17.5
43.8 16.4
44.0 15.4
44.9 14.7
46.0 14.3
47.2 13.7
48.0 13.0
48.4 11.9
48.6 10.7
48.5 9.4
48.0 8.3
47.3 7.2
46.5 6.1
