35.0 37.0
34.5 36.1
34.6 35.1
34.1 34.1
33.3 33.2
32.2 32.5
31.8 31.3
32.2 30.1
32.8 29.1
33.6 28.0
34.5 27.1
35.5 26.4
36.8 26.1
37.8 26.5
38.9 26.7
39.9 26.1
40.7 25.1
41.3 24.0
41.9 22.8
42.4 21.7
43.2 20.8
44.2 20.0
45.0 19.2
45.5 18.1
45.9 16.9
46.2 15.6
46.5 14.3
46.9 13.0
47.3 11.9
47.9 10.9
48.1 9.7
48.0 8.5
47.7 7.3
47.3 6.0
46.9 4.8
46.1 4.0
45.0 3.8
43.9 3.3
43.0 2.5
42.0 2.1
40.9 2.3
39.8 2.9
38.9 3.8
38.0 4.5
36.9 5.0
37.0 6.3
37.4 7.6
37.7 8.9
37.5 10.0
36.3 10.2
35.2 9.8
34.0 9.7
32.8 9.9
31.6 10.2
30.6 10.9
29.7 11.7
28.6 12.4
27.5 13.1
26.4 13.6
