4.0 46.0
5.0 45.4
4.9 44.0
4.4 42.9
3.6 41.9
2.7 41.2
1.9 40.6
1.5 39.6
1.5 38.4
1.8 37.2
2.4 36.2
3.1 35.2
3.8 34.1
4.5 33.1
5.4 32.3
6.5 31.7
7.6 31.1
8.4 30.3
9.2 29.2
9.8 28.1
10.2 26.9
10.6 25.7
11.3 24.6
12.1 23.8
13.3 23.3
14.6 23.1
15.7 22.7
16.3 21.8
16.6 20.6
16.7 19.3
16.6 18.0
16.5 16.7
17.1 15.7
18.1 15.0
19.2 14.4
20.4 13.9
21.5 13.5
22.7 13.4
22.6 12.4
23.7 12.8
24.8 12.7
26.0 12.5
27.2 12.1
28.4 11.6
29.6 11.0
30.7 10.8
31.8 11.0
32.9 11.6
33.9 12.4
35.0 12.8
35.9 12.3
36.6 11.4
37.1 10.2
37.6 9.0
38.0 7.7
38.4 6.5
39.0 5.5
39.9 4.7
40.5 3.6
41.0 2.5
42.2 2.3
43.2 2.9
44.1 3.8
