4.0 46.0
4.8 46.6
5.4 47.5
6.5 47.9
7.7 47.8
8.8 47.4
9.9 46.7
10.8 45.8
11.5 44.8
11.8 43.6
11.9 42.3
12.0 41.2
12.6 40.4
13.7 39.8
14.8 39.3
16.1 38.8
17.2 38.1
18.2 37.4
19.2 36.5
20.3 35.9
21.5 35.3
22.7 34.8
23.9 34.2
25.0 33.7
26.1 33.5
27.4 33.3
28.6 33.3
29.9 33.5
31.0 33.4
32.0 32.9
32.9 32.0
33.8 31.0
34.6 30.1
35.5 29.2
36.3 28.1
36.9 27.0
37.5 25.8
38.0 24.6
38.5 23.3
38.9 22.1
39.4 20.8
40.5 20.0
41.6 20.0
42.8 20.4
43.9 20.6
44.7 19.5
44.8 18.4
44.9 17.2
45.5 16.1
46.3 15.2
47.3 14.3
48.2 13.6
48.2 12.5
48.3 11.3
48.6 10.1
48.7 9.0
48.3 8.0
47.5 7.1
46.6 6.2
45.8 5.2
