15.0 29.0
16.1 29.4
16.8 30.3
17.4 31.4
17.8 32.7
17.7 33.7
16.9 34.6
17.1 35.7
18.0 36.4
19.1 37.0
20.0 37.8
20.7 38.9
21.2 40.0
21.5 41.1
21.5 42.3
21.4 43.6
21.4 44.9
21.5 46.1
22.6 45.7
23.6 45.0
24.6 44.2
25.5 43.3
26.4 42.4
27.1 41.3
28.0 40.4
29.0 39.6
30.1 38.9
31.3 38.4
32.5 38.0
33.8 37.5
34.9 37.1
35.9 37.2
37.0 37.7
38.2 38.0
39.0 38.7
39.7 39.7
39.9 40.9
39.8 42.1
39.5 43.3
39.7 44.4
40.2 45.5
41.1 46.5
41.9 47.3
42.9 47.7
44.1 47.6
45.2 47.2
46.2 46.5
47.1 45.6
47.9 44.5
48.3 43.4
48.6 42.1
48.7 40.9
48.5 39.6
48.1 38.6
47.3 37.8
46.3 37.1
45.3 36.3
44.5 35.4
43.9 34.3
43.4 33.1
43.0 31.9
42.6 30.7
42.1 29.5
41.6 28.3
41.0 27.2
40.7 25.9
41.0 24.8
41.7 23.8
42.4 22.9
42.0 21.9
40.8 21.1
39.6 20.9
38.4 20.9
37.1 21.0
35.9 21.2
34.8 21.1
33.7 20.5
32.7 19.7
32.1 18.6
32.2 17.5
32.6 16.3
33.2 15.2
33.8 14.1
34.2 13.1
33.7 11.9
