12.0 28.0
12.3 29.2
11.6 30.0
10.6 30.1
9.5 29.7
8.5 29.3
7.6 30.1
7.0 31.2
6.4 32.2
5.4 33.0
4.3 33.6
3.2 34.1
2.4 35.2
2.1 36.4
2.0 37.8
1.8 39.1
1.8 40.2
2.3 41.2
3.2 42.0
4.3 42.7
5.5 43.2
6.3 44.1
6.6 45.2
6.5 46.4
7.4 47.2
8.4 47.5
9.5 47.0
10.2 46.0
10.7 44.9
11.1 43.7
11.4 42.4
11.7 41.2
12.1 40.0
12.6 38.9
13.4 38.1
14.5 37.6
15.8 37.2
17.0 36.8
18.1 36.5
18.9 35.8
19.7 34.8
20.4 33.7
21.3 33.0
22.3 32.3
23.4 31.5
24.6 31.0
25.9 31.1
27.1 30.9
28.3 30.5
29.5 29.9
30.5 29.2
31.1 28.2
31.6 27.2
32.5 26.5
33.7 26.1
34.9 26.0
36.1 26.0
36.9 26.8
