12.5 25.0
13.0 26.0
14.0 26.2
15.0 25.5
15.3 24.4
15.3 23.2
15.0 22.0
14.9 21.0
15.3 19.9
16.1 18.9
16.6 17.7
16.4 16.6
15.8 15.5
15.6 14.2
16.0 13.2
16.8 12.5
17.8 12.0
18.9 11.7
20.0 11.4
21.0 11.0
22.0 10.7
23.2 10.9
24.2 11.5
25.3 11.9
26.3 11.6
27.3 10.8
28.4 10.1
29.5 9.5
30.6 9.8
31.4 10.9
31.6 12.1
32.1 13.1
32.9 14.0
33.8 14.8
33.7 16.0
33.1 17.0
32.5 17.9
32.3 19.1
32.8 20.1
33.8 20.8
34.6 21.6
35.0 22.7
35.3 24.0
35.4 25.1
35.1 26.3
34.7 27.5
34.3 28.7
33.1 29.0
31.9 29.0
30.7 29.3
29.6 29.9
28.4 30.3
27.2 30.3
26.1 30.1
25.3 29.2
25.0 28.0
25.1 26.8
25.4 25.7
