7.0 29.0
7.8 30.0
9.0 30.3
10.2 30.3
11.4 30.0
12.6 29.5
13.8 29.0
14.9 28.5
15.6 27.7
15.8 26.7
15.6 25.4
15.1 24.2
14.6 23.1
14.5 22.0
14.9 20.9
15.6 19.9
16.4 18.9
17.3 18.0
18.5 17.5
19.8 17.6
21.0 18.0
22.1 18.6
23.2 18.7
24.5 18.6
25.8 18.5
27.0 18.5
28.2 18.8
29.3 19.5
30.4 19.9
31.4 19.6
32.5 18.8
33.5 18.0
34.3 17.1
34.9 16.0
35.2 15.0
34.8 14.0
33.9 13.2
32.8 12.8
31.9 12.3
31.2 11.5
30.8 10.4
30.0 9.6
29.1 8.6
28.2 7.6
27.6 6.6
27.3 5.5
27.4 4.3
27.7 3.1
27.0 2.1
25.8 1.7
24.6 1.6
23.3 1.7
22.4 2.2
21.9 3.2
21.7 4.5
21.7 5.8
21.6 7.0
21.3 8.3
20.8 9.6
19.9 10.3
18.8 10.1
17.5 9.8
16.2 9.7
14.9 9.7
13.6 9.8
12.3 10.0
11.7 8.9
11.2 7.8
10.5 6.7
9.9 5.8
9.7 4.6
9.8 3.4
9.1 2.6
8.0 2.3
6.8 2.3
5.6 2.6
4.4 3.1
3.4 3.7
2.6 3.0
3.8 3.2
4.8 3.9
