3.0 25.0
4.0 25.4
4.2 24.1
3.9 23.0
4.3 21.8
5.2 20.9
6.2 20.1
7.4 19.5
8.4 18.9
9.3 18.0
10.1 17.0
10.7 15.9
11.7 15.3
12.9 15.3
14.2 15.3
15.5 15.1
16.8 14.8
18.0 14.5
19.2 14.0
20.3 13.3
21.3 12.5
22.3 12.1
23.5 11.9
24.7 11.9
25.8 12.3
26.8 13.0
27.9 13.7
29.0 14.3
30.2 14.8
31.4 15.3
32.5 15.9
33.3 16.8
33.9 17.9
34.6 18.9
35.0 19.9
35.2 21.1
35.6 22.1
36.4 22.9
37.1 23.7
37.4 24.9
37.4 26.1
37.6 27.2
38.0 28.4
38.7 29.3
39.8 29.6
41.0 29.5
41.8 30.3
41.8 31.5
41.5 32.7
41.6 34.0
42.2 35.0
43.2 35.6
44.4 35.8
45.6 36.0
46.5 36.7
47.4 37.6
47.8 38.8
47.6 39.9
46.9 41.0
46.2 42.1
45.6 43.3
