15.0 5.0
16.2 4.9
17.0 4.0
17.8 3.3
19.0 2.8
20.3 2.5
21.6 2.4
22.8 2.4
24.0 2.7
24.0 3.8
23.3 4.8
22.7 5.9
22.0 7.0
21.5 8.1
21.1 9.4
20.8 10.6
21.1 11.8
21.8 12.7
22.7 13.4
23.2 14.3
23.6 15.5
24.3 16.5
25.0 17.4
24.8 18.6
24.2 19.7
24.0 20.9
23.4 22.0
22.7 23.0
21.8 23.8
20.8 24.6
19.6 25.3
18.5 26.0
17.4 26.7
16.3 27.1
15.4 26.2
14.2 26.1
13.4 26.9
13.0 27.9
12.8 29.1
13.0 30.4
12.9 31.5
12.4 32.7
11.7 33.8
10.9 34.7
9.9 34.5
8.8 34.3
7.7 34.3
7.0 33.2
7.0 32.0
7.3 30.8
7.6 29.6
7.4 28.4
7.1 27.1
6.8 25.8
6.5 24.6
