4.0 4.0
4.3 5.2
3.9 6.2
4.3 4.9
4.7 3.8
5.5 2.8
6.5 2.6
7.7 2.9
8.9 3.2
10.2 3.3
11.3 3.5
12.3 4.1
12.6 5.1
12.3 6.1
11.6 7.0
11.0 8.2
11.0 9.3
11.4 10.5
12.0 11.5
12.9 12.4
14.0 13.1
15.2 13.6
16.0 14.2
16.2 15.4
16.1 16.6
16.1 17.8
16.5 19.0
16.7 20.1
16.0 21.3
15.0 22.0
13.9 22.5
12.9 23.0
12.7 24.3
13.1 25.4
13.4 26.7
13.6 28.0
13.8 29.1
14.7 30.1
15.5 30.9
16.0 31.9
15.4 33.1
14.7 34.2
14.2 35.4
14.0 36.6
14.1 37.9
14.5 38.9
15.4 39.8
16.5 40.5
17.6 40.6
18.6 40.0
19.7 39.5
20.9 39.4
22.2 39.3
23.5 39.3
24.8 39.3
25.9 39.9
26.4 41.0
26.5 42.2
26.4 43.5
26.3 44.6
25.8 45.5
