4.0 46.0
4.2 44.8
3.7 43.8
2.8 42.9
2.9 41.9
3.8 41.3
4.8 40.5
5.6 39.5
5.8 38.5
5.2 37.5
4.4 36.6
3.9 35.7
3.5 34.5
3.6 33.2
4.3 32.2
5.1 31.3
5.5 30.2
5.6 29.0
5.4 27.7
5.2 26.5
6.2 26.7
7.0 27.5
8.1 27.9
9.2 27.5
10.3 26.8
11.2 26.0
11.7 24.9
11.8 23.6
12.6 22.9
13.7 23.1
14.8 23.8
15.8 24.6
16.5 25.5
17.4 24.5
18.1 23.7
19.3 23.3
20.4 23.7
21.5 24.3
22.6 24.8
23.8 25.2
24.6 26.0
25.0 27.1
25.0 28.3
24.6 29.3
24.0 30.3
23.7 31.4
23.7 32.7
23.9 33.9
23.9 35.2
23.7 36.4
23.1 37.6
22.4 38.6
21.3 39.3
20.1 39.2
18.9 38.9
18.0 38.0
17.5 36.9
17.4 35.7
17.5 34.7
18.2 33.8
