15.0 37.0
15.5 38.1
15.2 39.1
16.3 39.5
17.5 39.2
18.6 38.6
19.3 37.8
19.7 36.6
19.9 35.4
19.8 34.4
19.1 33.5
18.2 32.7
17.2 32.0
16.4 31.0
15.9 29.8
15.4 28.6
14.9 27.3
14.4 26.1
13.9 24.9
13.8 23.7
14.3 22.6
14.4 21.6
14.6 20.6
15.2 19.7
16.2 19.1
17.4 18.7
18.6 18.3
19.6 17.5
20.5 16.6
21.5 15.8
22.5 15.2
23.7 14.6
24.8 13.8
25.8 13.2
26.9 12.9
28.2 12.9
29.4 12.8
30.6 12.5
31.7 13.2
32.4 14.3
32.8 15.5
33.1 16.8
33.4 18.1
33.8 19.3
34.3 20.5
34.8 21.7
35.3 22.8
35.7 23.9
35.5 25.0
34.9 26.1
34.4 27.2
34.0 28.4
33.7 29.7
33.3 30.8
32.7 31.8
32.7 32.9
33.2 34.0
33.9 35.1
34.7 36.1
