15.0 37.0
15.5 35.9
16.7 36.4
17.4 37.4
17.8 38.5
18.2 39.5
19.1 40.1
20.3 39.8
21.2 39.0
21.8 38.1
21.9 37.0
21.7 35.8
21.2 34.8
20.4 33.9
19.3 33.1
18.3 32.3
17.4 31.4
16.4 30.5
15.4 29.7
14.3 29.1
13.2 28.5
12.3 27.8
11.6 26.7
11.1 25.5
10.7 24.3
10.5 23.0
10.3 21.7
10.0 20.6
9.2 19.8
8.2 19.2
7.0 18.7
5.8 18.5
5.5 17.2
5.4 16.2
4.8 15.3
3.9 14.4
2.9 13.7
2.3 12.8
2.1 11.6
2.1 10.3
2.3 9.0
2.6 7.8
3.0 6.6
3.4 5.5
4.2 4.7
5.3 4.0
6.4 3.4
7.5 2.8
8.8 2.9
9.7 3.7
9.9 4.8
9.8 6.0
9.4 7.2
9.4 8.4
9.7 9.4
10.5 10.2
11.6 10.7
12.8 11.0
14.1 11.0
15.4 11.0
16.5 10.7
17.7 10.2
18.8 9.7
19.9 9.1
21.1 8.6
22.3 8.2
23.3 8.5
24.1 9.4
24.7 10.5
25.1 11.8
25.5 13.0
25.9 14.2
26.2 15.3
27.0 16.0
28.1 16.4
29.3 16.5
30.4 16.6
31.3 17.2
32.3 18.1
33.3 18.9
34.2 19.8
35.0 20.9
35.6 22.0
36.1 23.2
36.4 24.4
37.0 25.4
37.8 26.3
38.2 27.3
37.8 28.4
37.0 29.3
36.1 30.1
35.0 30.5
33.7 30.5
32.9 31.4
33.1 32.5
33.7 33.6
34.5 34.5
35.4 35.6
