4.0 33.0
4.4 34.0
5.2 33.4
5.7 32.3
5.9 31.2
5.4 30.0
4.5 29.2
3.8 28.1
3.4 26.9
3.1 25.7
3.7 24.6
4.6 23.7
5.6 23.0
6.7 22.4
8.0 22.8
9.1 23.2
10.4 23.2
11.6 23.1
12.9 22.9
14.1 22.6
15.3 22.5
16.5 22.7
17.7 23.1
18.9 23.1
20.1 23.1
21.3 23.5
22.3 24.3
23.3 24.8
24.3 24.5
25.3 23.8
26.1 22.8
26.8 21.9
27.9 21.6
29.0 21.9
30.1 22.5
31.4 22.8
32.6 22.6
33.7 22.2
35.0 22.1
36.2 22.2
37.4 22.3
38.6 22.1
39.5 21.6
39.7 20.6
39.5 19.4
39.0 18.3
38.3 17.2
37.8 16.3
38.4 15.2
39.4 14.6
40.0 13.7
39.7 12.6
39.1 11.5
38.2 10.6
37.3 9.7
37.5 8.5
38.5 7.8
38.6 6.6
37.8 5.9
36.7 5.4
35.5 5.1
34.2 5.0
