4.0 33.0
4.7 31.9
4.8 30.8
5.4 30.0
6.4 29.4
7.5 28.8
8.6 28.3
9.8 28.0
11.0 27.9
12.2 28.1
13.5 28.4
14.7 28.7
16.0 28.9
17.1 28.9
18.1 28.5
19.0 27.8
20.0 27.4
21.3 27.4
22.4 27.1
23.0 26.3
23.4 25.2
24.0 24.2
25.0 23.7
26.3 23.6
27.3 22.9
27.6 21.9
28.5 21.4
29.3 22.1
30.3 23.0
31.6 23.3
32.9 23.2
34.1 22.9
35.3 22.5
36.5 22.1
37.7 22.0
39.0 22.1
40.2 21.9
41.1 21.2
41.9 20.2
42.8 19.7
44.0 19.4
45.2 19.5
46.5 19.7
47.2 18.6
46.7 17.5
45.8 16.6
44.9 15.8
43.7 15.4
42.5 15.1
41.4 14.5
40.6 13.7
40.4 12.4
40.8 11.4
41.3 10.4
41.4 9.2
41.2 8.0
40.8 6.9
40.3 5.7
39.6 4.5
39.0 3.5
38.1 2.7
36.9 2.3
35.7 2.0
34.6 2.3
33.5 3.0
