4.0 33.0
5.0 32.8
5.4 31.8
5.3 30.7
5.8 29.8
7.0 29.2
8.2 28.7
9.5 28.4
10.8 28.1
12.0 27.9
13.0 28.2
14.2 28.6
15.5 28.7
16.8 28.8
18.1 28.8
19.2 28.7
20.3 28.2
21.4 27.7
22.7 27.4
23.7 27.2
24.6 26.4
25.3 25.4
25.9 24.3
26.7 23.5
27.8 22.8
28.9 22.5
29.9 22.6
31.0 22.9
32.2 22.7
33.4 22.3
34.4 22.1
35.5 22.4
36.5 23.0
37.7 22.9
38.7 22.3
39.2 21.4
39.4 20.2
39.3 19.1
38.7 18.0
38.0 17.0
38.1 15.8
38.8 14.9
39.8 14.4
40.8 13.9
41.4 13.0
41.7 11.7
41.6 10.4
41.0 9.2
40.0 8.5
39.0 8.0
38.4 7.2
37.9 6.3
36.6 5.9
35.4 5.9
34.0 5.8
32.8 5.5
31.6 5.1
31.2 4.1
31.7 3.2
