3.5 17.5
4.5 17.4
5.0 16.5
5.8 15.6
6.9 15.5
8.1 15.8
9.2 16.3
10.2 16.2
11.2 16.0
12.1 16.6
12.1 18.0
11.5 19.2
11.0 20.3
10.8 21.5
10.9 22.5
12.1 23.2
13.4 23.3
14.6 23.1
15.8 23.2
17.0 23.6
18.2 24.3
19.2 25.0
20.4 25.0
21.3 24.5
22.1 23.7
23.4 23.4
24.4 24.0
25.4 24.8
26.4 25.6
27.6 26.3
28.7 26.9
29.9 27.5
31.1 28.0
32.3 28.3
33.5 28.5
34.7 28.3
35.9 27.9
37.0 27.2
38.0 26.8
39.2 26.7
40.4 27.0
41.6 27.5
42.6 28.2
43.6 29.1
44.4 30.1
45.1 31.2
45.8 32.4
46.4 33.6
46.9 34.7
47.2 35.8
46.5 36.8
45.3 37.2
44.9 38.3
45.5 39.3
46.4 40.1
47.4 40.7
47.7 41.9
47.3 43.1
46.6 44.1
