3.5 17.5
4.5 16.9
5.2 17.9
5.4 19.0
6.4 19.5
7.6 19.9
8.8 20.6
9.9 21.2
10.2 22.3
9.6 23.1
8.6 23.9
7.5 24.4
7.3 25.6
8.0 26.6
9.0 27.4
10.0 28.1
11.0 28.4
12.1 28.2
13.2 27.6
14.1 26.8
15.0 25.8
16.0 24.9
16.9 24.1
18.0 23.7
19.3 23.4
20.6 23.4
21.9 23.6
23.1 23.8
24.3 24.2
25.5 24.6
26.3 25.3
26.9 26.4
27.2 27.7
27.8 28.5
28.9 28.4
30.1 28.0
31.3 27.4
32.3 26.8
33.4 26.8
34.4 27.4
35.2 28.3
36.2 28.7
37.4 28.7
38.6 28.5
39.8 28.2
41.0 28.3
42.3 28.6
43.5 29.0
44.7 29.4
45.6 30.1
45.8 31.2
46.3 32.3
47.1 33.2
47.5 34.5
47.2 35.6
47.1 36.9
47.0 38.2
47.1 39.5
47.2 40.8
47.2 41.9
46.8 43.1
46.2 44.2
45.5 45.3
45.3 46.4
46.2 46.9
