3.5 17.5
4.7 17.4
5.8 17.1
6.9 16.8
8.1 17.0
9.1 17.6
10.0 18.7
10.3 19.8
10.3 21.1
10.2 22.1
10.9 23.2
12.0 23.8
13.2 24.4
14.4 24.8
15.6 25.3
16.8 25.7
18.0 26.2
19.2 26.5
20.3 27.1
21.4 27.9
22.3 28.7
22.8 29.7
23.1 30.9
23.2 32.2
23.4 33.2
24.2 34.1
25.2 34.8
26.0 35.8
26.6 36.9
27.2 38.1
27.6 39.3
28.4 40.1
29.4 40.0
30.3 39.4
31.2 38.6
32.2 37.8
33.1 37.3
34.1 37.6
35.1 38.4
36.0 39.3
37.1 39.9
38.3 40.3
39.4 40.9
40.4 41.5
41.7 41.4
42.6 40.7
43.4 39.7
44.3 39.1
45.2 39.9
45.8 40.9
46.3 42.2
46.7 43.4
47.1 44.7
