3.5 17.5
4.2 18.6
5.4 18.2
6.3 17.6
7.3 17.9
8.2 18.7
8.9 19.8
9.6 20.6
10.5 21.5
11.3 22.4
12.2 23.4
13.1 24.3
14.0 25.2
15.0 25.9
16.1 26.7
17.1 27.4
18.1 27.8
19.2 27.7
20.4 27.4
21.7 27.3
23.0 27.2
24.2 26.8
25.5 26.9
26.5 27.6
27.5 28.2
28.5 28.4
29.7 28.1
30.8 27.6
32.0 27.4
33.3 27.4
34.6 27.6
35.8 28.0
37.0 28.3
38.3 28.1
39.3 27.6
40.4 27.7
41.6 28.1
42.7 28.7
43.7 29.5
44.4 30.4
44.7 31.6
44.8 32.9
44.7 34.2
44.7 35.5
44.8 36.8
45.2 38.0
45.7 39.2
46.2 40.4
46.6 41.6
46.7 42.9
46.8 44.2
