25.0 13.0
24.0 12.6
23.4 11.7
22.2 11.4
21.1 10.9
20.1 10.2
19.1 9.9
17.8 10.0
16.6 10.4
15.7 11.2
15.5 12.3
15.5 13.5
15.7 14.6
15.6 15.8
16.3 17.0
16.9 17.9
16.7 19.0
16.2 20.1
15.4 21.1
14.5 21.9
13.5 22.7
12.5 23.6
11.5 24.3
10.6 25.1
9.6 26.0
8.7 26.8
7.8 27.7
6.8 28.5
6.3 29.5
6.1 30.6
5.9 31.6
5.1 32.3
4.0 32.8
3.0 33.4
2.9 34.4
3.3 35.5
3.4 36.6
3.1 37.7
2.5 38.8
2.4 40.0
2.8 41.2
3.4 42.4
4.0 43.6
4.7 44.7
5.4 45.7
6.3 46.5
7.3 47.2
8.4 47.8
9.7 47.6
10.4 46.8
10.5 45.6
10.4 44.4
10.1 43.1
9.7 41.9
9.3 40.8
10.0 39.7
11.1 39.4
12.4 39.4
13.4 38.9
14.0 37.9
14.3 36.7
14.5 35.6
15.4 34.9
16.6 34.7
17.8 34.8
18.9 35.0
20.1 34.6
21.1 34.1
22.6 34.2
23.8 34.4
25.2 34.5
26.3 34.5
27.2 35.0
28.0 35.6
29.3 35.5
30.6 35.7
31.7 36.4
32.7 37.1
33.7 37.4
34.9 37.3
36.1 36.9
37.2 36.9
38.2 37.8
38.6 38.9
38.9 40.2
39.4 41.4
39.6 42.6
39.5 43.8
39.1 44.9
38.3 45.8
37.2 46.4
36.0 46.9
35.0 47.1
