17.5 33.0
17.1 34.1
17.2 35.3
17.5 36.5
18.2 37.3
19.2 38.0
20.2 38.8
21.3 39.6
22.3 40.3
23.4 41.0
24.4 41.5
25.5 41.4
26.7 40.9
27.7 40.2
28.7 39.3
29.7 39.4
30.5 40.2
31.0 41.3
31.3 42.5
32.3 43.2
33.4 43.0
34.4 42.3
35.0 41.4
35.5 40.2
35.8 39.1
36.6 38.3
37.8 38.0
39.0 37.5
40.0 37.2
41.3 37.4
42.5 37.8
43.7 38.4
44.7 38.6
45.6 38.0
46.4 37.0
47.0 35.8
47.4 34.6
47.5 33.6
47.0 32.6
46.2 31.7
45.3 30.9
44.7 29.8
44.2 28.6
43.6 27.5
43.0 26.4
42.4 25.4
42.0 24.1
41.9 22.9
41.3 21.9
40.3 21.1
39.2 20.3
38.1 19.8
36.9 19.2
35.8 18.6
34.7 18.0
33.4 18.0
