4.0 37.0
4.9 36.5
5.1 35.2
5.3 33.9
4.9 32.8
4.1 32.0
4.5 30.8
5.5 30.1
6.7 29.7
7.9 29.3
8.7 28.6
9.4 27.5
10.1 26.4
10.6 25.2
11.1 24.1
11.9 23.2
12.9 22.4
14.1 22.1
15.1 22.4
16.3 21.8
16.9 20.7
17.2 19.6
17.8 18.6
18.8 17.8
19.9 17.2
21.0 16.6
21.8 15.8
22.6 15.0
23.6 14.3
24.5 13.4
25.2 12.4
26.0 11.4
26.9 10.4
27.9 9.6
28.9 9.3
30.0 9.7
31.0 10.5
31.9 11.4
32.6 12.3
32.2 13.4
31.6 14.3
31.5 15.3
31.9 16.4
32.7 17.4
33.6 18.4
34.6 19.3
35.6 20.2
36.5 21.1
36.7 22.1
36.4 23.3
35.8 24.5
35.6 25.5
36.3 26.3
37.3 26.9
