42.5 42.0
43.6 41.5
44.2 40.5
44.2 39.1
43.7 38.0
43.0 37.0
42.3 35.9
41.7 34.7
41.1 33.6
40.4 32.5
40.2 31.5
40.4 30.3
40.9 29.3
41.8 28.5
42.8 27.9
43.0 26.8
42.5 25.8
41.6 24.8
40.6 24.1
39.3 24.5
38.2 25.1
37.0 25.1
35.9 24.5
34.9 23.7
33.7 23.9
33.0 24.8
32.5 26.0
31.9 27.1
31.0 28.0
30.1 29.0
29.2 30.0
28.3 31.0
27.4 31.8
26.3 32.4
25.2 32.9
24.4 33.8
23.7 34.9
22.8 35.6
21.8 35.3
20.9 34.6
19.9 34.4
18.8 34.7
17.7 35.2
16.7 34.7
16.0 33.8
15.6 32.7
15.0 31.6
14.2 30.6
13.4 29.7
12.5 28.8
11.7 27.8
11.0 26.6
10.3 25.5
9.5 24.4
8.7 23.7
