25.0 46.0
26.0 45.7
26.0 44.6
25.4 43.6
25.2 42.5
25.4 41.3
25.7 40.1
25.9 38.8
26.3 37.7
27.1 36.7
28.0 35.8
28.7 34.8
29.3 33.7
30.1 32.8
31.1 32.0
32.1 31.2
33.1 30.4
34.2 29.9
35.4 29.5
36.7 29.2
36.8 28.2
36.2 27.2
35.2 26.4
34.5 25.6
34.6 24.5
35.1 23.3
35.8 22.3
36.7 21.4
37.0 20.2
36.0 19.6
34.8 19.2
33.8 18.6
32.9 17.7
32.4 16.7
33.1 15.5
34.0 14.8
35.1 14.6
36.2 14.9
37.2 15.0
38.0 14.1
38.2 12.9
38.4 11.6
38.5 10.3
38.7 9.0
38.8 7.7
39.2 6.6
39.9 5.6
40.2 4.5
40.1 3.3
40.2 2.2
41.2 1.7
42.2 1.9
43.2 2.7
44.3 3.4
