25.0 46.0
26.2 46.0
25.4 45.2
24.4 44.4
23.7 43.4
23.7 42.2
24.0 41.0
24.5 39.8
25.2 38.7
26.0 37.7
26.8 36.7
27.7 35.7
28.6 34.7
29.5 33.9
30.6 33.3
31.8 32.8
33.0 32.3
34.0 31.6
35.0 30.9
36.1 30.3
37.0 29.7
37.7 28.7
38.1 27.6
38.2 26.5
37.5 25.4
36.5 24.8
35.3 24.4
34.5 23.5
34.4 22.3
34.6 21.0
34.7 19.8
34.0 19.0
33.0 18.4
32.4 17.3
32.5 16.1
33.0 15.0
33.6 13.9
34.9 13.6
35.9 14.1
36.8 14.9
37.9 14.3
38.1 13.1
38.1 11.8
37.9 10.6
37.9 9.3
38.1 8.0
38.3 6.8
38.6 5.6
38.8 4.6
39.9 3.9
41.0 3.3
42.0 2.9
43.1 3.0
44.3 3.4
