25.0 46.0
26.1 45.8
26.9 45.1
26.8 44.0
26.3 42.8
25.6 41.8
25.2 40.7
25.8 39.8
26.8 39.1
27.9 38.7
28.5 37.7
28.3 36.7
27.8 35.6
27.7 34.6
28.3 33.3
28.4 32.1
27.7 31.2
26.8 30.5
26.3 29.5
26.1 28.2
26.2 26.9
25.9 25.9
24.9 25.4
23.9 24.7
23.1 23.7
22.4 22.7
21.8 21.6
21.2 20.5
20.7 19.5
20.9 18.3
21.2 17.0
21.7 15.8
22.4 14.7
23.2 13.8
24.2 13.1
25.4 12.7
26.7 12.4
27.9 12.4
29.2 12.7
30.4 13.1
31.6 13.5
32.8 13.1
33.6 12.2
34.0 10.9
34.6 10.0
35.7 9.6
36.9 9.7
38.0 9.9
38.6 9.1
38.4 7.8
38.0 6.6
38.3 5.5
39.0 4.5
39.8 3.5
40.7 2.5
41.6 2.0
42.6 2.5
43.4 3.4
43.9 4.6
