16.0 17.5
15.8 16.9
15.5 16.4
14.9 15.9
14.2 15.5
13.4 15.2
12.6 14.9
11.9 14.8
11.1 14.8
10.3 15.0
9.8 15.1
9.1 15.4
8.6 15.7
8.3 16.3
8.4 17.1
8.6 17.9
9.0 18.6
9.3 19.4
9.6 20.2
9.7 21.1
9.8 21.9
9.8 22.8
9.8 23.7
9.8 24.6
9.9 25.4
9.7 26.2
9.5 27.0
9.1 27.4
8.6 27.7
7.9 27.9
7.1 27.9
6.6 28.1
6.2 28.5
5.9 29.2
5.7 29.9
5.6 30.8
5.7 31.6
5.7 32.5
5.6 33.3
5.3 34.1
5.0 34.9
4.8 35.6
4.9 36.1
5.2 36.8
5.7 37.4
6.3 37.9
6.9 38.2
7.7 38.3
8.5 38.3
9.4 38.2
10.2 38.0
11.0 37.7
11.7 37.6
12.3 37.7
13.0 38.0
13.6 37.9
14.3 37.7
15.0 37.2
15.6 36.6
16.2 36.0
16.6 35.4
16.8 34.9
16.8 34.3
17.5 33.0
