25.0 15.0
25.7 13.9
25.5 12.8
25.2 11.5
24.8 10.2
24.9 9.1
25.8 8.5
25.1 7.6
26.1 7.3
27.2 6.7
28.3 6.0
29.4 5.2
30.5 4.7
31.7 4.2
32.7 4.0
33.9 4.5
34.6 5.4
35.2 6.3
36.3 6.3
37.3 5.7
38.1 4.9
39.4 4.6
40.5 4.9
41.6 5.4
42.7 6.2
43.8 6.9
45.0 7.6
46.2 8.1
47.4 8.5
48.3 9.2
48.6 10.3
48.4 11.5
48.0 12.7
47.4 13.8
46.7 14.9
46.0 16.0
45.2 16.8
44.0 17.4
42.8 17.7
42.3 18.7
42.6 19.7
43.2 20.9
43.7 22.1
44.1 23.2
43.4 24.2
42.3 24.7
41.6 25.6
41.7 26.7
42.2 27.7
42.7 28.7
42.3 29.7
41.6 30.7
40.6 31.6
39.5 32.3
38.7 33.2
38.4 34.4
37.9 35.3
37.2 36.2
36.0 36.9
34.9 36.7
34.2 37.6
33.7 38.7
33.4 39.9
33.5 41.0
34.1 42.1
34.9 43.1
35.9 44.1
