32.5 17.5
33.2 16.7
33.7 15.8
34.7 15.5
35.9 15.6
37.1 15.6
38.2 15.3
39.4 15.7
40.2 16.6
40.7 17.6
40.8 18.8
40.4 20.0
39.9 21.3
39.4 22.5
38.9 23.5
37.7 24.0
36.4 24.0
35.2 23.7
34.1 23.4
32.9 23.9
32.0 24.8
31.3 25.9
30.3 26.5
29.2 26.5
28.1 26.1
27.7 25.1
27.8 23.9
27.5 22.8
26.8 21.9
25.8 21.3
24.8 21.2
23.6 21.6
22.5 22.2
21.4 22.9
20.3 23.4
19.1 23.8
17.8 24.0
16.5 24.1
15.3 24.3
14.1 24.7
13.0 24.9
11.9 24.7
10.7 24.2
9.6 23.6
8.4 23.1
7.3 22.9
6.2 23.1
5.0 23.7
4.1 24.5
3.3 25.5
3.0 26.7
3.5 27.9
4.1 29.0
4.7 30.0
4.7 31.1
4.4 32.3
3.9 33.3
4.0 34.3
4.5 35.5
5.2 36.5
6.1 37.5
6.9 38.4
7.8 39.5
8.6 40.5
9.4 41.2
10.7 41.1
11.8 40.5
13.0 39.9
14.1 39.2
15.2 38.5
16.1 37.9
16.5 36.6
16.5 35.4
16.2 34.2
