4.0 4.0
5.3 4.0
6.5 3.7
7.4 2.9
8.3 2.2
9.6 2.8
10.4 3.7
11.1 4.8
11.0 6.0
10.3 6.9
10.4 8.0
11.1 9.0
12.0 9.9
13.0 10.6
14.1 11.4
15.1 12.2
16.1 13.0
17.4 13.2
18.7 13.2
20.0 13.1
21.2 13.0
22.2 12.5
23.0 11.6
23.9 10.8
25.0 10.3
26.3 9.9
27.5 9.8
28.8 9.9
29.9 10.0
31.0 9.6
32.2 9.8
33.2 10.5
34.0 11.5
34.5 12.5
34.7 13.7
34.4 14.7
33.8 15.8
33.1 16.9
32.3 17.9
32.1 19.2
32.1 20.3
31.5 21.2
30.6 21.7
29.4 21.2
28.6 20.3
27.6 21.0
27.3 22.2
26.7 23.3
25.6 23.8
24.4 24.0
23.1 24.0
21.8 23.9
20.5 23.7
19.4 23.3
18.7 22.2
18.2 21.2
17.1 20.9
16.0 21.1
14.8 21.6
13.7 22.3
12.6 23.0
11.5 23.8
10.6 24.5
10.1 25.6
9.8 26.8
9.8 28.2
9.8 29.3
9.2 30.3
8.1 30.4
7.0 30.7
6.1 31.4
5.3 32.4
4.4 33.4
4.0 34.5
4.2 35.7
4.3 36.9
3.6 37.9
2.7 38.6
2.0 39.4
1.6 40.6
1.6 41.8
1.8 43.1
2.2 44.3
2.7 45.5
