4.0 4.0
5.0 3.9
6.3 3.6
7.6 3.3
8.8 2.8
10.0 2.3
11.1 2.1
12.1 2.4
13.1 3.1
13.9 4.1
14.7 5.1
16.0 5.5
17.1 5.2
18.1 4.5
19.4 4.4
20.5 4.8
21.7 5.2
22.9 5.5
24.1 5.7
25.3 6.0
26.3 6.8
26.9 7.9
27.4 9.0
28.0 10.2
28.4 11.3
27.8 12.3
27.0 13.1
27.5 14.4
27.8 15.6
28.2 16.8
28.6 17.9
28.6 19.1
28.4 20.2
29.0 21.3
29.9 22.0
30.7 22.6
31.0 23.8
30.6 24.8
29.9 25.9
29.1 27.0
28.3 28.0
27.7 29.2
27.2 30.4
26.8 31.6
26.5 32.8
26.0 33.9
25.2 34.9
24.4 35.9
23.5 36.8
22.6 37.7
21.6 38.6
20.6 39.4
19.4 39.5
18.3 39.1
17.3 38.3
16.5 37.3
16.4 36.1
16.5 34.8
16.5 33.5
