12.5 25.0
11.7 25.6
11.9 26.6
13.1 27.4
14.0 28.3
14.4 29.4
14.7 30.7
14.9 32.0
15.1 33.3
15.2 34.5
15.0 35.7
14.8 37.0
14.5 38.3
14.4 39.3
14.9 40.4
15.6 41.3
16.5 42.0
17.6 41.7
18.3 40.8
19.2 39.8
20.2 39.0
21.3 38.2
22.4 37.6
23.6 37.2
24.9 37.0
26.1 36.8
27.4 36.6
28.5 36.3
29.7 35.9
30.9 35.4
31.7 34.7
32.3 33.7
33.0 32.8
34.0 32.1
35.3 31.7
36.5 31.4
37.5 30.5
37.9 29.5
38.1 28.2
38.0 27.0
38.7 26.1
39.9 25.9
41.1 26.1
42.1 26.6
42.2 27.7
41.9 29.0
41.6 30.3
41.1 31.3
40.2 32.2
39.3 32.9
38.5 33.9
37.8 34.9
37.2 36.1
36.6 37.1
35.7 37.9
34.7 38.6
33.6 39.3
32.4 39.8
31.3 40.4
30.1 40.9
28.9 41.4
28.0 41.9
27.6 43.0
27.7 44.1
28.3 45.1
29.1 45.7
30.2 46.0
31.4 46.0
32.7 45.7
33.8 45.4
