25.0 4.0
25.8 4.8
25.4 6.0
24.7 7.0
23.8 7.9
22.8 8.6
21.6 9.1
20.4 9.5
19.3 9.8
18.3 10.5
17.6 11.5
17.0 12.6
16.5 13.8
16.4 15.0
16.6 16.2
16.9 17.5
17.0 18.7
16.4 19.8
15.6 20.8
14.6 21.7
13.6 22.5
12.6 23.2
12.1 24.1
12.0 25.2
12.3 26.5
12.8 27.7
13.4 28.8
14.1 29.8
15.1 30.6
16.0 31.5
16.7 32.5
17.1 33.7
17.4 35.0
17.5 36.3
17.5 37.5
18.2 38.6
19.2 39.1
20.4 39.4
21.7 39.4
22.9 39.1
23.8 38.5
23.7 37.3
24.0 36.1
24.7 35.2
25.8 34.6
27.0 34.1
28.2 33.7
29.5 33.4
30.7 33.0
31.8 32.6
32.8 31.8
33.7 30.9
34.5 29.9
35.2 28.9
35.4 27.9
35.2 26.8
34.5 25.8
33.7 24.7
32.4 24.6
31.5 25.2
30.7 26.1
30.1 27.2
29.2 27.9
28.2 27.5
27.3 26.6
26.6 25.5
26.0 24.4
