25.0 4.0
26.0 4.4
26.6 5.2
26.9 6.4
27.2 7.6
27.4 8.8
28.3 9.6
29.4 9.6
30.4 9.5
31.5 10.3
32.2 11.4
33.3 12.2
34.4 13.0
35.3 13.9
36.2 14.9
36.5 15.9
35.3 16.4
34.1 16.3
33.1 16.7
32.4 17.7
32.3 19.0
32.7 20.1
33.4 21.2
34.2 22.2
35.0 23.1
35.4 24.1
35.3 25.3
34.9 26.6
34.5 27.8
34.2 29.1
33.7 30.2
32.6 30.8
31.4 31.3
30.2 31.9
29.2 32.6
28.4 33.5
27.8 34.6
27.0 35.8
26.2 36.8
25.3 37.5
24.2 36.9
23.5 35.9
22.9 34.8
22.1 33.9
21.2 33.1
21.4 32.1
22.1 31.2
23.1 30.5
24.2 29.9
25.1 29.2
25.3 28.1
25.1 26.8
24.7 25.6
