15.0 5.0
14.3 6.0
13.5 6.9
12.5 7.9
11.6 8.6
10.6 8.8
9.4 8.8
8.2 8.5
7.3 9.0
7.1 10.1
7.3 11.3
7.1 12.3
6.3 13.2
6.5 14.3
7.5 14.5
8.6 14.7
9.4 15.3
10.0 16.3
10.3 17.4
10.1 18.7
9.7 19.8
9.0 20.9
8.9 22.1
9.4 23.2
10.0 24.3
10.7 25.4
11.2 26.5
11.4 27.7
11.7 28.9
12.3 30.0
13.1 31.0
14.1 31.8
15.1 32.6
16.2 33.3
17.0 34.0
17.3 35.0
17.3 36.3
17.1 37.6
16.8 38.9
16.9 40.0
17.4 41.1
18.2 42.0
19.2 42.5
20.2 42.4
21.0 41.6
22.4 41.2
23.6 41.3
24.9 41.6
26.2 42.0
27.1 42.6
27.7 43.8
27.7 45.0
27.7 46.1
28.8 47.0
29.9 47.4
31.1 47.5
32.3 47.2
33.4 46.6
34.3 45.9
