46.0 33.0
46.0 34.3
45.7 35.5
45.1 36.6
44.3 37.7
43.4 38.7
42.5 39.6
41.6 40.3
40.5 40.6
39.4 40.4
38.2 40.0
37.0 39.7
35.9 40.3
35.3 41.3
35.1 42.5
35.1 43.6
33.9 43.9
32.9 43.4
31.9 42.7
30.7 42.2
29.7 41.7
28.8 40.9
27.8 40.8
26.7 41.3
25.6 42.0
24.5 42.7
23.6 43.2
22.8 42.6
22.3 41.5
22.2 40.2
21.6 39.3
20.4 39.1
19.4 39.6
18.5 40.5
17.8 41.6
16.9 42.1
15.9 41.9
14.9 41.2
13.7 41.4
12.9 42.4
11.7 43.0
10.5 43.0
9.6 42.5
8.8 41.6
8.2 40.4
7.3 39.9
6.2 40.2
5.2 40.8
4.5 41.9
4.4 43.0
4.7 44.2
5.0 45.3
