15.0 21.0
15.1 22.1
15.1 23.4
14.9 24.6
14.6 25.9
14.4 26.9
14.7 28.0
15.4 29.1
16.2 30.1
17.1 31.0
17.8 31.9
18.1 33.1
18.2 34.4
18.2 35.6
17.9 36.7
18.7 37.7
19.8 38.3
20.9 38.6
21.6 39.4
21.9 40.6
22.7 41.3
24.0 41.4
25.3 41.4
26.6 41.3
27.3 40.5
27.7 39.3
27.8 38.0
27.6 36.7
27.4 35.5
27.9 34.4
28.8 33.6
29.8 33.0
30.9 32.3
31.7 31.4
32.5 30.5
33.5 29.8
34.8 29.4
36.0 29.2
37.3 29.3
38.5 29.6
39.7 30.0
40.8 30.5
42.1 30.8
43.2 31.2
44.2 32.1
44.9 33.2
45.5 34.4
46.1 35.2
47.1 35.8
47.4 37.1
47.5 38.2
47.7 39.4
47.5 40.6
47.1 41.9
46.7 43.2
46.2 44.4
