8.5 20.0
9.0 19.0
8.8 18.0
8.5 17.0
9.0 15.7
9.9 14.8
10.9 14.1
12.0 13.4
13.1 12.8
14.2 12.0
15.1 11.2
15.7 10.2
16.7 10.5
18.0 10.1
19.2 9.6
20.4 9.4
21.4 8.8
22.4 8.2
23.5 7.9
24.5 7.6
25.7 7.0
26.7 6.5
27.9 6.7
28.9 7.4
29.8 8.3
30.8 9.1
31.7 9.9
32.5 10.7
33.6 10.9
34.7 10.6
34.9 11.6
34.4 12.9
33.9 14.1
33.7 15.2
33.9 16.4
34.3 17.4
35.2 18.4
36.2 19.3
36.8 20.2
35.7 21.1
34.5 21.5
33.2 21.6
31.9 21.5
30.6 21.4
29.7 20.9
29.0 20.0
28.2 19.0
27.1 18.9
25.8 18.9
24.5 19.0
23.2 19.0
21.9 19.1
20.6 19.0
