25.0 42.0
26.2 41.5
27.4 41.2
27.8 40.1
28.4 39.1
29.3 38.2
30.3 37.5
31.2 36.7
31.9 35.6
32.4 34.6
33.4 33.9
34.5 33.4
35.5 33.2
36.0 31.9
35.8 30.8
35.4 29.7
35.5 28.6
36.0 27.4
36.5 26.4
36.7 25.2
36.7 23.9
36.5 22.7
36.2 21.4
36.0 20.1
35.9 18.8
35.9 17.5
35.2 16.4
34.2 15.6
33.0 15.1
31.7 14.7
30.5 14.2
29.4 13.6
28.2 12.9
27.1 12.2
26.1 11.5
25.8 10.2
26.2 9.2
27.0 8.2
27.8 7.3
28.1 6.2
28.4 5.1
29.1 4.3
30.2 4.2
31.4 4.5
32.6 5.1
33.7 5.7
35.0 6.2
36.2 6.7
37.4 7.2
38.4 7.1
39.5 6.6
40.3 5.7
41.3 5.8
41.9 6.8
