46.0 46.0
46.3 44.8
46.0 43.6
45.9 42.6
46.4 41.4
46.7 40.4
46.5 39.3
45.9 38.2
45.1 37.2
44.7 36.2
44.6 35.0
44.7 33.7
45.0 32.4
45.2 31.1
45.4 29.8
45.3 28.7
44.9 27.5
44.2 26.4
43.4 25.4
42.6 24.4
41.9 23.3
41.4 22.2
41.2 21.0
41.4 19.8
41.7 18.5
42.0 17.2
42.1 15.9
42.1 14.7
41.8 13.4
41.6 12.2
41.6 11.0
41.8 9.7
41.7 8.4
41.5 7.1
41.2 5.9
40.5 5.0
39.6 4.2
38.4 3.6
37.2 3.1
36.2 3.2
35.3 4.0
34.6 5.0
33.8 5.6
32.7 5.9
31.4 5.9
30.1 5.8
28.9 5.9
27.6 6.3
26.4 6.8
25.3 7.4
24.2 7.7
23.0 7.6
21.9 7.1
20.8 6.3
19.7 5.5
18.9 4.7
17.6 4.6
16.5 5.0
15.4 5.0
14.2 4.7
12.9 4.4
11.7 4.0
10.5 3.6
9.2 3.2
8.9 4.2
9.4 5.3
10.1 6.3
11.0 7.3
11.7 8.3
12.4 9.5
12.8 10.6
12.5 11.6
11.7 12.4
10.6 12.9
11.2 13.9
12.3 14.5
13.5 15.1
14.7 15.6
15.9 16.1
17.1 16.6
