15.0 4.0
13.9 4.2
13.8 5.2
13.0 6.3
12.0 6.9
11.7 7.9
11.9 9.0
12.5 10.2
13.3 11.3
14.0 12.3
14.7 13.4
15.5 14.1
16.3 14.8
16.7 15.8
16.8 17.0
16.6 18.3
16.2 19.5
15.7 20.8
15.1 22.0
14.6 23.1
14.7 24.5
15.3 25.6
15.9 26.7
16.1 27.9
16.1 29.2
16.3 30.4
17.4 31.1
18.5 31.5
19.3 32.4
19.9 33.5
20.2 34.7
21.0 35.6
22.1 36.1
23.3 36.1
24.7 36.1
25.8 36.1
26.8 36.7
27.7 37.6
28.5 38.5
29.5 39.3
30.5 40.0
31.5 40.2
32.4 39.7
33.3 38.7
34.0 37.7
34.6 36.5
34.7 35.4
34.6 34.2
34.2 33.0
33.9 31.7
33.6 30.5
33.3 29.2
34.4 29.0
35.7 29.2
37.0 29.2
38.3 29.2
39.5 29.0
40.8 28.6
41.8 28.5
42.9 28.9
43.8 29.7
44.7 30.6
45.6 31.6
46.4 32.5
47.2 33.4
46.9 34.6
46.2 35.5
45.2 36.2
