15.0 4.0
12.5 6.0
10.1 8.3
12.8 10.3
15.8 10.6
18.4 12.3
19.7 15.2
22.7 14.7
25.9 14.0
29.3 14.0
32.3 13.9
34.7 11.6
36.9 9.5
39.8 8.2
41.0 5.2
42.0 2.3
45.0 3.3
46.8 6.0
48.3 8.9
47.5 11.8
46.2 15.0
44.5 17.8
41.5 19.3
39.0 21.4
35.9 22.4
34.2 25.0
31.3 23.4
28.2 23.1
25.4 24.8
22.7 23.1
19.8 21.4
16.9 20.5
14.8 23.0
12.8 25.5
13.1 28.5
15.2 30.7
18.1 31.7
21.0 33.0
23.6 34.6
26.7 34.8
29.8 34.1
32.4 36.3
35.0 37.9
37.6 39.8
37.9 43.0
38.8 45.9
41.4 47.8
44.4 47.5
46.4 44.9
47.0 41.7
47.6 38.4
45.0 37.0
