15.0 4.0
14.8 3.0
13.7 2.7
12.5 2.8
11.2 2.9
9.9 2.9
8.5 2.9
7.3 2.8
6.2 3.1
5.2 3.8
4.4 4.7
3.7 5.8
3.0 6.9
2.5 8.1
2.2 9.2
2.1 10.5
2.1 11.7
2.1 13.0
2.2 14.2
2.7 15.1
3.6 15.9
4.5 16.4
5.0 17.7
5.1 18.9
5.5 20.0
6.3 21.0
6.9 22.0
7.6 23.0
8.4 24.1
9.0 25.0
9.8 25.9
9.8 27.1
9.3 28.1
8.5 29.1
7.8 30.2
7.1 31.3
6.5 32.4
5.9 33.6
5.4 34.7
4.6 35.6
3.5 36.3
2.5 36.9
1.7 37.8
1.4 38.8
1.4 40.1
1.7 41.3
2.1 42.5
2.6 43.7
3.4 44.7
4.3 45.7
5.2 46.5
6.3 47.3
7.1 47.9
8.4 47.7
9.6 47.3
10.6 46.7
11.5 45.8
12.1 44.7
11.9 43.5
11.2 42.6
11.3 41.6
11.9 40.7
12.8 39.9
13.9 39.3
14.9 38.5
15.7 37.6
16.4 36.7
17.7 36.4
18.9 36.6
20.1 36.9
21.3 37.2
22.5 37.2
23.8 37.0
25.0 36.7
26.2 36.4
27.0 35.7
27.7 34.6
28.4 33.6
29.4 32.7
30.4 32.0
31.5 31.4
32.7 30.9
34.0 30.6
35.3 30.4
36.6 30.2
37.9 30.1
39.1 29.9
40.4 29.8
41.5 30.0
42.5 31.0
43.1 32.1
43.4 33.4
43.8 34.7
43.9 36.0
