5.0 15.0
6.0 14.5
6.7 13.6
7.6 13.1
8.8 12.9
10.0 13.0
11.4 13.1
12.5 13.6
13.1 14.5
13.3 15.7
13.8 16.9
14.5 18.0
15.3 19.1
16.1 20.1
17.0 21.1
17.9 21.9
18.9 22.7
20.0 23.4
21.2 23.9
22.4 24.3
23.4 24.1
24.2 23.3
24.9 22.3
25.4 21.3
25.3 20.2
25.2 19.2
25.7 18.3
26.6 17.6
27.5 16.9
27.9 15.9
28.5 14.9
29.6 14.4
30.8 14.1
32.0 14.1
32.9 15.1
33.2 16.3
33.2 17.6
32.9 18.8
32.4 20.0
31.9 21.1
32.3 22.2
32.6 23.3
32.5 24.5
32.6 25.8
32.9 27.1
33.0 28.3
32.6 29.5
32.3 30.6
32.3 31.9
32.6 33.1
33.0 34.4
33.5 35.6
33.9 36.7
33.3 37.6
32.3 37.9
31.3 37.5
30.6 36.5
29.7 35.6
28.7 34.7
27.6 34.3
26.3 34.1
