5.0 15.0
6.0 14.8
6.5 13.9
6.5 12.7
6.6 11.4
6.8 10.1
6.9 8.8
7.1 7.6
7.7 6.7
8.7 6.0
9.9 5.5
11.1 5.1
12.3 4.7
13.5 4.4
14.8 4.7
15.9 5.4
17.0 6.1
18.1 6.5
19.4 6.9
20.6 7.3
21.8 7.8
22.8 8.4
23.4 9.4
23.7 10.5
23.7 11.7
24.3 12.6
25.4 13.1
26.5 13.8
27.0 14.9
27.3 16.1
28.0 17.1
29.4 17.3
30.5 17.6
31.5 18.1
32.7 18.2
33.6 18.8
33.9 20.0
33.5 21.1
33.1 22.4
33.5 23.4
34.2 24.4
34.7 25.6
34.6 26.8
34.2 27.9
33.7 29.1
33.1 30.2
32.7 31.4
32.5 32.6
32.3 33.7
31.4 34.8
30.3 35.3
29.1 35.6
27.8 35.3
26.5 35.6
