5.0 45.0
5.5 44.0
5.4 42.9
5.9 41.8
7.1 41.0
8.1 40.6
8.4 39.6
8.5 38.5
9.0 37.6
10.0 36.7
11.1 36.1
11.9 35.5
11.7 34.5
11.0 33.6
10.0 32.9
9.1 32.0
8.9 31.0
10.1 30.7
11.3 31.1
12.4 31.1
13.5 30.1
14.0 29.1
13.9 27.9
13.2 26.9
12.6 25.9
12.3 24.7
12.4 23.4
12.7 22.1
13.1 20.9
13.4 19.6
13.8 18.4
14.2 17.2
14.8 16.4
15.9 15.8
17.0 15.4
18.3 15.2
19.5 14.9
20.7 14.5
21.9 13.9
22.9 13.4
23.8 12.5
25.0 12.0
26.2 11.5
27.2 11.4
28.3 12.0
28.9 13.0
29.4 13.9
30.3 14.5
31.5 14.7
32.7 14.7
33.8 15.1
34.8 15.8
