3.5 3.5
4.6 4.0
5.7 4.1
6.9 4.0
8.2 3.8
9.5 3.4
10.8 3.6
12.0 4.0
13.3 4.3
14.5 4.6
15.8 4.7
17.1 4.6
18.2 4.5
19.4 4.9
20.4 5.7
21.5 6.2
22.6 6.1
23.7 5.6
24.6 4.7
25.7 4.4
26.6 5.0
27.8 5.7
29.0 5.9
30.3 6.0
31.5 6.0
32.7 5.6
33.8 5.0
34.8 4.1
35.6 3.4
36.7 3.7
37.4 4.5
38.1 5.6
38.6 6.8
38.8 7.9
38.5 9.1
38.0 10.2
37.4 11.3
37.3 12.3
38.1 13.1
39.2 13.2
40.4 13.1
41.4 12.8
41.3 13.8
40.9 14.9
41.3 15.9
42.2 16.5
43.1 17.3
42.9 18.3
42.4 19.4
41.6 20.4
40.7 21.4
39.8 22.2
38.8 23.1
37.8 24.0
36.8 24.6
35.8 24.8
34.7 24.5
33.6 23.8
32.6 23.3
31.4 23.3
30.2 23.5
28.9 23.8
27.6 24.1
26.4 24.5
25.2 24.8
23.8 25.0
22.5 25.0
21.2 24.9
20.1 24.9
18.9 25.6
17.8 26.0
16.6 26.2
15.4 26.2
14.3 26.6
13.7 27.7
12.8 28.3
11.6 28.7
10.4 28.9
9.1 28.9
7.9 28.9
6.9 29.2
5.7 29.9
4.8 30.6
4.1 31.7
4.0 32.7
4.2 34.0
4.6 35.2
4.8 36.5
5.0 37.8
5.0 39.1
5.0 40.4
4.8 41.7
4.4 43.0
4.2 44.2
4.7 45.3
