17.5 33.0
17.0 32.8
16.7 33.4
16.4 34.0
15.8 34.6
15.5 35.3
15.2 36.1
15.0 36.9
14.9 37.8
14.8 38.6
14.7 39.4
14.7 40.2
15.1 40.8
15.7 41.3
15.9 40.8
16.5 41.0
17.2 41.4
17.9 41.6
18.7 41.6
19.4 41.3
20.1 40.9
20.7 40.4
21.3 39.8
21.8 39.1
22.2 38.4
22.6 37.7
22.9 36.9
23.2 36.1
23.3 35.6
23.7 34.9
24.0 34.2
24.1 33.5
23.9 32.8
23.7 32.1
23.8 31.6
24.3 31.1
24.9 30.6
25.7 30.3
26.5 30.0
27.3 29.8
27.8 29.5
28.3 28.9
28.6 28.3
28.8 27.4
29.1 26.9
29.6 26.6
30.3 26.3
31.2 26.2
32.0 26.2
32.9 26.4
33.6 26.4
34.0 26.0
34.3 25.4
34.5 24.7
34.4 23.9
34.7 23.5
35.4 23.2
36.1 23.1
37.0 23.2
37.7 23.2
38.2 22.7
38.5 22.0
38.6 21.2
38.6 20.4
38.5 19.5
38.3 18.7
38.0 18.2
37.5 17.8
36.8 17.5
36.0 17.4
35.2 17.4
34.0 17.5
