17.5 33.0
18.0 33.1
18.5 33.2
18.9 33.6
19.1 34.1
19.1 34.8
18.9 35.5
18.5 36.3
18.3 36.9
18.3 37.5
18.6 38.1
19.1 38.5
19.8 38.6
20.6 38.5
21.4 38.2
22.1 37.7
22.8 37.2
23.4 36.6
23.9 36.4
24.5 36.7
25.0 37.2
25.5 37.9
25.8 38.7
26.2 39.2
26.8 39.6
27.5 39.8
28.3 39.9
29.2 39.9
30.0 40.0
30.8 40.2
31.6 40.5
32.4 40.8
33.0 40.8
33.6 40.5
34.0 40.0
34.4 39.2
34.7 38.7
35.3 38.4
35.8 38.6
36.3 39.1
36.7 39.8
36.9 40.6
37.1 41.4
37.2 42.3
37.2 43.1
37.2 43.8
37.7 43.9
38.3 43.8
39.0 43.5
39.7 43.0
40.2 42.4
40.8 41.7
41.3 41.0
41.8 40.3
42.3 39.5
42.7 38.8
43.2 38.1
43.7 37.4
44.2 36.7
44.6 36.0
44.9 35.2
45.2 34.4
45.5 33.6
45.5 33.0
45.3 32.2
45.1 31.4
45.0 30.9
44.8 30.1
44.7 29.6
44.5 28.8
44.4 28.0
43.9 27.6
43.3 27.3
42.5 27.3
41.7 27.5
40.9 27.7
40.1 28.0
39.6 28.1
39.0 27.8
38.7 27.2
38.5 26.6
38.4 25.7
38.5 25.0
38.9 24.3
39.3 23.6
39.9 23.0
40.4 22.5
40.6 21.8
40.7 21.1
40.5 20.4
40.0 20.0
39.1 19.9
38.5 19.6
37.8 19.1
37.3 18.6
36.8 17.9
36.1 17.5
35.4 17.1
34.0 17.5
