46.0 4.0
44.9 4.6
43.8 4.0
42.7 3.5
41.4 3.3
40.1 3.4
38.9 3.8
37.6 4.2
36.3 4.5
35.0 4.6
33.7 4.7
32.5 5.0
31.2 5.3
30.0 5.3
29.0 5.7
28.5 6.7
28.4 7.9
28.5 9.1
28.3 10.4
27.9 11.6
27.3 12.7
26.4 13.7
25.5 14.5
24.7 15.4
23.7 15.9
22.6 16.3
21.8 17.2
21.3 18.2
21.3 19.4
21.5 20.6
22.0 21.8
22.5 23.0
22.9 24.2
23.2 25.4
23.1 26.6
22.9 27.8
22.5 29.1
22.3 30.1
23.4 30.6
24.6 30.4
25.7 30.0
26.8 29.3
28.0 29.0
29.2 28.9
30.4 28.4
31.5 27.8
32.5 27.0
33.6 26.3
34.6 25.4
35.4 24.4
36.3 23.4
37.2 22.5
38.2 21.7
39.2 21.2
40.4 21.0
41.4 20.5
42.2 19.6
42.9 18.5
43.5 17.4
44.6 17.4
