47.0 25.0
47.3 26.2
46.9 27.3
45.9 26.5
45.6 25.4
45.6 24.1
45.0 23.1
43.9 22.9
42.7 23.0
41.4 23.3
40.2 23.7
39.0 24.1
37.8 24.4
36.6 24.4
35.4 24.1
34.3 23.6
33.3 22.8
32.3 22.3
31.1 22.2
29.8 22.4
28.5 22.2
27.5 21.4
26.7 20.4
26.0 19.3
25.4 18.2
24.9 17.3
25.1 16.3
25.9 15.5
27.0 14.9
28.0 14.5
27.0 13.6
25.9 13.3
24.6 13.2
23.4 13.4
22.4 12.8
22.0 11.8
22.0 10.5
22.0 9.2
21.9 7.9
21.8 6.6
21.3 5.7
20.3 5.3
19.1 5.2
17.8 5.0
16.5 4.7
15.3 4.2
14.1 3.6
13.0 3.0
11.9 2.9
10.6 3.0
9.4 3.3
8.2 3.7
7.0 3.9
5.8 3.7
4.7 3.3
