5.0 35.0
6.0 35.5
6.4 36.9
6.8 38.1
7.3 39.3
8.3 40.0
9.3 39.7
10.4 39.1
11.6 38.6
12.6 38.2
13.0 37.2
13.0 36.0
13.3 34.9
14.3 33.8
14.9 32.9
15.4 31.7
15.5 30.6
15.1 29.6
14.3 28.6
13.4 27.6
12.6 26.7
11.7 25.8
10.6 25.1
9.5 24.4
8.4 23.9
7.3 23.3
6.4 22.6
5.9 21.5
5.3 20.4
4.5 19.3
4.2 18.2
4.3 17.0
4.6 15.8
5.2 14.6
5.7 13.5
5.9 12.3
6.2 11.2
7.0 10.4
8.0 9.7
9.2 9.2
10.5 8.8
11.7 8.4
12.8 7.8
13.9 7.1
15.0 6.3
15.9 5.4
16.9 4.5
17.8 3.6
18.6 2.9
19.6 3.1
20.7 3.5
22.0 3.7
23.3 3.7
24.4 4.0
