42.5 25.0
42.6 26.1
42.5 27.3
42.2 28.5
42.0 29.7
41.5 30.9
40.9 32.1
40.4 33.2
39.9 34.4
39.5 35.6
39.2 36.8
38.3 37.3
37.0 37.6
35.7 38.1
34.5 38.5
33.3 39.0
32.0 39.4
30.8 39.7
29.6 40.1
28.5 40.8
27.6 41.7
26.6 42.5
25.6 43.3
24.7 44.0
24.2 45.0
23.4 46.0
22.3 46.3
21.1 46.3
19.9 46.2
18.7 46.4
17.5 46.7
16.4 46.6
15.2 46.2
14.1 45.5
13.0 44.8
12.0 44.0
11.2 43.2
11.3 41.8
11.8 40.6
12.3 39.4
12.8 38.2
13.4 37.1
14.0 35.9
14.4 34.8
14.9 33.9
15.8 33.1
17.0 32.6
18.0 32.3
18.5 31.4
18.6 30.2
18.8 29.2
19.5 28.2
20.5 27.3
21.5 26.6
22.6 26.0
23.5 25.1
