46.0 17.5
47.1 17.5
46.1 17.3
45.2 16.7
44.0 16.4
42.8 15.9
41.8 15.2
41.1 14.3
40.8 13.2
41.0 11.9
41.6 10.9
41.2 9.7
40.4 8.7
39.4 7.9
38.5 7.0
37.5 6.2
36.5 5.6
35.4 5.4
34.1 5.4
32.9 5.1
31.8 4.6
30.7 4.2
29.4 4.2
28.2 4.2
26.9 4.1
25.7 3.7
24.4 3.3
23.4 3.0
22.2 3.4
21.2 3.9
20.1 3.8
19.0 4.0
17.9 4.6
16.7 5.1
15.5 5.4
14.2 5.6
12.9 5.7
11.6 5.8
10.3 5.8
9.3 6.1
8.4 6.9
7.5 7.8
6.6 8.8
5.8 9.8
5.2 10.8
5.4 11.9
6.3 12.5
7.5 12.8
8.7 12.9
9.6 13.5
9.7 14.5
8.6 15.2
7.5 15.2
6.8 16.1
6.9 17.3
7.2 18.4
8.3 19.2
9.5 19.4
10.5 19.8
10.3 20.9
9.7 22.0
8.9 23.0
8.0 24.0
7.0 24.9
6.4 25.7
6.2 26.9
6.4 28.1
6.1 29.3
5.5 30.3
4.9 31.4
4.4 32.5
4.3 33.8
4.4 35.1
4.7 36.3
5.0 37.6
5.1 38.8
5.4 39.9
6.1 40.8
7.1 41.6
8.3 42.1
9.6 42.5
10.7 42.6
11.9 42.3
12.9 41.7
13.9 40.9
14.8 40.0
15.5 39.0
16.0 37.8
16.5 36.6
17.2 35.4
17.9 34.3
