17.5 3.5
18.5 3.8
17.5 4.0
16.4 4.3
15.3 4.0
14.3 3.8
13.3 4.2
12.2 4.6
11.2 4.9
10.4 5.7
9.5 6.5
8.4 7.2
7.5 8.2
7.1 9.3
7.0 10.6
7.2 11.8
8.2 12.5
9.2 12.8
10.0 13.9
10.0 15.0
9.6 16.1
9.0 17.2
8.5 18.1
8.6 19.1
9.1 20.1
9.7 21.1
9.1 22.1
8.0 22.3
6.9 22.2
5.9 22.7
5.1 23.5
4.4 24.6
4.2 25.6
4.3 26.9
4.6 28.1
4.7 29.4
4.9 30.7
4.9 31.9
4.6 32.9
3.8 33.8
2.8 34.6
2.0 35.2
1.9 36.3
2.3 37.3
3.1 38.3
4.1 38.9
5.3 39.2
6.6 39.2
7.8 39.1
7.6 38.1
8.6 38.9
9.2 40.0
10.0 41.1
11.0 42.0
11.9 42.5
13.2 42.0
14.1 41.1
14.9 40.1
15.8 39.2
16.6 38.3
17.0 37.1
17.2 35.8
