15.0 17.0
16.1 17.2
17.4 16.7
18.5 16.0
19.6 15.4
20.7 14.7
21.7 13.8
22.6 13.0
23.6 12.5
24.8 12.2
26.0 12.2
27.3 12.3
28.4 12.2
29.4 12.8
30.1 13.8
30.8 14.6
31.8 15.2
33.0 15.7
34.0 16.4
34.9 17.3
35.5 18.3
35.9 19.6
36.0 20.9
36.1 22.0
37.0 22.9
38.1 23.7
39.2 24.5
40.1 25.4
40.9 26.3
41.6 27.4
42.6 28.2
43.7 27.9
44.7 27.3
45.7 27.7
46.0 28.8
46.0 30.1
45.8 31.3
45.8 32.4
46.4 33.3
45.9 34.3
44.9 34.8
44.1 35.8
43.8 37.0
43.7 38.2
43.9 39.3
44.6 40.2
45.6 40.9
45.8 42.1
45.3 43.3
44.5 44.2
