35.0 45.0
33.9 45.4
33.0 45.9
32.0 46.0
30.9 45.7
29.8 45.8
28.5 46.0
27.2 46.1
25.9 46.3
24.7 46.5
23.7 46.4
22.7 45.8
22.0 44.8
21.4 43.8
20.4 43.0
19.3 42.3
18.1 41.7
16.9 41.2
15.7 40.7
14.5 40.3
13.5 39.5
13.1 38.4
12.9 37.2
12.6 36.0
12.2 34.8
11.7 33.7
10.7 33.2
9.5 33.2
8.4 32.8
7.7 31.9
7.4 30.8
7.1 29.5
6.7 28.3
6.3 27.1
5.3 26.2
4.2 25.7
3.4 25.0
3.5 23.9
4.2 23.1
5.2 22.6
6.0 22.0
6.5 21.0
7.0 19.8
7.7 18.8
8.3 17.6
9.0 16.6
9.5 15.5
9.8 14.3
10.1 13.0
10.2 11.8
10.0 10.5
10.0 9.4
10.6 8.3
11.4 7.3
12.3 6.5
13.2 5.5
13.9 4.4
