15.0 4.0
14.2 5.0
13.5 5.8
12.5 6.4
11.7 7.4
11.4 8.5
11.8 9.6
12.5 10.6
13.4 11.5
14.3 12.3
15.1 13.3
15.8 14.4
16.2 15.6
16.6 16.9
16.8 18.2
16.8 19.5
16.6 20.6
16.0 21.6
15.0 22.5
14.2 23.4
13.6 24.6
12.8 25.6
12.0 26.5
11.0 27.3
10.3 28.3
9.5 29.2
8.5 30.1
7.4 30.8
6.3 31.5
5.6 32.4
5.3 33.5
4.9 34.5
4.1 35.2
2.9 35.7
2.0 36.3
1.6 37.4
1.5 38.6
1.7 39.9
2.2 41.1
2.8 42.2
3.5 43.3
4.2 44.4
5.0 45.4
5.7 46.3
5.9 47.4
7.1 47.6
8.2 46.9
9.3 46.1
10.0 45.3
10.3 44.1
10.4 42.9
10.6 41.7
11.1 40.5
11.8 39.4
12.6 38.4
13.4 37.4
