45.0 45.0
46.0 44.8
45.5 46.0
44.7 46.8
43.6 47.4
42.6 46.8
42.2 45.7
42.1 44.4
41.1 44.1
40.2 44.8
39.4 45.9
38.3 45.6
38.0 44.6
36.9 44.3
35.8 44.7
34.7 45.4
33.7 46.3
32.8 47.2
31.8 47.7
30.6 47.9
29.4 47.8
28.5 47.3
27.6 46.5
26.6 46.3
25.3 46.3
24.1 46.6
22.8 46.7
21.4 46.7
20.1 46.8
18.8 46.8
17.7 47.2
16.7 47.6
15.5 47.1
14.4 46.4
13.4 45.6
12.5 44.7
11.7 43.7
10.9 42.6
10.1 41.5
9.5 40.5
9.1 39.3
8.5 38.2
7.7 37.2
6.9 36.2
6.3 35.1
5.8 33.9
5.3 32.7
4.8 31.5
4.3 30.3
3.7 29.2
3.0 28.1
2.7 26.9
2.6 25.6
2.8 24.4
3.1 23.2
3.5 21.9
3.8 20.6
4.0 19.3
4.2 18.0
4.5 16.7
4.0 15.5
3.2 14.6
2.3 13.8
1.7 12.7
1.3 11.5
1.2 10.2
1.3 9.1
1.8 8.0
2.7 7.1
3.6 6.2
