45.0 5.0
45.9 5.7
46.1 6.8
46.0 8.0
45.6 9.0
44.7 9.7
45.5 10.5
44.3 10.9
43.0 11.0
41.7 11.2
40.6 11.5
39.7 12.3
39.0 13.4
38.7 14.6
38.5 15.9
38.4 17.1
37.9 18.2
37.1 19.1
36.4 19.9
36.2 21.1
36.2 22.4
36.4 23.7
36.7 25.0
36.9 26.2
36.7 27.5
36.3 28.7
35.8 30.0
35.6 31.2
35.3 32.3
34.5 33.3
33.5 33.9
32.4 34.4
31.1 34.7
29.9 35.1
28.6 35.4
27.3 35.7
26.1 35.9
25.2 36.7
25.1 37.7
25.2 38.8
24.8 39.9
24.2 41.0
23.7 42.1
23.3 43.3
22.6 44.3
21.7 45.1
20.7 45.9
19.7 46.4
18.5 46.0
17.8 45.1
17.4 44.0
16.3 43.2
15.1 43.3
14.1 43.4
