45.0 5.0
44.0 5.2
43.8 6.3
43.3 7.4
42.9 8.6
42.4 9.8
41.6 10.8
40.4 11.2
39.2 11.3
37.9 11.3
36.6 11.0
35.4 10.7
34.7 11.8
34.7 12.9
35.1 14.1
35.0 15.3
34.3 16.4
33.7 17.5
33.3 18.8
32.8 20.0
32.4 21.2
32.1 22.5
32.0 23.8
32.0 25.1
31.0 25.4
30.2 24.6
29.1 24.0
27.9 23.9
26.7 24.2
25.5 24.7
24.5 25.2
23.8 26.2
23.3 27.4
23.2 28.4
24.0 29.0
25.2 29.2
24.7 30.1
23.7 31.0
23.0 32.0
22.4 33.1
21.8 34.1
20.8 34.7
19.6 35.0
18.3 35.1
17.1 35.2
16.1 35.5
15.5 36.5
15.5 37.7
15.9 38.9
16.2 39.9
16.1 41.1
15.8 42.4
15.4 43.6
