41.5 30.0
42.2 29.2
42.2 27.9
41.5 27.0
41.2 26.0
41.2 24.8
41.4 23.5
41.8 22.2
42.1 21.0
42.1 19.8
41.7 18.8
40.8 18.0
39.6 17.5
38.4 17.1
37.1 16.7
35.9 16.5
34.8 15.9
33.8 15.1
33.0 14.3
31.9 13.8
30.7 13.6
29.4 13.5
28.2 13.6
27.2 14.3
26.7 15.4
26.6 16.5
25.6 17.2
24.5 17.1
23.5 17.0
22.3 17.6
21.6 18.6
20.9 19.4
19.6 19.9
18.4 19.9
17.2 20.2
16.2 20.9
15.0 21.4
13.8 21.6
13.0 22.4
12.8 23.5
12.8 24.7
12.5 25.9
12.0 27.0
11.7 28.1
12.2 29.1
13.1 30.0
13.6 31.1
13.5 32.3
13.1 33.4
12.4 34.5
11.5 35.4
10.6 36.3
9.7 37.2
8.7 38.2
8.2 39.1
6.9 39.0
6.8 40.2
