35.0 29.0
36.1 29.4
35.4 28.3
34.6 27.5
34.3 26.4
34.5 25.3
35.1 24.2
35.7 23.1
36.0 22.0
35.7 20.9
35.1 19.7
34.4 18.7
33.5 17.7
32.7 16.7
32.6 15.6
33.1 14.5
33.0 13.4
32.2 12.7
31.0 12.2
29.8 11.7
28.8 11.4
27.8 12.2
27.4 13.3
27.0 14.3
26.1 15.2
25.1 16.0
24.1 16.9
23.1 17.7
22.2 18.3
21.0 18.4
19.7 18.2
18.4 18.0
17.2 17.7
16.4 18.4
16.0 19.4
15.9 20.7
15.8 22.0
15.6 23.3
15.3 24.6
15.0 25.8
14.6 27.0
14.5 28.2
14.8 29.3
15.5 30.4
16.7 31.1
17.9 31.5
19.1 31.9
20.1 32.6
21.0 33.5
21.9 34.4
22.9 35.2
24.0 36.0
25.0 36.7
26.1 37.3
27.3 37.6
28.6 37.7
29.8 37.9
31.1 38.4
