37.5 12.5
38.4 11.6
38.6 10.5
38.4 9.3
37.9 8.1
37.3 7.0
36.6 5.9
35.9 5.0
34.9 4.6
33.7 4.2
32.6 3.6
31.4 2.9
30.5 2.4
30.0 3.3
29.9 4.5
29.6 5.7
29.0 6.8
28.4 7.9
27.6 8.9
26.5 9.5
25.4 9.9
24.1 10.2
22.9 10.6
21.9 11.1
20.9 11.9
19.8 12.6
18.6 13.2
17.4 13.7
16.6 14.5
16.0 15.5
15.1 16.1
14.0 15.9
13.4 15.0
13.0 13.9
13.0 12.6
12.7 11.6
12.0 10.6
10.9 10.2
9.8 10.5
8.7 11.2
7.7 12.0
6.8 12.9
5.7 13.2
4.5 13.3
3.3 13.6
2.3 13.9
1.5 15.1
1.2 16.3
1.3 17.5
2.3 18.3
3.5 18.5
4.5 18.8
5.5 19.6
6.3 20.5
7.0 21.6
7.4 22.6
7.3 23.7
6.8 24.8
6.0 25.8
5.9 26.8
6.6 27.7
7.6 28.3
8.8 28.8
9.6 29.7
10.0 30.8
10.5 32.0
11.1 33.1
11.9 34.1
12.8 35.1
13.8 35.9
14.9 36.6
16.1 37.1
17.1 36.7
18.1 36.0
19.0 35.1
19.8 34.1
20.5 33.0
21.2 31.9
21.9 30.8
22.7 29.8
23.6 28.9
24.6 28.1
25.6 27.4
26.7 26.7
27.9 26.2
28.9 26.1
29.9 26.6
30.8 27.5
31.5 28.5
31.6 29.6
31.1 30.5
30.2 31.3
29.9 32.6
30.2 33.7
30.8 34.9
31.5 35.9
32.7 36.4
33.9 36.4
35.1 36.1
36.2 36.0
37.1 36.6
37.7 37.7
38.1 38.9
38.7 39.9
39.4 40.9
38.8 41.9
37.7 42.4
36.4 42.7
35.2 43.1
34.0 43.4
32.8 43.4
31.7 42.9
30.6 42.3
29.4 42.0
28.1 41.9
26.8 42.0
25.7 42.3
