38.0 28.0
39.0 27.3
39.2 26.2
38.7 25.1
37.3 25.2
36.2 24.9
35.4 23.7
34.8 22.5
34.2 21.3
33.7 20.3
33.7 19.2
34.1 18.0
34.7 16.8
35.3 15.7
35.8 14.7
34.9 13.9
33.7 13.7
32.6 13.6
31.6 12.9
30.8 12.2
29.8 12.1
28.6 12.3
27.4 12.8
26.3 13.4
25.2 13.6
24.0 13.4
23.1 12.8
22.3 11.8
21.7 10.7
20.7 9.8
19.6 9.9
18.5 10.5
17.4 11.1
16.7 12.0
16.6 13.1
16.6 14.3
16.2 15.6
16.0 16.7
16.1 18.0
16.4 19.2
16.1 20.2
15.1 20.6
13.9 20.6
12.7 20.3
11.5 19.9
10.2 19.6
9.0 19.2
7.8 18.8
6.8 18.2
5.9 17.4
4.8 16.6
3.7 15.9
2.9 15.2
2.4 14.2
2.5 13.2
3.1 12.2
