43.0 21.0
42.4 20.2
41.4 19.6
40.2 19.3
39.0 19.5
37.9 19.9
36.7 20.4
35.4 20.9
34.3 21.4
33.4 22.5
32.7 23.3
31.6 23.9
30.4 24.3
29.6 25.0
29.6 26.4
29.7 27.4
28.7 28.5
27.6 29.0
26.6 30.1
26.1 31.2
25.7 32.4
25.1 33.2
23.7 33.2
22.5 33.5
21.4 34.0
20.3 34.7
19.3 35.4
18.1 35.9
16.9 36.3
15.6 36.5
14.6 36.6
14.3 35.6
14.5 34.4
15.1 33.4
15.8 32.2
16.0 31.1
15.3 30.0
14.4 29.2
13.8 28.1
13.4 27.0
13.4 25.7
13.6 24.4
13.8 23.3
14.5 22.4
15.4 21.5
16.1 20.5
16.7 19.5
17.6 18.6
18.7 18.0
19.6 17.3
20.1 16.3
19.9 15.3
19.2 14.2
18.4 13.1
17.5 12.2
16.5 11.3
15.5 10.6
14.4 9.9
13.2 9.4
12.1 8.9
11.1 8.4
10.5 7.6
10.3 6.4
10.2 5.1
10.4 3.9
9.5 3.1
8.3 2.9
7.1 3.1
6.0 3.6
5.1 4.5
4.3 5.5
3.8 6.6
3.3 7.8
2.8 9.0
2.1 10.0
2.0 11.0
2.6 11.9
3.6 12.6
4.4 13.5
4.8 14.7
5.1 15.9
5.5 17.1
6.1 18.3
6.8 19.4
