8.0 7.5
9.0 7.6
9.2 8.9
9.0 10.1
8.4 11.2
7.8 12.3
7.6 13.3
7.9 14.3
8.6 15.3
9.5 16.1
10.4 16.6
11.4 16.0
12.2 15.2
13.2 14.8
14.5 14.8
15.8 15.0
17.0 15.4
18.0 15.8
19.1 15.3
19.6 14.4
20.0 13.4
21.0 12.9
22.2 12.9
23.4 13.3
24.6 13.5
25.9 13.5
27.0 13.5
28.1 13.9
29.2 14.0
30.4 13.9
31.6 14.3
32.5 15.2
33.1 16.2
33.7 17.4
34.3 18.4
35.1 19.3
35.8 20.3
36.3 21.4
36.9 22.4
37.8 23.3
39.0 23.9
40.2 24.2
41.0 25.2
41.0 26.4
41.0 27.7
41.1 29.0
41.2 30.3
41.3 31.7
41.3 32.8
41.0 34.1
40.7 35.3
40.8 36.3
41.4 37.3
42.4 38.1
43.4 38.8
43.9 39.7
43.8 40.8
43.4 42.0
