8.0 7.5
8.6 6.6
9.7 6.8
10.7 7.3
11.9 7.3
13.1 6.9
14.2 6.2
15.3 5.5
16.3 4.7
17.4 3.9
18.2 3.3
19.5 3.4
20.5 3.9
21.5 4.1
22.6 3.8
23.7 3.2
24.6 2.4
25.8 2.1
27.0 2.1
28.2 2.3
29.4 2.9
30.4 3.6
31.3 4.5
31.8 5.5
31.5 6.6
30.8 7.5
30.5 8.5
31.1 9.3
32.1 10.0
33.3 10.5
34.3 10.9
35.3 11.7
36.4 12.6
37.4 13.4
38.5 14.3
39.5 15.1
40.3 16.0
41.0 17.2
41.2 18.2
41.3 19.5
41.4 20.8
41.7 21.8
42.4 22.7
43.1 23.6
42.6 24.9
41.7 25.7
40.9 26.4
40.6 27.4
40.6 28.6
41.0 29.8
41.6 30.9
42.3 32.0
43.0 33.1
43.5 34.1
43.6 35.3
43.6 36.6
43.5 37.8
43.9 38.9
44.1 39.9
43.2 40.9
