8.0 7.5
8.0 8.6
9.0 9.4
10.2 9.5
11.4 9.3
12.7 8.8
13.8 8.2
15.0 7.5
16.3 7.5
17.3 8.3
18.3 9.1
19.3 9.6
20.5 9.4
21.5 8.9
22.5 8.1
23.5 7.3
24.6 6.7
25.8 6.4
27.0 6.3
28.3 6.4
29.5 6.8
30.6 7.4
31.9 7.9
33.1 8.2
34.0 8.8
34.5 9.8
34.8 11.0
34.8 12.3
34.6 13.6
34.2 14.8
33.7 16.0
33.2 17.2
33.4 18.3
34.5 18.7
35.7 18.8
36.7 18.9
36.9 20.1
36.7 21.2
36.3 22.4
36.2 23.6
36.4 24.8
37.0 25.6
37.7 26.4
37.6 27.4
37.0 28.4
36.2 29.5
35.7 30.7
35.5 31.8
35.7 33.1
36.2 34.3
36.8 35.4
37.4 36.5
37.5 37.5
37.1 38.7
36.5 39.8
35.9 40.8
36.8 41.3
38.0 41.1
39.2 40.6
40.3 39.9
41.4 39.8
42.3 40.9
