42.5 42.0
41.4 41.7
41.6 40.6
41.1 39.6
40.1 39.1
38.9 39.1
38.0 38.5
37.6 37.4
37.0 36.4
36.0 35.5
34.7 35.1
33.5 35.2
32.2 35.6
31.0 35.9
29.7 36.1
28.5 36.2
27.3 35.9
26.3 36.0
25.3 36.6
24.3 37.4
23.3 37.9
22.0 38.1
20.7 38.1
19.6 37.8
18.7 37.1
17.8 36.1
17.0 35.1
16.3 34.0
15.6 32.9
14.8 31.9
14.0 30.9
13.5 29.8
13.3 28.6
13.3 27.3
13.3 25.9
13.5 24.7
13.9 23.4
14.4 22.4
14.4 21.2
14.1 20.0
13.6 18.8
13.0 17.6
12.6 16.4
12.5 15.1
12.5 13.8
12.4 12.6
13.4 11.8
14.5 11.8
15.8 12.1
17.0 12.5
18.1 13.1
19.3 13.6
20.3 13.9
21.3 12.8
22.1 12.2
23.2 11.8
24.5 11.6
25.8 11.7
27.0 11.8
28.1 11.8
28.0 10.5
27.3 9.7
26.2 9.1
