25.0 4.0
26.1 3.4
26.5 4.4
25.5 4.7
24.6 5.5
24.0 6.6
23.1 7.6
22.2 8.5
21.3 9.4
20.5 10.4
19.6 11.3
18.7 12.2
17.7 13.1
16.7 13.9
16.1 14.8
15.8 15.9
16.2 17.0
17.1 17.7
18.0 18.2
17.4 19.4
16.5 20.0
15.3 20.3
14.3 21.0
13.5 21.9
12.8 22.9
12.8 24.2
13.4 25.2
14.3 26.1
15.2 26.8
16.0 27.8
16.7 28.8
17.3 29.9
17.7 31.1
18.3 32.2
19.1 33.1
20.2 33.8
21.3 34.4
22.5 34.9
23.5 35.0
24.7 34.6
25.9 34.1
27.1 33.6
28.3 33.2
29.5 32.8
30.6 32.5
31.7 32.6
32.9 33.2
34.0 33.9
34.9 34.8
35.1 36.0
34.9 37.2
34.3 38.4
33.5 39.4
32.4 39.7
31.2 40.2
30.1 40.8
29.1 41.6
28.2 42.5
27.3 43.4
26.2 44.0
25.4 42.9
24.5 43.4
24.0 44.4
23.8 45.7
23.9 46.7
