25.0 25.0
24.0 24.5
23.3 25.4
22.4 26.1
21.5 27.0
20.9 28.2
20.6 29.2
20.8 30.4
21.4 31.5
22.1 32.6
22.8 33.6
23.5 34.7
24.2 35.8
25.0 36.7
25.9 37.3
26.8 36.6
27.3 35.5
27.6 34.2
27.8 32.9
27.9 31.8
28.4 32.7
28.9 33.7
29.6 34.6
30.6 35.4
31.7 35.9
32.9 36.4
34.2 36.8
35.5 36.7
36.5 36.1
37.4 35.2
38.1 34.2
39.1 33.4
40.2 32.8
41.4 32.4
42.6 31.9
43.5 31.0
44.3 30.1
45.3 29.4
46.5 28.9
47.6 28.7
48.0 27.6
47.8 26.6
46.9 25.9
45.9 25.5
45.4 24.5
45.4 23.4
45.9 22.2
46.6 21.1
47.4 20.1
48.2 19.2
48.3 18.2
47.8 17.2
47.0 16.2
46.1 15.3
45.4 14.4
45.0 13.2
44.9 11.9
45.0 10.6
45.2 9.4
46.2 9.6
46.8 8.6
47.0 7.5
46.2 6.6
45.1 5.8
