12.5 37.5
13.0 38.5
12.5 39.5
11.7 40.3
10.6 41.1
9.9 42.0
9.4 43.1
9.1 44.4
8.9 45.7
8.8 47.0
8.3 47.9
7.2 48.1
6.0 47.9
4.8 47.5
3.6 46.9
3.3 45.9
4.2 45.4
5.3 45.2
5.6 44.0
4.9 42.8
3.9 42.2
2.8 41.8
1.9 41.1
1.6 40.0
1.6 38.7
1.9 37.5
2.2 36.3
2.3 35.1
2.2 33.8
1.9 32.5
1.6 31.3
2.2 30.3
3.2 30.2
4.2 30.7
5.1 31.6
6.0 32.2
6.9 31.3
7.4 30.1
7.6 28.9
7.7 27.6
8.4 26.7
9.7 26.4
11.0 26.3
12.1 26.3
13.1 26.9
14.0 27.8
14.8 28.8
15.6 29.8
16.6 30.6
17.7 31.3
18.8 31.9
20.0 32.6
21.1 33.3
21.9 34.2
22.6 35.2
23.1 36.1
24.2 35.9
25.1 35.2
26.0 34.5
27.2 34.2
28.4 34.2
29.7 34.4
30.8 34.8
31.8 34.9
33.0 34.6
34.2 34.2
35.2 34.4
35.9 35.2
36.3 36.4
36.6 37.6
