12.5 37.5
13.5 37.7
13.2 38.9
12.4 39.7
11.3 40.3
10.5 41.1
10.0 42.2
9.8 43.4
9.6 44.6
9.0 45.7
8.4 46.8
7.5 47.3
6.7 46.5
6.8 45.3
6.0 44.3
5.0 43.8
4.0 43.5
3.3 42.6
2.8 41.5
2.4 40.3
2.0 39.1
2.1 37.9
2.9 36.8
3.9 36.1
4.8 35.5
5.2 34.3
5.1 33.2
5.5 32.2
6.5 31.6
7.4 30.8
8.2 29.8
8.9 28.7
9.5 27.6
10.3 26.6
11.3 25.7
12.3 25.0
13.5 24.4
14.6 23.9
15.8 23.3
17.0 22.9
18.2 23.3
18.9 24.3
19.5 25.2
20.6 25.8
21.9 26.1
23.2 26.3
24.5 26.3
25.6 26.5
26.7 27.1
27.6 28.0
28.4 29.0
28.8 30.0
28.8 31.2
29.2 32.3
30.2 32.9
31.4 33.1
32.6 33.1
33.6 33.6
34.6 34.4
35.6 35.2
36.7 35.9
