17.5 46.0
17.8 44.9
17.5 43.7
18.2 42.8
19.2 42.2
20.3 41.7
21.0 40.9
21.6 40.0
22.7 39.7
23.9 39.9
25.0 40.4
26.0 41.0
27.0 40.8
28.1 40.1
29.1 39.2
30.0 38.3
30.9 37.3
32.0 36.9
33.1 37.4
34.1 38.1
35.1 38.6
36.3 38.8
37.5 38.6
38.7 38.4
39.9 38.6
41.1 38.6
42.4 38.4
43.6 38.0
44.6 37.6
44.8 36.3
44.6 35.0
44.3 33.9
44.5 32.7
45.0 31.6
45.3 30.5
45.1 29.3
44.7 28.1
43.9 27.5
42.8 27.4
41.6 27.7
40.3 27.6
39.4 26.9
38.9 25.9
38.8 24.6
38.8 23.5
37.7 23.4
36.5 23.5
35.2 23.7
34.0 23.8
32.9 23.5
31.7 23.0
30.6 22.5
29.3 22.1
28.1 21.8
27.0 21.3
26.2 20.5
25.9 19.5
26.0 18.3
26.3 17.1
25.5 16.1
24.4 15.8
23.2 15.9
22.1 16.2
21.7 15.2
21.5 14.0
21.5 12.6
21.7 11.5
22.2 10.3
22.7 9.2
22.8 8.0
22.9 6.7
22.8 5.5
21.8 4.7
20.7 4.5
19.5 4.6
18.2 4.9
