47.0 46.0
47.4 44.9
46.7 43.7
45.7 42.8
44.6 42.0
43.8 41.1
43.6 39.9
43.7 38.6
43.9 37.4
44.0 36.2
44.5 35.1
44.8 34.1
44.7 33.1
44.4 31.9
44.5 30.6
44.4 29.5
43.9 28.5
43.0 27.6
41.9 27.1
40.6 27.7
39.5 28.2
38.2 28.3
36.9 28.2
35.9 27.8
35.1 27.0
34.5 26.2
33.3 26.7
32.5 27.6
31.3 28.4
30.1 28.7
28.8 28.7
27.6 28.7
26.6 29.1
26.2 30.4
26.3 31.6
26.6 32.9
26.5 33.9
26.0 34.9
25.1 35.8
24.1 36.6
23.1 37.3
22.4 38.3
21.8 39.4
20.8 40.3
19.6 40.5
18.3 40.6
17.0 40.7
15.7 40.7
14.4 40.8
13.0 40.9
11.7 41.1
10.4 41.3
9.3 41.3
8.2 40.8
7.2 40.0
6.1 40.3
5.6 41.3
4.8 41.9
3.7 42.1
2.5 42.0
1.8 43.0
1.8 44.2
2.1 45.4
2.6 46.4
