25.0 42.5
25.5 42.6
25.1 42.1
24.7 41.5
24.7 40.9
24.2 40.3
23.8 39.6
23.3 38.9
22.7 38.3
22.3 37.6
22.0 36.9
21.8 36.4
21.6 35.6
21.5 34.7
21.4 33.9
21.3 33.4
21.4 32.8
21.7 32.2
22.2 31.7
22.6 31.4
23.3 31.0
24.0 30.6
24.8 30.4
25.5 30.0
26.2 29.6
26.8 28.9
27.3 28.3
27.6 27.9
28.2 27.2
28.8 26.6
29.1 26.2
29.6 25.6
30.1 24.9
30.5 24.2
30.9 23.4
31.2 22.6
31.6 22.2
32.3 21.8
33.0 21.7
33.8 21.7
34.5 21.9
35.3 22.4
35.9 22.9
36.2 23.3
36.8 23.8
37.5 24.2
38.3 24.4
39.1 24.5
39.9 24.4
40.7 24.2
41.4 23.8
42.0 23.6
41.5 23.4
41.6 23.9
42.5 25.0
