4.0 46.0
4.9 45.2
4.6 44.0
3.7 43.3
2.5 42.8
2.0 41.6
2.2 40.3
2.3 39.0
2.5 37.7
2.7 36.4
3.1 35.3
3.9 34.3
4.7 33.3
5.3 32.2
5.9 31.0
6.3 29.8
6.9 28.9
7.9 28.2
9.0 27.6
10.2 26.9
11.2 26.1
12.1 25.1
12.9 24.1
13.0 22.9
12.3 22.0
12.4 21.0
13.3 20.4
14.5 20.0
15.8 19.8
16.9 19.7
17.7 19.0
18.3 18.0
18.7 16.9
19.6 17.7
20.1 19.0
19.9 20.1
19.5 21.3
19.4 22.3
19.7 23.3
20.7 23.4
21.9 23.6
23.0 24.3
23.8 25.2
24.8 26.0
25.8 26.6
26.7 27.4
27.5 28.4
28.2 29.5
29.0 30.5
29.8 31.6
30.5 32.6
31.5 33.2
32.6 33.8
33.7 34.5
34.8 35.2
35.4 36.3
