8.0 42.0
7.0 41.5
5.9 40.9
4.7 40.8
3.5 41.2
2.4 41.3
1.8 40.1
1.6 38.8
1.8 37.5
2.0 36.3
2.3 35.0
2.3 33.8
2.3 32.5
2.3 31.2
2.2 30.0
2.5 28.9
3.5 28.2
4.7 28.0
5.9 28.4
7.1 28.3
8.1 27.6
8.9 26.6
9.5 25.6
10.4 24.9
11.6 24.5
12.7 24.3
13.4 23.2
13.4 22.0
13.1 20.7
13.3 19.5
14.1 18.5
15.1 17.8
16.2 17.2
17.3 16.6
18.3 15.8
19.2 14.9
20.0 14.2
21.2 13.9
22.4 13.9
23.6 14.1
24.7 13.9
25.8 13.3
26.6 12.4
26.7 11.3
26.3 10.2
26.2 9.1
27.3 8.5
28.6 8.4
29.9 8.6
31.1 9.0
32.4 9.2
33.7 9.2
34.9 9.3
35.4 10.2
35.4 11.4
36.5 11.4
37.4 10.7
38.2 9.8
38.8 8.7
39.5 7.8
40.5 7.1
41.8 6.6
