8.0 42.0
9.0 42.3
10.1 42.1
11.0 41.1
11.7 40.0
12.4 38.9
12.8 37.8
12.8 36.6
12.5 35.4
11.9 34.4
10.6 34.5
9.5 34.5
8.7 33.8
8.3 32.7
8.3 31.5
8.7 30.4
9.0 29.4
8.7 28.2
8.1 27.1
7.6 26.0
7.4 24.7
7.3 23.4
7.5 22.3
8.0 21.2
8.8 20.1
9.7 19.2
10.3 18.3
10.6 17.1
10.6 15.8
11.1 14.6
12.0 13.9
13.1 13.2
14.2 12.4
15.2 11.6
16.2 10.8
17.3 10.2
18.6 9.9
19.9 9.6
21.1 9.5
22.4 9.6
23.5 9.6
24.7 9.3
25.8 9.3
25.2 8.4
26.3 8.0
27.5 7.7
28.6 7.1
29.6 6.9
30.8 7.0
32.1 7.5
33.2 8.1
34.4 8.7
35.5 9.5
36.6 10.1
37.9 10.2
38.9 9.6
40.0 9.0
41.0 8.3
