12.5 25.0
11.7 24.3
10.7 23.6
10.0 22.5
9.6 21.3
9.3 20.1
9.1 18.9
9.3 17.6
9.5 16.3
9.8 15.1
10.1 13.9
10.3 12.6
10.3 11.3
10.0 10.0
9.9 8.9
10.3 7.7
10.9 6.6
11.9 5.7
13.1 5.4
14.3 5.5
15.4 5.2
16.4 4.5
17.3 4.0
18.4 3.9
19.7 3.9
21.0 3.9
22.2 4.1
23.2 4.3
23.7 5.3
23.7 6.4
23.3 7.6
23.6 8.6
24.6 9.2
25.8 9.6
26.9 9.9
27.7 10.5
28.1 11.5
28.1 12.7
28.2 13.8
28.6 15.0
28.5 16.2
28.0 17.4
27.4 18.4
26.5 18.9
25.3 19.2
24.2 19.6
23.3 20.4
22.4 21.4
22.0 22.7
22.2 23.9
23.1 24.6
24.2 24.7
25.4 24.3
26.5 23.7
27.6 23.0
28.6 22.5
30.0 22.6
31.1 23.1
32.2 23.7
33.4 24.1
34.6 24.3
35.7 25.0
36.5 26.0
