20.0 40.0
20.4 41.2
19.2 41.5
18.2 41.8
17.5 42.6
17.2 43.7
16.3 44.4
15.3 44.2
14.3 43.4
13.4 42.5
12.6 41.5
11.7 40.6
10.6 39.9
9.8 39.2
9.2 38.1
8.8 36.8
8.6 35.6
8.4 34.3
8.2 33.0
8.1 32.0
8.9 31.4
10.0 31.3
11.2 31.5
12.3 31.8
12.9 31.0
13.1 29.9
13.7 29.0
14.8 28.3
16.0 27.8
17.3 27.5
18.6 27.4
19.9 27.3
21.2 27.3
22.3 27.0
23.5 26.4
24.5 25.7
25.4 24.7
26.2 23.7
26.9 22.6
27.7 21.7
28.8 21.2
30.0 21.1
30.8 22.2
31.1 23.3
31.1 24.6
31.6 25.5
32.5 26.0
33.8 26.3
35.0 26.8
36.2 27.4
37.2 28.1
38.2 28.9
39.3 29.7
40.3 30.6
41.3 31.5
42.1 32.4
41.8 33.6
41.0 34.5
40.2 35.3
40.3 36.3
41.0 37.2
42.0 37.8
42.6 38.6
42.0 39.5
40.8 40.0
