46.0 4.0
44.9 3.9
43.8 3.6
43.1 4.6
42.2 5.2
41.1 5.7
41.0 6.7
41.6 7.6
42.6 8.3
43.1 9.3
42.7 10.3
41.9 11.1
41.1 12.0
41.2 13.0
41.6 14.1
42.3 15.1
42.8 16.1
42.9 17.4
42.6 18.4
41.9 19.5
41.6 20.5
41.7 21.7
42.1 22.9
42.4 24.2
42.7 25.5
43.1 26.6
43.8 27.7
44.6 28.7
45.4 29.5
45.6 30.5
45.3 31.7
45.4 32.9
46.1 33.8
46.8 34.7
46.5 35.7
45.3 36.5
44.3 37.2
43.4 38.1
42.3 38.8
41.2 39.1
40.0 39.0
38.7 38.7
37.5 38.3
36.4 38.5
35.4 39.2
34.7 40.2
34.3 41.3
34.3 42.5
34.7 43.7
34.8 45.0
34.2 46.0
33.5 46.8
