46.0 4.0
46.6 3.0
45.3 3.2
44.3 3.8
43.4 4.3
42.3 4.2
41.3 3.8
40.2 3.1
39.0 2.5
37.9 2.2
36.7 2.2
35.4 2.5
34.2 2.9
33.1 3.5
32.1 4.3
31.1 5.0
29.9 5.6
28.7 5.9
27.4 6.1
27.1 7.2
27.6 8.2
27.7 9.2
26.9 9.9
25.8 10.6
24.8 11.3
23.7 12.0
22.7 12.8
21.9 13.5
21.7 14.5
21.8 15.6
22.3 16.7
22.7 17.9
22.7 19.1
22.6 20.4
22.4 21.7
22.1 23.0
21.9 24.3
22.0 25.7
22.7 26.6
23.7 27.4
24.8 28.1
25.4 29.1
24.8 30.0
23.8 30.7
23.1 31.7
22.9 33.0
22.8 34.3
22.7 35.6
22.9 36.9
23.3 37.9
24.2 38.9
25.1 39.8
26.0 40.7
27.2 41.3
28.3 41.1
29.5 40.7
30.5 40.3
31.4 41.1
31.8 42.3
32.2 43.6
32.5 44.9
