5.0 15.0
6.1 14.8
6.9 14.0
7.3 12.9
7.8 11.7
8.4 10.8
8.8 9.6
9.5 8.8
10.6 8.2
11.7 7.5
12.6 6.7
13.4 5.7
14.1 4.7
15.1 4.3
16.2 4.5
17.4 4.6
18.6 4.4
19.9 4.0
21.1 3.6
22.3 3.7
23.5 4.0
24.6 4.6
25.6 5.4
26.4 6.3
26.9 7.5
27.4 8.4
28.5 9.0
29.8 9.2
31.1 9.3
32.3 9.4
33.6 9.3
34.7 9.5
35.8 10.1
36.8 10.9
37.3 11.8
37.5 13.0
37.8 14.1
38.5 15.0
39.5 15.7
40.3 16.7
40.9 17.8
42.0 18.4
43.2 18.4
44.4 18.7
45.6 19.2
46.7 19.8
47.4 20.7
47.8 21.9
47.6 23.2
46.9 24.1
45.9 24.8
44.8 25.2
43.7 25.5
43.1 26.3
42.8 27.4
42.8 28.7
42.8 30.0
42.7 31.3
42.3 32.5
41.8 33.7
41.3 34.8
41.0 36.0
41.5 36.9
42.5 37.3
43.6 37.3
44.4 38.2
44.6 39.3
44.4 40.6
44.2 41.8
44.2 43.1
44.1 44.4
