15.0 13.0
16.0 12.8
16.7 13.6
16.9 14.8
16.7 16.1
16.3 17.3
15.6 18.4
14.9 19.5
14.5 20.6
14.8 21.6
15.1 22.8
15.0 24.0
14.7 25.2
14.7 26.4
14.9 27.7
15.5 28.9
15.8 30.1
16.0 31.4
16.0 32.6
16.4 33.6
16.7 34.6
16.7 35.9
16.7 37.2
16.6 38.6
16.6 39.8
17.6 40.3
18.7 40.0
19.8 39.3
20.7 38.4
21.8 37.7
22.9 37.1
24.1 36.5
25.2 36.0
26.3 35.9
27.5 36.1
28.7 35.8
29.5 34.9
30.2 33.8
31.1 32.9
32.1 32.2
32.9 31.2
33.6 30.1
34.1 28.9
34.5 27.7
35.1 26.4
35.7 25.3
36.5 24.4
37.4 23.5
38.4 22.8
39.6 22.2
40.8 21.8
42.0 21.5
43.1 21.0
44.2 20.4
44.9 19.4
44.3 18.1
44.0 16.8
44.4 15.7
44.9 14.6
