45.0 46.0
46.1 46.0
47.0 45.5
46.3 44.7
46.4 43.4
46.9 42.4
47.7 41.5
48.3 40.6
48.4 39.5
48.2 38.3
47.7 37.1
47.1 36.0
46.3 34.9
45.6 33.8
45.3 32.7
45.3 31.4
45.2 30.2
44.8 29.1
44.1 28.0
43.2 27.1
42.2 26.5
41.0 26.1
39.7 25.8
38.7 25.6
38.6 24.4
39.2 23.3
40.1 22.3
41.1 21.5
42.1 20.7
43.0 19.7
43.7 18.7
44.5 17.6
45.3 16.6
46.3 15.7
46.8 14.6
47.0 13.3
47.5 12.2
48.0 11.3
48.0 10.2
47.6 9.1
47.0 8.0
46.2 6.9
45.5 5.8
44.7 4.7
44.0 3.7
43.0 3.0
41.8 2.8
41.0 3.6
40.3 4.7
39.9 5.9
39.6 7.1
39.0 8.2
38.1 9.2
37.2 10.0
36.2 10.9
35.2 11.7
