25.0 4.0
25.9 4.7
26.0 5.7
25.5 6.7
24.7 7.5
23.7 8.2
22.9 8.8
22.5 10.0
22.6 11.3
22.4 12.6
21.7 13.6
21.1 14.7
20.6 15.9
20.2 17.0
19.5 18.0
18.7 18.8
19.3 19.8
20.3 20.1
21.5 20.0
22.7 19.6
23.8 19.3
24.9 18.7
26.1 18.8
27.1 19.3
28.1 20.2
28.7 21.1
28.4 22.1
27.8 23.1
26.8 24.0
25.8 24.8
24.7 25.5
23.8 26.3
22.6 26.4
21.6 26.2
20.7 26.8
20.4 27.9
20.3 29.2
20.2 30.5
20.1 31.8
20.2 33.0
21.2 33.6
22.3 33.9
23.2 34.7
23.8 35.8
24.4 36.9
25.2 37.9
26.2 38.7
27.2 39.4
28.2 39.5
29.3 39.1
30.3 38.3
31.2 37.4
32.2 36.7
33.1 35.8
33.7 34.7
33.9 33.7
33.5 32.6
33.4 31.4
33.7 30.4
34.5 29.7
35.6 29.3
36.9 29.0
38.2 28.9
39.5 28.9
40.5 29.1
41.4 29.8
42.3 30.8
43.3 31.6
44.4 32.3
45.5 32.9
46.4 33.5
46.9 34.4
47.1 35.6
47.4 36.9
47.9 38.1
48.2 39.3
48.1 40.6
47.9 41.8
47.3 42.8
46.3 43.7
45.3 44.5
44.3 45.3
43.4 46.3
42.2 46.8
40.9 46.6
39.6 46.4
38.4 46.5
37.1 46.7
36.1 47.0
35.3 47.8
34.3 47.2
