4.0 46.0
4.9 45.4
5.3 44.4
5.3 43.2
5.4 41.8
5.5 40.5
5.4 39.4
4.9 38.3
4.3 37.2
3.7 36.0
3.3 34.7
3.1 33.6
3.2 32.5
3.9 31.6
4.8 30.8
5.4 29.9
5.8 28.8
6.9 28.4
8.2 28.3
9.5 28.1
10.7 27.7
11.8 27.1
12.8 26.4
13.6 25.4
14.1 24.2
14.5 23.2
15.6 22.7
16.7 22.7
17.7 23.2
18.1 24.2
18.1 25.5
17.9 26.7
18.7 27.4
19.8 27.6
21.0 27.4
21.9 27.9
22.2 28.9
22.2 30.2
22.3 31.5
22.4 32.7
22.6 34.0
22.8 35.3
22.9 36.5
22.4 37.7
21.5 38.5
21.1 39.7
21.6 40.8
22.3 41.7
23.3 42.1
24.5 42.3
25.8 42.2
27.1 41.9
27.8 41.0
27.6 40.0
27.1 39.1
28.2 39.5
29.1 40.3
29.8 41.4
30.3 42.6
30.7 43.8
31.0 45.0
31.2 46.2
31.1 47.4
32.1 47.2
