45.0 35.0
44.6 36.0
43.6 36.7
43.3 38.0
42.9 39.0
42.1 40.0
41.2 40.9
40.2 41.7
39.2 42.6
38.3 43.5
37.3 44.1
36.1 44.4
34.9 44.6
33.7 44.9
32.5 45.4
31.3 45.9
30.1 46.1
28.9 46.3
27.6 46.3
26.4 46.2
25.1 46.2
23.8 46.5
22.8 46.4
21.9 45.3
21.1 44.2
20.3 43.3
19.3 42.4
18.5 41.6
18.4 40.3
18.9 39.2
19.6 38.2
19.8 37.2
19.3 36.2
18.4 35.3
17.4 34.6
16.3 34.0
15.4 33.3
14.6 32.3
13.9 31.3
13.8 30.2
14.0 29.0
14.0 27.8
14.1 26.6
14.0 25.4
13.8 24.1
13.6 22.8
13.4 21.5
13.1 20.3
13.7 19.4
14.7 18.5
15.5 17.5
16.5 16.8
17.6 16.2
18.5 15.3
19.2 14.3
20.0 13.4
21.0 12.6
21.8 11.8
22.2 10.7
22.3 9.4
22.8 8.4
23.7 7.5
24.7 6.7
25.9 6.1
26.6 5.1
26.2 4.0
