8.5 41.0
9.6 41.5
9.9 42.5
9.8 43.6
9.3 44.6
8.3 45.4
7.2 45.9
6.1 46.3
6.8 47.1
7.8 47.6
9.0 47.7
10.2 47.8
11.4 48.1
12.5 48.5
13.7 48.5
14.8 48.2
15.9 47.6
17.1 47.0
18.2 46.3
19.3 45.8
20.5 45.6
21.7 45.7
23.0 45.9
24.2 46.1
25.4 45.9
26.4 46.3
26.9 47.3
28.1 47.1
29.0 46.3
29.6 45.2
30.0 44.0
30.4 42.8
30.7 41.8
31.5 41.0
32.6 40.4
33.8 40.0
34.9 39.6
36.0 38.9
36.9 38.1
37.6 37.1
37.9 36.0
37.8 35.0
36.7 34.3
35.5 34.2
34.4 34.3
33.4 33.9
32.4 33.1
31.7 32.0
31.2 31.0
31.1 29.8
31.5 28.6
32.0 27.5
32.2 26.5
32.0 25.3
31.4 24.2
31.0 23.0
30.9 21.7
30.9 20.6
30.4 19.7
29.5 18.9
28.4 18.2
27.2 17.8
25.9 17.6
24.8 17.2
23.9 16.4
23.3 15.5
23.4 14.2
24.0 13.1
24.8 12.1
25.6 11.1
26.6 10.3
27.7 9.6
28.9 8.9
30.1 8.3
31.2 8.4
