42.5 7.5
41.5 8.0
42.3 8.7
42.6 9.8
42.5 11.0
42.0 12.1
41.3 13.2
40.2 13.6
39.1 13.3
38.1 12.6
37.1 11.7
36.1 11.0
35.0 10.3
33.9 9.7
32.7 9.3
31.5 9.3
30.2 9.5
29.0 9.3
28.1 8.5
27.4 7.7
26.4 7.3
25.2 7.4
24.0 7.8
22.8 8.2
21.5 8.7
20.3 9.1
19.0 9.5
18.1 10.2
17.4 11.2
17.2 12.2
17.5 13.4
18.0 14.6
18.7 15.7
19.4 16.8
19.9 17.7
19.5 18.8
18.7 19.6
18.5 20.8
19.2 21.8
19.6 22.8
19.3 23.9
18.6 24.9
17.8 25.9
17.3 27.0
17.5 28.1
18.1 29.3
18.7 30.5
18.9 31.7
18.8 32.9
18.5 34.1
17.5 34.9
16.4 35.1
15.3 35.3
14.3 35.9
13.5 36.7
13.4 37.7
14.0 38.8
14.9 39.6
15.9 40.3
17.1 40.8
18.4 41.1
19.7 41.3
21.0 41.4
22.1 41.9
23.1 42.7
24.3 43.0
