8.5 41.0
8.4 42.2
9.6 42.5
10.5 43.4
11.3 44.0
12.5 44.3
13.8 44.5
15.1 44.6
16.3 44.7
17.2 45.5
17.7 46.6
18.8 46.7
19.7 46.1
20.6 45.2
21.6 44.4
22.8 43.9
24.0 43.3
25.1 42.7
26.2 42.1
27.3 41.5
28.5 41.2
29.8 40.9
31.1 40.7
32.4 40.6
33.6 40.5
34.7 39.8
35.1 38.8
35.2 37.5
35.0 36.3
34.3 35.5
33.3 34.8
32.8 33.9
33.1 32.9
33.9 31.9
34.9 31.0
35.9 30.2
36.8 29.5
37.3 28.4
37.5 27.2
37.5 26.0
37.4 24.7
37.5 23.6
37.9 22.5
37.8 21.1
37.2 20.1
36.3 19.1
35.3 18.3
34.4 17.6
33.7 16.6
33.3 15.3
32.7 14.1
31.7 13.5
30.5 13.3
29.1 13.2
27.8 13.3
26.5 13.4
25.2 13.4
23.9 13.4
22.7 13.3
22.1 14.4
22.6 15.6
23.5 16.3
24.6 16.8
25.8 17.4
26.9 18.1
27.9 18.9
29.0 19.6
30.1 20.1
30.6 21.0
30.7 22.3
30.9 23.6
31.1 24.8
31.3 26.1
31.6 27.4
32.0 28.6
31.9 29.7
