20.0 10.0
20.1 9.0
19.7 7.9
19.0 7.0
18.0 6.3
17.0 6.7
16.4 7.6
16.0 8.7
15.5 9.6
14.3 9.8
13.2 9.4
11.9 9.1
10.6 9.1
9.3 9.2
8.8 10.2
9.3 11.2
8.5 11.8
7.3 11.7
6.1 11.8
4.9 12.3
3.7 12.8
2.6 13.3
2.8 14.5
3.2 15.6
3.3 16.9
3.2 18.2
3.1 19.5
2.9 20.7
3.1 21.8
3.6 22.9
4.1 24.1
4.6 25.1
5.6 25.8
6.3 26.7
6.8 27.9
7.1 29.1
7.3 30.4
7.6 31.5
8.3 32.6
9.2 33.4
9.8 34.3
9.6 35.4
9.9 36.5
10.7 37.4
11.7 38.3
12.6 39.1
13.3 40.2
13.8 41.3
14.3 42.3
15.4 42.9
16.6 42.9
17.9 42.7
19.1 42.2
20.3 42.0
21.6 41.9
22.9 41.7
24.1 41.4
25.4 41.1
26.6 40.7
27.8 40.2
29.1 39.9
