4.0 17.5
3.0 16.9
2.5 16.0
3.5 15.7
4.6 16.0
5.6 16.6
6.8 17.0
8.0 16.6
9.1 16.0
10.1 15.1
11.1 14.2
12.1 13.4
12.9 12.6
12.8 11.5
12.4 10.4
11.7 9.3
10.9 8.3
10.7 7.1
11.4 6.3
12.5 5.7
13.7 5.2
14.9 5.1
16.1 5.2
17.3 5.6
18.6 5.9
19.9 6.0
21.2 5.9
22.5 5.9
23.8 6.0
25.0 6.0
25.9 5.5
26.6 4.5
27.6 4.0
28.7 4.4
29.7 5.0
30.8 5.2
32.1 5.2
33.4 4.9
34.7 4.6
35.8 4.3
36.9 4.6
38.0 5.2
38.7 6.0
39.0 7.0
38.4 7.8
37.5 8.4
36.6 8.9
36.2 10.0
36.7 11.0
37.6 11.6
38.8 11.8
39.2 13.0
38.8 14.0
37.7 14.9
36.5 15.2
35.2 15.2
34.1 15.2
33.3 16.0
