35.0 5.0
36.2 5.0
36.2 3.8
35.7 2.9
36.7 2.6
37.7 3.5
38.7 4.1
39.9 4.4
41.1 4.8
42.3 5.2
43.4 5.8
43.6 7.0
43.3 8.2
43.3 9.3
43.7 10.4
44.0 11.4
43.8 12.5
43.1 13.5
42.4 14.5
41.9 15.6
41.6 16.9
41.3 17.9
40.0 17.8
39.1 17.1
37.9 16.8
36.6 16.7
35.4 16.8
34.1 16.5
32.9 16.1
31.7 15.6
30.6 15.1
29.6 15.0
28.8 16.1
28.2 17.1
27.1 17.8
25.9 17.9
24.7 17.9
23.7 18.3
22.8 19.1
21.8 19.6
20.5 19.7
19.5 20.2
19.2 21.3
18.2 22.0
17.0 21.9
15.8 21.4
14.6 20.8
13.5 20.1
12.7 19.2
12.1 18.1
11.6 16.8
11.3 15.6
11.2 14.4
11.4 13.1
11.8 11.9
12.4 10.7
12.6 9.6
12.1 8.5
11.3 7.5
10.3 6.7
9.2 6.0
8.1 5.6
6.8 5.2
