32.5 33.0
33.5 33.9
33.7 34.9
33.4 36.0
32.6 36.9
31.6 37.7
30.8 38.5
30.1 39.6
29.4 40.6
28.4 41.3
27.2 41.8
26.0 42.2
24.9 42.2
23.7 41.9
22.5 41.3
21.4 40.6
20.3 39.9
19.4 39.4
18.5 40.3
18.2 41.4
18.1 42.6
17.1 43.3
16.0 43.1
14.9 42.5
13.9 41.7
13.0 41.1
11.8 40.9
10.5 40.9
9.3 41.2
8.3 41.1
7.6 40.0
7.1 38.8
6.4 37.8
5.5 36.8
4.9 35.7
5.1 34.5
5.5 33.3
5.6 32.0
5.0 31.0
4.4 30.1
4.4 29.0
4.7 27.7
4.9 26.5
5.1 25.2
5.2 24.0
6.0 23.4
7.1 23.5
8.4 23.2
9.2 22.4
9.9 21.4
10.5 20.2
11.0 19.0
11.4 17.8
11.7 16.6
11.9 15.4
11.5 14.1
11.5 12.9
11.8 11.8
11.5 10.7
10.7 9.8
10.2 8.9
10.2 7.6
10.4 6.4
10.9 5.4
11.7 4.4
12.7 3.6
13.8 2.8
14.8 2.1
15.8 2.6
15.8 3.7
16.5 4.7
17.6 4.8
18.9 4.6
20.1 4.2
21.3 3.7
22.4 3.1
23.8 3.1
24.9 3.6
26.1 3.9
27.4 3.9
28.6 3.9
29.9 4.0
31.2 4.1
32.5 4.3
33.7 4.5
35.0 4.6
36.3 4.7
37.4 4.8
38.3 5.7
38.9 6.8
39.5 7.9
40.2 9.0
40.8 10.1
41.1 11.3
41.3 12.5
41.6 13.7
42.0 14.9
42.7 16.0
43.5 17.0
44.4 17.9
45.3 18.7
