5.0 25.0
6.2 24.9
7.2 25.4
7.2 26.5
7.0 27.8
6.8 29.1
6.7 30.4
7.0 31.5
7.9 32.1
9.1 32.3
10.4 32.4
11.7 32.3
12.6 32.9
12.2 34.1
12.0 35.3
12.5 36.2
13.3 36.9
14.4 37.5
15.0 38.7
15.0 39.8
14.9 40.9
15.3 42.0
16.0 43.0
16.9 43.9
17.7 44.7
19.0 44.9
20.1 44.6
21.3 44.1
22.5 43.6
23.7 43.4
25.0 43.3
26.3 43.3
27.6 43.4
29.0 43.5
30.3 43.5
31.5 43.3
32.7 42.8
33.8 42.2
35.1 41.8
36.4 41.6
37.6 41.5
38.3 40.4
38.1 39.3
37.6 38.1
38.4 37.2
39.5 37.3
40.7 37.7
41.9 38.1
43.2 38.4
44.1 39.3
44.2 40.3
44.1 41.7
44.1 43.0
44.1 44.3
