5.0 25.0
6.1 25.1
6.3 23.8
5.8 22.7
5.1 21.7
5.0 20.7
5.7 19.8
7.0 19.9
8.1 19.9
9.2 19.5
10.2 19.1
11.1 19.8
11.6 20.9
12.4 21.8
13.4 22.0
14.7 22.0
16.0 22.3
17.2 22.7
18.3 23.2
19.5 23.8
20.5 24.3
21.7 24.3
23.0 23.9
24.1 23.4
25.2 22.6
26.2 21.8
27.1 20.8
28.1 19.9
28.9 19.0
30.0 18.3
31.0 17.5
32.0 16.7
33.0 15.8
34.0 15.9
34.5 16.9
34.6 18.1
34.7 19.2
35.2 20.2
36.0 21.1
37.0 21.9
37.7 22.9
36.9 23.8
35.9 24.0
36.5 24.8
35.8 25.8
35.4 26.9
35.7 27.9
36.5 28.9
37.3 29.7
37.4 30.8
36.9 31.8
36.1 32.8
35.1 33.7
34.2 34.4
34.8 35.3
35.9 35.7
36.8 36.2
36.9 37.5
36.5 38.5
36.3 39.7
36.8 40.6
37.4 41.6
37.7 42.7
37.5 43.9
37.6 45.1
38.3 45.9
39.3 46.5
40.6 46.8
41.9 46.7
43.1 46.5
44.3 46.1
