3.5 3.5
4.5 3.4
5.3 2.7
6.4 2.2
7.5 2.0
8.9 1.9
10.2 2.0
11.5 2.0
12.7 2.2
14.0 2.7
15.2 3.2
16.4 3.8
17.6 4.4
18.6 5.1
19.8 5.8
20.9 6.3
22.2 6.8
23.0 7.4
23.1 8.5
22.8 9.7
22.4 10.9
22.2 12.1
22.4 13.3
23.5 14.1
24.6 14.3
25.6 15.1
25.9 16.2
26.0 17.4
26.7 18.5
27.6 19.4
28.4 20.2
28.6 21.5
29.2 22.4
30.6 22.3
31.9 22.1
33.2 22.1
34.5 22.3
35.7 22.7
36.9 23.2
38.1 23.6
39.3 23.3
40.4 22.8
41.4 22.4
42.5 22.5
43.6 23.0
44.7 23.7
45.5 24.4
45.2 25.6
44.7 26.7
44.7 27.9
44.9 29.1
45.2 30.4
45.5 31.7
45.5 33.1
45.5 34.4
45.4 35.7
45.3 37.1
45.2 38.3
44.6 39.3
43.8 40.3
42.8 41.1
41.9 41.9
41.1 42.6
40.1 42.5
39.2 41.8
38.4 40.8
37.9 39.8
37.0 39.2
35.8 39.0
34.9 38.3
34.5 37.3
34.5 36.1
34.6 34.9
