3.5 3.5
3.4 4.5
4.1 5.4
5.2 5.7
6.5 6.0
7.5 6.4
8.1 7.5
9.1 7.7
9.4 9.0
9.6 10.3
9.8 11.5
9.6 12.6
9.1 13.6
8.3 14.6
7.3 15.5
6.4 16.3
6.6 17.3
7.6 17.8
8.8 18.0
9.9 18.4
10.5 19.3
10.8 20.4
10.9 21.7
11.0 22.9
11.8 23.6
13.0 23.4
14.4 23.1
15.5 22.9
16.7 23.1
17.8 23.7
18.8 24.4
20.0 24.8
21.2 25.0
22.4 24.8
23.5 24.3
24.7 24.4
25.5 25.2
26.0 26.4
26.4 27.6
26.8 28.9
27.0 30.2
27.3 31.4
27.6 32.7
27.8 34.0
28.0 35.2
27.7 36.3
27.4 37.3
27.6 38.4
28.2 39.2
29.2 39.1
30.1 38.3
30.9 37.3
31.5 36.2
32.3 35.4
