4.0 4.0
2.9 4.6
2.0 5.1
2.6 5.9
2.8 7.0
2.6 8.3
2.1 9.5
1.7 10.7
1.5 12.0
1.3 13.3
1.5 14.3
2.2 15.1
3.3 15.8
4.0 16.7
4.2 17.8
4.9 18.9
6.2 19.2
7.4 19.1
8.6 19.3
9.8 19.7
10.9 20.3
12.0 20.9
12.9 21.8
13.6 22.8
14.2 24.1
14.6 25.3
15.0 26.6
15.5 27.6
16.1 28.6
16.7 29.5
17.1 30.6
17.2 31.8
17.2 33.1
17.3 34.4
17.5 35.7
17.8 37.0
17.8 38.2
18.0 39.3
18.8 40.4
19.9 40.9
21.2 41.3
22.2 41.2
23.2 40.7
24.0 39.8
25.1 39.3
26.2 39.6
27.2 39.9
28.2 39.6
29.2 39.0
30.3 38.3
31.4 37.9
32.4 37.6
33.5 36.9
34.4 36.1
35.2 35.1
35.2 34.0
34.3 33.2
33.5 32.2
33.4 31.2
34.2 30.4
35.1 29.4
36.0 28.4
36.8 27.3
37.5 26.2
37.8 25.0
37.4 24.0
36.7 23.0
36.2 21.9
35.7 20.7
34.9 19.8
33.9 19.1
33.0 18.2
32.8 17.1
33.1 15.9
33.4 14.8
33.2 13.8
32.5 12.8
31.5 11.9
30.4 11.1
29.3 10.4
28.2 9.8
27.7 8.8
27.7 7.6
27.8 6.4
27.5 5.4
26.7 4.4
25.7 3.6
