41.5 20.0
42.2 19.2
41.7 18.0
40.8 17.1
39.7 16.4
38.6 15.8
37.8 14.8
37.1 13.7
36.5 12.6
35.7 11.6
34.7 10.9
33.5 10.4
32.3 10.1
31.0 9.8
29.9 9.3
28.8 8.6
27.8 7.8
26.9 7.0
25.8 6.5
24.6 6.4
23.3 6.5
22.0 6.7
20.9 7.1
19.9 7.8
19.1 8.8
18.4 9.6
17.0 10.0
15.9 10.3
14.9 11.0
14.0 12.0
13.1 13.0
12.3 14.0
11.6 15.0
10.9 16.1
10.3 17.2
9.8 18.4
9.3 19.6
8.7 20.8
8.1 22.0
7.5 23.2
7.0 24.4
6.7 25.7
6.5 27.0
6.5 28.1
7.6 29.0
8.7 29.5
9.4 30.4
9.4 31.5
9.1 32.6
9.2 33.8
9.5 35.0
10.0 36.1
10.5 37.0
11.7 37.4
12.9 37.3
14.1 37.4
15.3 37.7
16.5 38.3
17.4 39.2
18.2 40.3
