3.5 3.5
4.7 3.3
5.7 3.0
6.9 3.2
7.6 4.1
8.1 5.3
8.4 6.5
8.4 7.8
8.3 9.0
7.9 10.3
7.5 11.5
7.7 12.5
8.2 13.4
8.1 14.5
7.7 15.7
7.1 16.8
7.0 17.9
7.4 19.0
8.2 19.9
9.1 20.8
9.9 21.7
10.9 22.2
12.1 22.5
13.3 22.6
14.6 22.6
15.8 22.8
17.0 23.2
18.2 23.7
19.0 24.3
19.4 25.4
19.2 26.6
19.7 27.5
20.7 27.9
21.9 28.2
22.6 29.4
23.2 30.6
23.9 31.6
24.8 32.4
26.0 32.8
27.0 33.6
27.4 34.7
27.6 35.9
27.7 37.2
27.7 38.3
28.5 39.4
29.6 40.1
30.8 40.7
31.9 41.3
33.1 42.0
33.6 42.9
33.3 44.0
32.5 44.9
32.3 46.0
