8.0 25.0
7.9 23.9
7.7 22.8
8.3 22.0
9.3 21.8
10.6 22.0
11.6 22.3
12.2 23.2
12.6 24.3
12.5 25.6
12.4 26.9
12.3 28.2
12.3 29.4
13.0 30.5
14.1 31.0
15.0 31.5
16.0 32.1
17.0 32.7
17.8 33.6
18.5 34.6
19.5 35.5
20.5 36.3
21.6 36.8
22.9 37.1
24.2 37.2
25.3 37.0
26.4 36.4
27.5 35.8
28.7 35.4
30.0 35.3
31.3 35.2
32.5 35.1
33.6 34.4
34.2 33.3
34.5 32.1
34.7 30.8
34.9 29.8
36.2 29.5
37.0 28.7
36.9 27.6
36.6 26.3
36.5 25.0
36.6 23.7
36.7 22.6
36.3 21.5
35.4 20.7
34.8 19.8
34.5 18.6
33.8 17.6
32.9 16.7
32.0 15.8
31.1 14.8
30.3 13.8
29.4 12.9
28.5 11.9
27.7 11.0
27.1 9.9
26.6 8.8
26.3 7.6
26.1 8.6
26.0 9.8
24.8 9.2
24.0 8.5
24.0 7.3
