34
16
21.14332 17.76383 21.12601 17.77308 20.45262 18.1767 20.4363 18.1876 19.80571 18.65527 19.79054 18.66773 19.20883 19.19496 19.19496 19.20883 18.66773 19.79054 18.96411 20.05917 19.48474 19.48474 20.05189 18.9707 20.66669 18.51474 21.32322 18.12123 22.02404 17.78976 21.85302 17.42817 

43
26.59007 33.04412 26.60932 33.04029 27.37087 32.84953 27.38966 32.84383 28.12885 32.57935 28.14698 32.57183 28.85668 32.23617 28.87399 32.22692 29.54738 31.8233 29.5637 31.8124 30.19429 31.34473 30.20946 31.33227 30.79117 30.80504 30.80504 30.79117 31.33227 30.20946 31.34473 30.19429 31.8124 29.5637 31.8233 29.54738 32.22692 28.87399 32.23617 28.85668 32.57183 28.14698 32.57935 28.12885 32.84383 27.38966 32.84953 27.37087 33.04029 26.60932 33.04412 26.59007 33.15931 25.81348 32.76364 25.75479 32.64989 26.52166 32.4639 27.26415 32.20604 27.98484 31.87877 28.67678 31.48526 29.33331 31.0293 29.94811 30.51526 30.51526 29.94811 31.0293 29.33331 31.48526 28.67678 31.87877 27.98484 32.20604 27.26415 32.4639 26.52166 32.64989 25.75479 32.76364 25.81348 33.15931 

19
32.23617 21.14332 32.22692 21.12601 31.8233 20.45262 31.8124 20.4363 31.34473 19.80571 31.33227 19.79054 30.80504 19.20883 30.79117 19.19496 30.20946 18.66773 30.19429 18.65527 29.5637 18.1876 29.32542 18.50888 29.94811 18.9707 30.51526 19.48474 31.0293 20.05189 31.48526 20.66669 31.87877 21.32322 32.21024 22.02404 32.57183 21.85302 

22
27.38966 17.15617 27.37087 17.15047 26.60932 16.95971 26.59007 16.95588 25.81348 16.84069 25.79395 16.83876 25.00981 16.80024 24.99019 16.80024 24.20605 16.83876 24.18652 16.84069 23.40993 16.95588 23.39068 16.95971 22.62913 17.15047 22.72632 17.53848 23.47834 17.35011 24.23549 17.2378 25.0 17.20024 25.76451 17.2378 26.52166 17.35011 27.26415 17.5361 27.99409 17.79727 28.12885 17.42065 

43
16.80024 24.99019 16.80024 25.00981 16.83876 25.79395 16.84069 25.81348 16.95588 26.59007 16.95971 26.60932 17.15047 27.37087 17.15617 27.38966 17.42065 28.12885 17.42817 28.14698 17.76383 28.85668 17.77308 28.87399 18.1767 29.54738 18.1876 29.5637 18.65527 30.19429 18.66773 30.20946 19.19496 30.79117 19.20883 30.80504 19.79054 31.33227 19.80571 31.34473 20.4363 31.8124 20.45262 31.8233 21.12601 32.22692 21.14332 32.23617 21.85302 32.57183 21.87115 32.57935 22.61034 32.84383 22.7451 32.46721 22.01516 32.20604 21.32322 31.87877 20.66669 31.48526 20.05189 31.0293 19.48474 30.51526 18.9707 29.94811 18.51474 29.33331 18.12123 28.67678 17.79396 27.98484 17.5361 27.26415 17.35011 26.52166 17.2378 25.76451 17.20024 25.0 17.23828 24.22568 16.83876 24.20605 

89
7.7 32.0 7.7 39.7 3.0 39.7 3.0 40.3 7.7 40.3 7.7 46.0 7.70144 46.02941 7.70576 46.05853 7.71292 46.08709 7.72284 46.11481 7.73542 46.14142 7.75056 46.16667 7.7681 46.19032 7.78787 46.21213 7.80968 46.2319 7.83333 46.24944 7.85858 46.26458 7.88519 46.27716 7.91291 46.28708 7.94147 46.29424 7.97059 46.29856 8.0 46.3 8.02941 46.29856 8.05853 46.29424 8.08709 46.28708 8.11481 46.27716 8.14142 46.26458 8.16667 46.24944 8.19032 46.2319 8.21213 46.21213 8.2319 46.19032 8.24944 46.16667 8.26458 46.14142 8.27716 46.11481 8.28708 46.08709 8.29424 46.05853 8.29856 46.02941 8.3 46.0 8.3 40.0 8.3 32.3 15.0 32.3 15.02941 32.29856 15.05853 32.29424 15.08709 32.28708 15.11481 32.27716 15.14142 32.26458 15.16667 32.24944 15.19032 32.2319 15.21213 32.21213 15.2319 32.19032 15.24944 32.16667 15.26458 32.14142 15.27716 32.11481 15.28708 32.08709 15.29424 32.05853 15.29856 32.02941 15.3 32.0 15.29856 31.97059 15.29424 31.94147 15.28708 31.91291 15.27716 31.88519 15.26458 31.85858 15.24944 31.83333 15.2319 31.80968 15.21213 31.78787 15.19032 31.7681 15.16667 31.75056 15.14142 31.73542 15.11481 31.72284 15.08709 31.71292 15.05853 31.70576 15.02941 31.70144 15.0 31.7 8.0 31.7 7.97059 31.70144 7.94147 31.70576 7.91291 31.71292 7.88519 31.72284 7.85858 31.73542 7.83333 31.75056 7.80968 31.7681 7.78787 31.78787 7.7681 31.80968 7.75056 31.83333 7.73542 31.85858 7.72284 31.88519 7.71292 31.91291 7.70576 31.94147 7.70144 31.97059 

89
34.7 32.0 34.70144 32.02941 34.70576 32.05853 34.71292 32.08709 34.72284 32.11481 34.73542 32.14142 34.75056 32.16667 34.7681 32.19032 34.78787 32.21213 34.80968 32.2319 34.83333 32.24944 34.85858 32.26458 34.88519 32.27716 34.91291 32.28708 34.94147 32.29424 34.97059 32.29856 35.0 32.3 41.7 32.3 41.7 40.0 41.7 46.0 41.70144 46.02941 41.70576 46.05853 41.71292 46.08709 41.72284 46.11481 41.73542 46.14142 41.75056 46.16667 41.7681 46.19032 41.78787 46.21213 41.80968 46.2319 41.83333 46.24944 41.85858 46.26458 41.88519 46.27716 41.91291 46.28708 41.94147 46.29424 41.97059 46.29856 42.0 46.3 42.02941 46.29856 42.05853 46.29424 42.08709 46.28708 42.11481 46.27716 42.14142 46.26458 42.16667 46.24944 42.19032 46.2319 42.21213 46.21213 42.2319 46.19032 42.24944 46.16667 42.26458 46.14142 42.27716 46.11481 42.28708 46.08709 42.29424 46.05853 42.29856 46.02941 42.3 46.0 42.3 40.3 47.0 40.3 47.0 39.7 42.3 39.7 42.3 32.0 42.29856 31.97059 42.29424 31.94147 42.28708 31.91291 42.27716 31.88519 42.26458 31.85858 42.24944 31.83333 42.2319 31.80968 42.21213 31.78787 42.19032 31.7681 42.16667 31.75056 42.14142 31.73542 42.11481 31.72284 42.08709 31.71292 42.05853 31.70576 42.02941 31.70144 42.0 31.7 35.0 31.7 34.97059 31.70144 34.94147 31.70576 34.91291 31.71292 34.88519 31.72284 34.85858 31.73542 34.83333 31.75056 34.80968 31.7681 34.78787 31.78787 34.7681 31.80968 34.75056 31.83333 34.73542 31.85858 34.72284 31.88519 34.71292 31.91291 34.70576 31.94147 34.70144 31.97059 

89
7.7 4.0 7.7 9.7 3.0 9.7 3.0 10.3 7.7 10.3 7.7 18.0 7.70144 18.02941 7.70576 18.05853 7.71292 18.08709 7.72284 18.11481 7.73542 18.14142 7.75056 18.16667 7.7681 18.19032 7.78787 18.21213 7.80968 18.2319 7.83333 18.24944 7.85858 18.26458 7.88519 18.27716 7.91291 18.28708 7.94147 18.29424 7.97059 18.29856 8.0 18.3 15.0 18.3 15.02941 18.29856 15.05853 18.29424 15.08709 18.28708 15.11481 18.27716 15.14142 18.26458 15.16667 18.24944 15.19032 18.2319 15.21213 18.21213 15.2319 18.19032 15.24944 18.16667 15.26458 18.14142 15.27716 18.11481 15.28708 18.08709 15.29424 18.05853 15.29856 18.02941 15.3 18.0 15.29856 17.97059 15.29424 17.94147 15.28708 17.91291 15.27716 17.88519 15.26458 17.85858 15.24944 17.83333 15.2319 17.80968 15.21213 17.78787 15.19032 17.7681 15.16667 17.75056 15.14142 17.73542 15.11481 17.72284 15.08709 17.71292 15.05853 17.70576 15.02941 17.70144 15.0 17.7 8.3 17.7 8.3 10.0 8.3 4.0 8.29856 3.97059 8.29424 3.94147 8.28708 3.91291 8.27716 3.88519 8.26458 3.85858 8.24944 3.83333 8.2319 3.80968 8.21213 3.78787 8.19032 3.7681 8.16667 3.75056 8.14142 3.73542 8.11481 3.72284 8.08709 3.71292 8.05853 3.70576 8.02941 3.70144 8.0 3.7 7.97059 3.70144 7.94147 3.70576 7.91291 3.71292 7.88519 3.72284 7.85858 3.73542 7.83333 3.75056 7.80968 3.7681 7.78787 3.78787 7.7681 3.80968 7.75056 3.83333 7.73542 3.85858 7.72284 3.88519 7.71292 3.91291 7.70576 3.94147 7.70144 3.97059 

89
34.7 18.0 34.70144 18.02941 34.70576 18.05853 34.71292 18.08709 34.72284 18.11481 34.73542 18.14142 34.75056 18.16667 34.7681 18.19032 34.78787 18.21213 34.80968 18.2319 34.83333 18.24944 34.85858 18.26458 34.88519 18.27716 34.91291 18.28708 34.94147 18.29424 34.97059 18.29856 35.0 18.3 42.0 18.3 42.02941 18.29856 42.05853 18.29424 42.08709 18.28708 42.11481 18.27716 42.14142 18.26458 42.16667 18.24944 42.19032 18.2319 42.21213 18.21213 42.2319 18.19032 42.24944 18.16667 42.26458 18.14142 42.27716 18.11481 42.28708 18.08709 42.29424 18.05853 42.29856 18.02941 42.3 18.0 42.3 10.3 47.0 10.3 47.0 9.7 42.3 9.7 42.3 4.0 42.29856 3.97059 42.29424 3.94147 42.28708 3.91291 42.27716 3.88519 42.26458 3.85858 42.24944 3.83333 42.2319 3.80968 42.21213 3.78787 42.19032 3.7681 42.16667 3.75056 42.14142 3.73542 42.11481 3.72284 42.08709 3.71292 42.05853 3.70576 42.02941 3.70144 42.0 3.7 41.97059 3.70144 41.94147 3.70576 41.91291 3.71292 41.88519 3.72284 41.85858 3.73542 41.83333 3.75056 41.80968 3.7681 41.78787 3.78787 41.7681 3.80968 41.75056 3.83333 41.73542 3.85858 41.72284 3.88519 41.71292 3.91291 41.70576 3.94147 41.70144 3.97059 41.7 4.0 41.7 10.0 41.7 17.7 35.0 17.7 34.97059 17.70144 34.94147 17.70576 34.91291 17.71292 34.88519 17.72284 34.85858 17.73542 34.83333 17.75056 34.80968 17.7681 34.78787 17.78787 34.7681 17.80968 34.75056 17.83333 34.73542 17.85858 34.72284 17.88519 34.71292 17.91291 34.70576 17.94147 34.70144 17.97059 

22
20.3 42.0 20.29856 41.97059 20.29424 41.94147 20.28708 41.91291 20.27716 41.88519 20.26458 41.85858 20.24944 41.83333 20.2319 41.80968 20.21213 41.78787 20.19032 41.7681 20.16667 41.75056 20.14142 41.73542 20.11481 41.72284 20.08709 41.71292 20.05853 41.70576 20.02941 41.70144 20.0 41.7 13.0 41.7 13.0 42.3 19.7 42.3 19.7 50 20.3 50 

22
30.3 42.3 37.0 42.3 37.0 41.7 30.0 41.7 29.97059 41.70144 29.94147 41.70576 29.91291 41.71292 29.88519 41.72284 29.85858 41.73542 29.83333 41.75056 29.80968 41.7681 29.78787 41.78787 29.7681 41.80968 29.75056 41.83333 29.73542 41.85858 29.72284 41.88519 29.71292 41.91291 29.70576 41.94147 29.70144 41.97059 29.7 42.0 29.7 50 30.3 50 

22
19.7 7.7 13.0 7.7 13.0 8.3 20.0 8.3 20.02941 8.29856 20.05853 8.29424 20.08709 8.28708 20.11481 8.27716 20.14142 8.26458 20.16667 8.24944 20.19032 8.2319 20.21213 8.21213 20.2319 8.19032 20.24944 8.16667 20.26458 8.14142 20.27716 8.11481 20.28708 8.08709 20.29424 8.05853 20.29856 8.02941 20.3 8.0 20.3 0 19.7 0 

22
29.7 8.0 29.70144 8.02941 29.70576 8.05853 29.71292 8.08709 29.72284 8.11481 29.73542 8.14142 29.75056 8.16667 29.7681 8.19032 29.78787 8.21213 29.80968 8.2319 29.83333 8.24944 29.85858 8.26458 29.88519 8.27716 29.91291 8.28708 29.94147 8.29424 29.97059 8.29856 30.0 8.3 37.0 8.3 37.0 7.7 30.3 7.7 30.3 0 29.7 0 

74
3.7 21.0 3.7 24.7 0 24.7 0 25.3 3.7 25.3 3.7 29.0 3.70144 29.02941 3.70576 29.05853 3.71292 29.08709 3.72284 29.11481 3.73542 29.14142 3.75056 29.16667 3.7681 29.19032 3.78787 29.21213 3.80968 29.2319 3.83333 29.24944 3.85858 29.26458 3.88519 29.27716 3.91291 29.28708 3.94147 29.29424 3.97059 29.29856 4.0 29.3 4.02941 29.29856 4.05853 29.29424 4.08709 29.28708 4.11481 29.27716 4.14142 29.26458 4.16667 29.24944 4.19032 29.2319 4.21213 29.21213 4.2319 29.19032 4.24944 29.16667 4.26458 29.14142 4.27716 29.11481 4.28708 29.08709 4.29424 29.05853 4.29856 29.02941 4.3 29.0 4.3 25.3 8.0 25.3 8.0 24.7 4.3 24.7 4.3 21.0 4.29856 20.97059 4.29424 20.94147 4.28708 20.91291 4.27716 20.88519 4.26458 20.85858 4.24944 20.83333 4.2319 20.80968 4.21213 20.78787 4.19032 20.7681 4.16667 20.75056 4.14142 20.73542 4.11481 20.72284 4.08709 20.71292 4.05853 20.70576 4.02941 20.70144 4.0 20.7 3.97059 20.70144 3.94147 20.70576 3.91291 20.71292 3.88519 20.72284 3.85858 20.73542 3.83333 20.75056 3.80968 20.7681 3.78787 20.78787 3.7681 20.80968 3.75056 20.83333 3.73542 20.85858 3.72284 20.88519 3.71292 20.91291 3.70576 20.94147 3.70144 20.97059 

74
45.7 21.0 45.7 24.7 42.0 24.7 42.0 25.3 45.7 25.3 45.7 29.0 45.70144 29.02941 45.70576 29.05853 45.71292 29.08709 45.72284 29.11481 45.73542 29.14142 45.75056 29.16667 45.7681 29.19032 45.78787 29.21213 45.80968 29.2319 45.83333 29.24944 45.85858 29.26458 45.88519 29.27716 45.91291 29.28708 45.94147 29.29424 45.97059 29.29856 46.0 29.3 46.02941 29.29856 46.05853 29.29424 46.08709 29.28708 46.11481 29.27716 46.14142 29.26458 46.16667 29.24944 46.19032 29.2319 46.21213 29.21213 46.2319 29.19032 46.24944 29.16667 46.26458 29.14142 46.27716 29.11481 46.28708 29.08709 46.29424 29.05853 46.29856 29.02941 46.3 29.0 46.3 25.3 50 25.3 50 24.7 46.3 24.7 46.3 21.0 46.29856 20.97059 46.29424 20.94147 46.28708 20.91291 46.27716 20.88519 46.26458 20.85858 46.24944 20.83333 46.2319 20.80968 46.21213 20.78787 46.19032 20.7681 46.16667 20.75056 46.14142 20.73542 46.11481 20.72284 46.08709 20.71292 46.05853 20.70576 46.02941 20.70144 46.0 20.7 45.97059 20.70144 45.94147 20.70576 45.91291 20.71292 45.88519 20.72284 45.85858 20.73542 45.83333 20.75056 45.80968 20.7681 45.78787 20.78787 45.7681 20.80968 45.75056 20.83333 45.73542 20.85858 45.72284 20.88519 45.71292 20.91291 45.70576 20.94147 45.70144 20.97059 

4
22.18565 23.12591 26.11632 23.86743 26.85785 19.93677 22.92718 19.19524 

4
27.37146 7.02055 23.83582 7.25452 24.06979 10.79016 27.60543 10.55619 

4
25.61472 25.57556 23.93806 28.5369 26.8994 30.21356 28.57606 27.25222 

3
32.18064 37.99188 35.35606 35.43859 32.69908 33.21795 

3
23.85553 41.97026 25.69965 38.60774 22.5902 37.6314 

3
36.05722 25.94682 39.11621 23.76337 36.78684 21.57812 

3
7.55171 21.26043 8.99318 24.56959 11.51056 22.81684 

3
43.70506 15.18332 46.17165 12.8473 43.81387 11.18114 

136
14.90548 30.292 14.97791 29.1922 16.07772 29.26463 16.09734 29.26496 16.11691 29.26336 16.13622 29.25985 16.15509 29.25447 16.17335 29.24726 16.19081 29.2383 16.20731 29.22767 16.22269 29.21547 16.23679 29.20183 16.2495 29.18687 16.26067 29.17073 16.27021 29.15358 16.27802 29.13557 16.28403 29.11689 16.28818 29.09771 16.29043 29.07821 16.29076 29.05858 16.28916 29.03902 16.28565 29.01971 16.28027 29.00084 16.27306 28.98258 16.2641 28.96512 16.25347 28.94862 16.24127 28.93324 16.22763 28.91914 16.21267 28.90643 16.19653 28.89526 16.17938 28.88572 16.16137 28.87791 16.14269 28.8719 16.12351 28.86775 16.10401 28.8655 15.0042 28.79306 15.07664 27.69326 15.07696 27.67363 15.07537 27.65407 15.07186 27.63476 15.06648 27.61589 15.05927 27.59763 15.05031 27.58017 15.03968 27.56367 15.02748 27.54829 15.01383 27.53418 14.99887 27.52148 14.98274 27.51031 14.96558 27.50077 14.94758 27.49295 14.92889 27.48694 14.90971 27.48279 14.89021 27.48055 14.87059 27.48022 14.85103 27.48182 14.83172 27.48532 14.81284 27.49071 14.79459 27.49791 14.77712 27.50688 14.76063 27.51751 14.74525 27.5297 14.73114 27.54335 14.71844 27.55831 14.70726 27.57445 14.69772 27.5916 14.68991 27.6096 14.6839 27.62829 14.67975 27.64747 14.6775 27.66697 14.60507 28.76677 13.50526 28.69434 13.48564 28.69401 13.46608 28.69561 13.44676 28.69912 13.42789 28.7045 13.40963 28.71171 13.39217 28.72067 13.37567 28.7313 13.3603 28.7435 13.34619 28.75714 13.33349 28.7721 13.32231 28.78824 13.31277 28.80539 13.30496 28.8234 13.29895 28.84208 13.2948 28.86127 13.29255 28.88076 13.29222 28.90039 13.29382 28.91995 13.29733 28.93926 13.30271 28.95814 13.30992 28.97639 13.31888 28.99385 13.32951 29.01035 13.34171 29.02573 13.35535 29.03984 13.37032 29.05254 13.38645 29.06371 13.4036 29.07325 13.42161 29.08107 13.44029 29.08708 13.45948 29.09123 13.47897 29.09348 14.57878 29.16591 14.50634 30.26572 14.50602 30.28534 14.50762 30.3049 14.51112 30.32421 14.51651 30.34309 14.52371 30.36134 14.53268 30.3788 14.54331 30.3953 14.5555 30.41068 14.56915 30.42479 14.58411 30.43749 14.60024 30.44867 14.6174 30.45821 14.6354 30.46602 14.65409 30.47203 14.67327 30.47618 14.69277 30.47843 14.71239 30.47875 14.73195 30.47716 14.75127 30.47365 14.77014 30.46827 14.7884 30.46106 14.80586 30.4521 14.82236 30.44147 14.83773 30.42927 14.85184 30.41562 14.86454 30.40066 14.87572 30.38453 14.88526 30.36737 14.89307 30.34937 14.89908 30.33068 14.90323 30.3115 

136
20.11867 9.56992 20.99658 10.19231 20.3742 11.07022 20.36365 11.08677 20.35477 11.10427 20.34765 11.12256 20.34235 11.14146 20.33894 11.16079 20.33743 11.18036 20.33785 11.19998 20.3402 11.21947 20.34444 11.23863 20.35054 11.25729 20.35843 11.27525 20.36805 11.29236 20.37931 11.30844 20.39208 11.32334 20.40625 11.33692 20.42169 11.34905 20.43824 11.3596 20.45574 11.36848 20.47403 11.3756 20.49293 11.38089 20.51226 11.38431 20.53183 11.38581 20.55145 11.38539 20.57094 11.38305 20.5901 11.37881 20.60876 11.37271 20.62672 11.36481 20.64383 11.35519 20.65991 11.34394 20.67481 11.33116 20.68839 11.31699 20.70052 11.30156 21.3229 10.42365 22.20081 11.04603 22.21736 11.05658 22.23486 11.06546 22.25315 11.07258 22.27205 11.07787 22.29138 11.08129 22.31095 11.08279 22.33057 11.08237 22.35006 11.08003 22.36922 11.07579 22.38788 11.06969 22.40584 11.06179 22.42295 11.05217 22.43903 11.04092 22.45393 11.02815 22.46751 11.01397 22.47964 10.99854 22.49019 10.98199 22.49907 10.96449 22.50619 10.9462 22.51148 10.9273 22.5149 10.90797 22.5164 10.8884 22.51598 10.86878 22.51364 10.84929 22.5094 10.83013 22.5033 10.81147 22.4954 10.7935 22.48578 10.7764 22.47453 10.76031 22.46175 10.74541 22.44758 10.73183 22.43215 10.71971 21.55424 10.09733 22.17662 9.21942 22.18717 9.20287 22.19605 9.18536 22.20317 9.16707 22.20846 9.14818 22.21188 9.12885 22.21338 9.10928 22.21296 9.08966 22.21062 9.07017 22.20638 9.05101 22.20028 9.03235 22.19238 9.01438 22.18276 8.99727 22.17151 8.98119 22.15874 8.96629 22.14456 8.95271 22.12913 8.94059 22.11258 8.93004 22.09508 8.92116 22.07679 8.91404 22.05789 8.90875 22.03856 8.90533 22.01899 8.90383 21.99937 8.90425 21.97988 8.90659 21.96072 8.91083 21.94206 8.91693 21.92409 8.92483 21.90699 8.93445 21.8909 8.9457 21.876 8.95847 21.86242 8.97264 21.8503 8.98808 21.22792 9.86599 20.35001 9.24361 20.33346 9.23306 20.31595 9.22418 20.29767 9.21706 20.27877 9.21176 20.25944 9.20835 20.23987 9.20684 20.22025 9.20726 20.20076 9.20961 20.1816 9.21385 20.16294 9.21995 20.14497 9.22784 20.12786 9.23746 20.11178 9.24872 20.09688 9.26149 20.0833 9.27566 20.07118 9.2911 20.06063 9.30765 20.05175 9.32515 20.04463 9.34344 20.03934 9.36234 20.03592 9.38167 20.03442 9.40124 20.03484 9.42086 20.03718 9.44035 20.04142 9.45951 20.04752 9.47817 20.05542 9.49613 20.06504 9.51324 20.07629 9.52932 20.08906 9.54422 20.10323 9.5578 

136
26.4221 45.87263 25.37334 45.93523 25.31075 44.88647 25.30862 44.86696 25.30459 44.84775 25.29869 44.82903 25.29099 44.81098 25.28156 44.79377 25.27048 44.77756 25.25787 44.76252 25.24385 44.74879 25.22855 44.7365 25.21211 44.72577 25.19471 44.7167 25.17649 44.70938 25.15765 44.70388 25.13836 44.70026 25.11881 44.69854 25.09919 44.69874 25.07968 44.70087 25.06047 44.70491 25.04175 44.7108 25.02369 44.7185 25.00648 44.72794 24.99028 44.73901 24.97524 44.75162 24.96151 44.76564 24.94922 44.78095 24.93848 44.79738 24.92941 44.81479 24.9221 44.833 24.9166 44.85184 24.91297 44.87113 24.91125 44.89068 24.91146 44.91031 24.97405 45.95906 23.9253 46.02166 23.90579 46.02378 23.88658 46.02782 23.86786 46.03371 23.8498 46.04141 23.83259 46.05085 23.81639 46.06192 23.80135 46.07453 23.78762 46.08856 23.77533 46.10386 23.7646 46.12029 23.75553 46.1377 23.74821 46.15591 23.74271 46.17475 23.73908 46.19404 23.73736 46.21359 23.73757 46.23322 23.7397 46.25273 23.74373 46.27194 23.74962 46.29066 23.75733 46.30871 23.76676 46.32592 23.77784 46.34212 23.79045 46.35716 23.80447 46.3709 23.81977 46.38319 23.83621 46.39392 23.85361 46.40299 23.87182 46.41031 23.89066 46.41581 23.90995 46.41943 23.9295 46.42115 23.94913 46.42095 24.99789 46.35835 25.06048 47.40711 25.06261 47.42662 25.06664 47.44582 25.07254 47.46455 25.08024 47.4826 25.08967 47.49981 25.10075 47.51601 25.11336 47.53105 25.12738 47.54479 25.14268 47.55708 25.15912 47.56781 25.17652 47.57688 25.19473 47.5842 25.21357 47.5897 25.23286 47.59332 25.25242 47.59504 25.27204 47.59483 25.29155 47.5927 25.31076 47.58867 25.32948 47.58278 25.34753 47.57508 25.36475 47.56564 25.38095 47.55457 25.39599 47.54196 25.40972 47.52793 25.42201 47.51263 25.43274 47.4962 25.44181 47.47879 25.44913 47.46058 25.45463 47.44174 25.45826 47.42245 25.45998 47.4029 25.45977 47.38327 25.39717 46.33452 26.44593 46.27192 26.46544 46.26979 26.48465 46.26576 26.50337 46.25987 26.52142 46.25217 26.53863 46.24273 26.55484 46.23166 26.56988 46.21905 26.58361 46.20502 26.5959 46.18972 26.60663 46.17329 26.6157 46.15588 26.62302 46.13767 26.62852 46.11883 26.63215 46.09954 26.63387 46.07999 26.63366 46.06036 26.63153 46.04085 26.6275 46.02164 26.6216 46.00292 26.6139 45.98487 26.60447 45.96766 26.59339 45.95145 26.58078 45.93641 26.56676 45.92268 26.55146 45.91039 26.53502 45.89966 26.51762 45.89059 26.49941 45.88327 26.48057 45.87777 26.46128 45.87414 26.44172 45.87243 

136
45.96346 32.45181 46.96132 32.21484 47.19829 33.2127 47.20376 33.23155 47.21104 33.24977 47.22008 33.2672 47.23079 33.28365 47.24305 33.29897 47.25676 33.31302 47.27178 33.32566 47.28796 33.33676 47.30515 33.34622 47.32319 33.35396 47.3419 33.35988 47.36111 33.36395 47.38061 33.36611 47.40024 33.36635 47.41979 33.36467 47.43909 33.36108 47.45794 33.35561 47.47616 33.34832 47.49359 33.33928 47.51004 33.32858 47.52536 33.31632 47.53941 33.30261 47.55205 33.28759 47.56315 33.27141 47.57261 33.25421 47.58035 33.23617 47.58627 33.21746 47.59034 33.19826 47.5925 33.17875 47.59274 33.15913 47.59106 33.13957 47.58747 33.12028 47.3505 32.12242 48.34836 31.88545 48.36721 31.87998 48.38543 31.8727 48.40285 31.86366 48.4193 31.85296 48.43463 31.84069 48.44867 31.82698 48.46131 31.81197 48.47242 31.79578 48.48188 31.77859 48.48961 31.76055 48.49554 31.74184 48.4996 31.72264 48.50177 31.70313 48.50201 31.6835 48.50033 31.66395 48.49673 31.64465 48.49127 31.6258 48.48398 31.60758 48.47494 31.59016 48.46424 31.5737 48.45197 31.55838 48.43827 31.54433 48.42325 31.5317 48.40706 31.52059 48.38987 31.51113 48.37183 31.5034 48.35312 31.49747 48.33392 31.4934 48.31441 31.49124 48.29478 31.491 48.27523 31.49268 48.25593 31.49627 47.25808 31.73324 47.02111 30.73539 47.01564 30.71654 47.00835 30.69831 46.99931 30.68089 46.98861 30.66444 46.97635 30.64911 46.96264 30.63507 46.94762 30.62243 46.93144 30.61133 46.91424 30.60186 46.8962 30.59413 46.87749 30.5882 46.85829 30.58414 46.83878 30.58197 46.81916 30.58173 46.7996 30.58342 46.78031 30.58701 46.76146 30.59247 46.74323 30.59976 46.72581 30.6088 46.70936 30.6195 46.69404 30.63177 46.67999 30.64548 46.66735 30.66049 46.65625 30.67668 46.64678 30.69387 46.63905 30.71191 46.63312 30.73062 46.62906 30.74982 46.6269 30.76933 46.62665 30.78896 46.62834 30.80851 46.63193 30.82781 46.8689 31.82566 45.87104 32.06263 45.85219 32.0681 45.83397 32.07539 45.81655 32.08443 45.80009 32.09513 45.78477 32.10739 45.77072 32.1211 45.75809 32.13612 45.74698 32.1523 45.73752 32.1695 45.72979 32.18754 45.72386 32.20625 45.71979 32.22545 45.71763 32.24496 45.71739 32.26458 45.71907 32.28414 45.72266 32.30343 45.72813 32.32228 45.73542 32.34051 45.74446 32.35793 45.75516 32.37438 45.76742 32.3897 45.78113 32.40375 45.79615 32.41639 45.81233 32.42749 45.82953 32.43696 45.84757 32.44469 45.86628 32.45062 45.88548 32.45468 45.90499 32.45685 45.92461 32.45709 45.94417 32.4554 

136
30.14669 14.84117 30.02704 13.84725 31.02096 13.72761 31.04031 13.72431 31.05924 13.71913 31.07758 13.71212 31.09513 13.70334 31.11175 13.69289 31.12725 13.68086 31.14151 13.66737 31.15437 13.65255 31.16572 13.63653 31.17544 13.61948 31.18345 13.60156 31.18966 13.58294 31.19402 13.56381 31.19648 13.54433 31.19702 13.52471 31.19563 13.50514 31.19233 13.48579 31.18715 13.46686 31.18014 13.44853 31.17137 13.43097 31.16091 13.41436 31.14888 13.39885 31.13539 13.38459 31.12057 13.37173 31.10455 13.36038 31.08751 13.35066 31.06959 13.34265 31.05097 13.33644 31.03183 13.33208 31.01236 13.32963 30.99274 13.32909 30.97316 13.33047 29.97924 13.45012 29.85959 12.4562 29.85629 12.43685 29.85111 12.41792 29.8441 12.39958 29.83533 12.38203 29.82488 12.36541 29.81285 12.34991 29.79936 12.33565 29.78453 12.32279 29.76852 12.31144 29.75147 12.30172 29.73355 12.29371 29.71493 12.2875 29.69579 12.28314 29.67632 12.28068 29.6567 12.28015 29.63712 12.28153 29.61778 12.28483 29.59884 12.29001 29.58051 12.29702 29.56296 12.30579 29.54634 12.31625 29.53083 12.32828 29.51658 12.34177 29.50372 12.35659 29.49237 12.37261 29.48265 12.38966 29.47464 12.40758 29.46843 12.42619 29.46407 12.44533 29.46161 12.4648 29.46107 12.48442 29.46246 12.504 29.5821 13.49792 28.58818 13.61757 28.56884 13.62087 28.5499 13.62605 28.53157 13.63306 28.51401 13.64183 28.4974 13.65228 28.48189 13.66431 28.46764 13.6778 28.45478 13.69263 28.44343 13.70864 28.4337 13.72569 28.4257 13.74361 28.41949 13.76223 28.41513 13.78137 28.41267 13.80084 28.41213 13.82046 28.41352 13.84004 28.41682 13.85938 28.422 13.87832 28.42901 13.89665 28.43778 13.91421 28.44823 13.93082 28.46026 13.94633 28.47376 13.96058 28.48858 13.97344 28.50459 13.98479 28.52164 13.99452 28.53956 14.00252 28.55818 14.00873 28.57732 14.01309 28.59679 14.01555 28.61641 14.01609 28.63599 14.0147 29.62991 13.89506 29.74955 14.88898 29.75285 14.90833 29.75803 14.92726 29.76504 14.94559 29.77382 14.96315 29.78427 14.97976 29.7963 14.99527 29.80979 15.00952 29.82462 15.02238 29.84063 15.03373 29.85768 15.04346 29.8756 15.05146 29.89422 15.05767 29.91335 15.06203 29.93283 15.06449 29.95245 15.06503 29.97202 15.06364 29.99137 15.06034 30.0103 15.05516 30.02864 15.04815 30.04619 15.03938 30.06281 15.02893 30.07831 15.0169 30.09257 15.00341 30.10543 14.98858 30.11678 14.97257 30.1265 14.95552 30.13451 14.9376 30.14072 14.91898 30.14508 14.89984 30.14754 14.88037 30.14807 14.86075 

66
3.32271 2.64842 3.33424 2.6643 3.34728 2.67897 3.36169 2.6923 3.37733 2.70415 3.39407 2.71441 3.41173 2.72297 3.43014 2.72977 3.44913 2.73473 3.46851 2.7378 3.48811 2.73896 3.50772 2.73819 3.52716 2.7355 3.54625 2.73093 3.56479 2.7245 3.58262 2.71628 3.59955 2.70636 3.61543 2.69483 3.6301 2.68179 3.64343 2.66738 3.65528 2.65173 3.66554 2.635 3.6741 2.61734 3.6809 2.59893 3.68586 2.57994 3.68893 2.56055 3.69009 2.54096 3.68932 2.52135 3.68664 2.50191 3.68206 2.48282 3.67563 2.46428 3.66741 2.44645 3.65749 2.42952 2.36916 0.45918 2.35763 0.4433 2.34459 0.42863 2.33018 0.4153 2.31453 0.40345 2.2978 0.3932 2.28014 0.38463 2.26173 0.37783 2.24274 0.37287 2.22335 0.3698 2.20376 0.36864 2.18415 0.36941 2.16471 0.3721 2.14562 0.37667 2.12708 0.3831 2.10925 0.39132 2.09232 0.40124 2.07644 0.41277 2.06176 0.42581 2.04844 0.44022 2.03659 0.45587 2.02633 0.4726 2.01776 0.49026 2.01097 0.50867 2.00601 0.52766 2.00294 0.54705 2.00178 0.56664 2.00255 0.58625 2.00523 0.60569 2.00981 0.62478 2.01624 0.64332 2.02445 0.66115 2.03438 0.67808 

66
33.60193 14.73503 33.61293 14.71877 33.62228 14.70151 33.62989 14.68342 33.6357 14.66467 33.63963 14.64545 33.64167 14.62592 33.64178 14.6063 33.63996 14.58675 33.63624 14.56748 33.63065 14.54867 33.62324 14.53049 33.61409 14.51313 33.60328 14.49675 33.59091 14.48151 33.57711 14.46755 33.56201 14.45502 33.54575 14.44402 33.5285 14.43467 33.51041 14.42706 33.49166 14.42126 33.47243 14.41732 33.45291 14.41528 33.43328 14.41517 33.41374 14.41699 33.39447 14.42071 33.37565 14.4263 33.35748 14.43371 33.34011 14.44286 33.32373 14.45367 33.30849 14.46604 33.29454 14.47984 33.282 14.49494 31.89726 16.34022 31.88626 16.35647 31.87691 16.37373 31.8693 16.39182 31.86349 16.41057 31.85956 16.4298 31.85752 16.44932 31.85741 16.46895 31.85922 16.48849 31.86295 16.50776 31.86854 16.52658 31.87595 16.54475 31.8851 16.56211 31.89591 16.57849 31.90828 16.59373 31.92208 16.60769 31.93718 16.62023 31.95344 16.63122 31.97069 16.64057 31.98878 16.64819 32.00753 16.65399 32.02676 16.65793 32.04628 16.65996 32.06591 16.66007 32.08545 16.65826 32.10472 16.65454 32.12354 16.64895 32.14171 16.64154 32.15907 16.63238 32.17545 16.62157 32.1907 16.60921 32.20465 16.59541 32.21719 16.5803 

66
7.4631 29.04861 7.44404 29.04393 7.42461 29.04114 7.405 29.04026 7.3854 29.04132 7.366 29.04428 7.34698 29.04914 7.32853 29.05584 7.31083 29.06431 7.29404 29.07448 7.27833 29.08624 7.26385 29.09949 7.25073 29.11409 7.23912 29.12991 7.2291 29.14679 7.22079 29.16457 7.21426 29.18308 7.20958 29.20214 7.20679 29.22157 7.20592 29.24118 7.20697 29.26078 7.20994 29.28018 7.2148 29.29919 7.22149 29.31764 7.22997 29.33535 7.24013 29.35214 7.2519 29.36785 7.26514 29.38233 7.27975 29.39544 7.29557 29.40706 7.31245 29.41707 7.33023 29.42539 7.34874 29.43191 9.4295 30.0527 9.44856 30.05739 9.46799 30.06018 9.48759 30.06105 9.50719 30.06 9.52659 30.05703 9.54561 30.05217 9.56406 30.04547 9.58176 30.037 9.59855 30.02683 9.61426 30.01507 9.62875 30.00182 9.64186 29.98722 9.65348 29.9714 9.66349 29.95452 9.6718 29.93674 9.67833 29.91823 9.68301 29.89917 9.6858 29.87974 9.68668 29.86013 9.68562 29.84054 9.68265 29.82113 9.6778 29.80212 9.6711 29.78367 9.66263 29.76596 9.65246 29.74918 9.6407 29.73347 9.62745 29.71898 9.61285 29.70587 9.59703 29.69425 9.58015 29.68424 9.56237 29.67593 9.54386 29.6694 

66
35.35004 39.77524 35.36612 39.7865 35.38322 39.79613 35.40119 39.80404 35.41984 39.81015 35.439 39.8144 35.45849 39.81675 35.47811 39.81718 35.49768 39.81568 35.51701 39.81228 35.53591 39.80699 35.5542 39.79988 35.57171 39.79101 35.58827 39.78047 35.60371 39.76835 35.61789 39.75478 35.63067 39.73989 35.64193 39.72381 35.65156 39.70671 35.65946 39.68875 35.66557 39.67009 35.66982 39.65093 35.67217 39.63145 35.67261 39.61182 35.67111 39.59225 35.6677 39.57292 35.66242 39.55402 35.65531 39.53573 35.64644 39.51822 35.6359 39.50167 35.62378 39.48622 35.61021 39.47204 35.59531 39.45926 33.9809 38.20612 33.96482 38.19486 33.94772 38.18523 33.92976 38.17732 33.9111 38.17122 33.89194 38.16697 33.87246 38.16461 33.85284 38.16418 33.83327 38.16568 33.81394 38.16908 33.79503 38.17437 33.77674 38.18148 33.75923 38.19035 33.74268 38.20089 33.72724 38.21301 33.71306 38.22658 33.70028 38.24147 33.68902 38.25755 33.67939 38.27465 33.67148 38.29262 33.66537 38.31127 33.66112 38.33043 33.65877 38.34992 33.65834 38.36954 33.65983 38.38911 33.66324 38.40844 33.66852 38.42734 33.67563 38.44563 33.68451 38.46314 33.69505 38.4797 33.70716 38.49514 33.72073 38.50932 33.73563 38.5221 

66
0.54928 2.86802 0.54413 2.84908 0.53715 2.83074 0.52841 2.81316 0.51799 2.79653 0.50599 2.78101 0.49252 2.76673 0.47772 2.75384 0.46172 2.74246 0.44469 2.73271 0.42678 2.72467 0.40818 2.71843 0.38905 2.71404 0.36958 2.71155 0.34996 2.71097 0.33038 2.71233 0.31103 2.71559 0.29209 2.72074 0.27374 2.72772 0.25617 2.73646 0.23954 2.74688 0.22401 2.75889 0.20973 2.77235 0.19684 2.78716 0.18547 2.80315 0.17571 2.82018 0.16768 2.83809 0.16143 2.8567 0.15704 2.87583 0.15455 2.89529 0.15398 2.91491 0.15533 2.93449 0.1586 2.95385 0.57974 4.8709 0.58488 4.88984 0.59186 4.90819 0.6006 4.92576 0.61103 4.94239 0.62303 4.95792 0.6365 4.9722 0.6513 4.98508 0.66729 4.99646 0.68433 5.00621 0.70223 5.01425 0.72084 5.02049 0.73997 5.02488 0.75944 5.02738 0.77906 5.02795 0.79864 5.0266 0.81799 5.02333 0.83693 5.01818 0.85528 5.01121 0.87285 5.00246 0.88948 4.99204 0.90501 4.98004 0.91928 4.96657 0.93217 4.95177 0.94355 4.93577 0.9533 4.91874 0.96134 4.90083 0.96758 4.88223 0.97197 4.8631 0.97447 4.84363 0.97504 4.82401 0.97369 4.80443 0.97042 4.78508 

66
10.17907 25.89865 10.18008 25.87905 10.17917 25.85945 10.17634 25.84003 10.17161 25.82098 10.16505 25.80248 10.1567 25.78472 10.14665 25.76786 10.135 25.75206 10.12185 25.73749 10.10734 25.72427 10.09161 25.71254 10.0748 25.70241 10.05707 25.69398 10.03861 25.68732 10.01958 25.6825 10.00017 25.67958 9.98057 25.67856 9.96097 25.67948 9.94155 25.68231 9.9225 25.68703 9.904 25.6936 9.88624 25.70195 9.86938 25.712 9.85358 25.72365 9.83901 25.7368 9.82579 25.75131 9.81406 25.76704 9.80393 25.78385 9.7955 25.80158 9.78884 25.82004 9.78402 25.83907 9.7811 25.85847 9.58788 27.77226 9.58687 27.79186 9.58778 27.81146 9.59062 27.83089 9.59534 27.84994 9.6019 27.86843 9.61025 27.88619 9.6203 27.90305 9.63196 27.91885 9.6451 27.93342 9.65961 27.94664 9.67535 27.95837 9.69216 27.9685 9.70988 27.97694 9.72834 27.98359 9.74737 27.98841 9.76678 27.99134 9.78638 27.99235 9.80598 27.99143 9.82541 27.9886 9.84446 27.98388 9.86295 27.97731 9.88071 27.96896 9.89757 27.95891 9.91337 27.94726 9.92794 27.93411 9.94116 27.9196 9.95289 27.90387 9.96302 27.88706 9.97146 27.86934 9.97811 27.85087 9.98293 27.83184 9.98586 27.81244 

