34
10
28.14698 17.42817 28.12885 17.42065 27.38966 17.15617 27.37087 17.15047 26.60932 16.95971 26.51213 17.34772 27.26415 17.5361 27.98484 17.79396 28.68566 18.12543 28.85668 17.76383 

10
24.20605 16.83876 24.18652 16.84069 23.40993 16.95588 23.39068 16.95971 22.62913 17.15047 22.72632 17.53848 23.47834 17.35011 24.23549 17.2378 25.00981 17.19976 24.99019 16.80024 

10
19.80571 18.65527 19.79054 18.66773 19.20883 19.19496 19.19496 19.20883 18.66773 19.79054 18.96411 20.05917 19.48474 19.48474 20.05189 18.9707 20.67458 18.50888 20.4363 18.1876 

13
16.95971 23.39068 16.95588 23.40993 16.84069 24.18652 16.83876 24.20605 16.80024 24.99019 16.80024 25.00981 16.83876 25.79395 17.23828 25.77432 17.20024 25.0 17.2378 24.23549 17.35011 23.47834 17.53848 22.72632 17.15047 22.62913 

25
18.65527 30.19429 18.66773 30.20946 19.19496 30.79117 19.20883 30.80504 19.79054 31.33227 19.80571 31.34473 20.4363 31.8124 20.45262 31.8233 21.12601 32.22692 21.14332 32.23617 21.85302 32.57183 21.87115 32.57935 22.61034 32.84383 22.62913 32.84953 23.39068 33.04029 23.48787 32.65228 22.73585 32.4639 22.01516 32.20604 21.32322 31.87877 20.66669 31.48526 20.05189 31.0293 19.48474 30.51526 18.9707 29.94811 18.50888 29.32542 18.1876 29.5637 

28
28.12885 32.57935 28.14698 32.57183 28.85668 32.23617 28.87399 32.22692 29.54738 31.8233 29.5637 31.8124 30.19429 31.34473 30.20946 31.33227 30.79117 30.80504 30.80504 30.79117 31.33227 30.20946 31.34473 30.19429 31.8124 29.5637 31.8233 29.54738 32.22692 28.87399 32.23617 28.85668 32.57183 28.14698 32.21024 27.97596 31.87877 28.67678 31.48526 29.33331 31.0293 29.94811 30.51526 30.51526 29.94811 31.0293 29.33331 31.48526 28.67678 31.87877 27.98484 32.20604 27.2549 32.46721 27.38966 32.84383 

34
33.15931 25.81348 33.16124 25.79395 33.19976 25.00981 33.19976 24.99019 33.16124 24.20605 33.15931 24.18652 33.04412 23.40993 33.04029 23.39068 32.84953 22.62913 32.84383 22.61034 32.57935 21.87115 32.57183 21.85302 32.23617 21.14332 32.22692 21.12601 31.8233 20.45262 31.8124 20.4363 31.34473 19.80571 31.33227 19.79054 30.80504 19.20883 30.79117 19.19496 30.20946 18.66773 29.94083 18.96411 30.51526 19.48474 31.0293 20.05189 31.48526 20.66669 31.87877 21.32322 32.20604 22.01516 32.4639 22.73585 32.64989 23.47834 32.7622 24.23549 32.79976 25.0 32.7622 25.76451 32.64845 26.53138 33.04412 26.59007 

89
7.7 32.0 7.7 39.7 3.0 39.7 3.0 40.3 7.7 40.3 7.7 46.0 7.70144 46.02941 7.70576 46.05853 7.71292 46.08709 7.72284 46.11481 7.73542 46.14142 7.75056 46.16667 7.7681 46.19032 7.78787 46.21213 7.80968 46.2319 7.83333 46.24944 7.85858 46.26458 7.88519 46.27716 7.91291 46.28708 7.94147 46.29424 7.97059 46.29856 8.0 46.3 8.02941 46.29856 8.05853 46.29424 8.08709 46.28708 8.11481 46.27716 8.14142 46.26458 8.16667 46.24944 8.19032 46.2319 8.21213 46.21213 8.2319 46.19032 8.24944 46.16667 8.26458 46.14142 8.27716 46.11481 8.28708 46.08709 8.29424 46.05853 8.29856 46.02941 8.3 46.0 8.3 40.0 8.3 32.3 15.0 32.3 15.02941 32.29856 15.05853 32.29424 15.08709 32.28708 15.11481 32.27716 15.14142 32.26458 15.16667 32.24944 15.19032 32.2319 15.21213 32.21213 15.2319 32.19032 15.24944 32.16667 15.26458 32.14142 15.27716 32.11481 15.28708 32.08709 15.29424 32.05853 15.29856 32.02941 15.3 32.0 15.29856 31.97059 15.29424 31.94147 15.28708 31.91291 15.27716 31.88519 15.26458 31.85858 15.24944 31.83333 15.2319 31.80968 15.21213 31.78787 15.19032 31.7681 15.16667 31.75056 15.14142 31.73542 15.11481 31.72284 15.08709 31.71292 15.05853 31.70576 15.02941 31.70144 15.0 31.7 8.0 31.7 7.97059 31.70144 7.94147 31.70576 7.91291 31.71292 7.88519 31.72284 7.85858 31.73542 7.83333 31.75056 7.80968 31.7681 7.78787 31.78787 7.7681 31.80968 7.75056 31.83333 7.73542 31.85858 7.72284 31.88519 7.71292 31.91291 7.70576 31.94147 7.70144 31.97059 

89
34.7 32.0 34.70144 32.02941 34.70576 32.05853 34.71292 32.08709 34.72284 32.11481 34.73542 32.14142 34.75056 32.16667 34.7681 32.19032 34.78787 32.21213 34.80968 32.2319 34.83333 32.24944 34.85858 32.26458 34.88519 32.27716 34.91291 32.28708 34.94147 32.29424 34.97059 32.29856 35.0 32.3 41.7 32.3 41.7 40.0 41.7 46.0 41.70144 46.02941 41.70576 46.05853 41.71292 46.08709 41.72284 46.11481 41.73542 46.14142 41.75056 46.16667 41.7681 46.19032 41.78787 46.21213 41.80968 46.2319 41.83333 46.24944 41.85858 46.26458 41.88519 46.27716 41.91291 46.28708 41.94147 46.29424 41.97059 46.29856 42.0 46.3 42.02941 46.29856 42.05853 46.29424 42.08709 46.28708 42.11481 46.27716 42.14142 46.26458 42.16667 46.24944 42.19032 46.2319 42.21213 46.21213 42.2319 46.19032 42.24944 46.16667 42.26458 46.14142 42.27716 46.11481 42.28708 46.08709 42.29424 46.05853 42.29856 46.02941 42.3 46.0 42.3 40.3 47.0 40.3 47.0 39.7 42.3 39.7 42.3 32.0 42.29856 31.97059 42.29424 31.94147 42.28708 31.91291 42.27716 31.88519 42.26458 31.85858 42.24944 31.83333 42.2319 31.80968 42.21213 31.78787 42.19032 31.7681 42.16667 31.75056 42.14142 31.73542 42.11481 31.72284 42.08709 31.71292 42.05853 31.70576 42.02941 31.70144 42.0 31.7 35.0 31.7 34.97059 31.70144 34.94147 31.70576 34.91291 31.71292 34.88519 31.72284 34.85858 31.73542 34.83333 31.75056 34.80968 31.7681 34.78787 31.78787 34.7681 31.80968 34.75056 31.83333 34.73542 31.85858 34.72284 31.88519 34.71292 31.91291 34.70576 31.94147 34.70144 31.97059 

89
7.7 4.0 7.7 9.7 3.0 9.7 3.0 10.3 7.7 10.3 7.7 18.0 7.70144 18.02941 7.70576 18.05853 7.71292 18.08709 7.72284 18.11481 7.73542 18.14142 7.75056 18.16667 7.7681 18.19032 7.78787 18.21213 7.80968 18.2319 7.83333 18.24944 7.85858 18.26458 7.88519 18.27716 7.91291 18.28708 7.94147 18.29424 7.97059 18.29856 8.0 18.3 15.0 18.3 15.02941 18.29856 15.05853 18.29424 15.08709 18.28708 15.11481 18.27716 15.14142 18.26458 15.16667 18.24944 15.19032 18.2319 15.21213 18.21213 15.2319 18.19032 15.24944 18.16667 15.26458 18.14142 15.27716 18.11481 15.28708 18.08709 15.29424 18.05853 15.29856 18.02941 15.3 18.0 15.29856 17.97059 15.29424 17.94147 15.28708 17.91291 15.27716 17.88519 15.26458 17.85858 15.24944 17.83333 15.2319 17.80968 15.21213 17.78787 15.19032 17.7681 15.16667 17.75056 15.14142 17.73542 15.11481 17.72284 15.08709 17.71292 15.05853 17.70576 15.02941 17.70144 15.0 17.7 8.3 17.7 8.3 10.0 8.3 4.0 8.29856 3.97059 8.29424 3.94147 8.28708 3.91291 8.27716 3.88519 8.26458 3.85858 8.24944 3.83333 8.2319 3.80968 8.21213 3.78787 8.19032 3.7681 8.16667 3.75056 8.14142 3.73542 8.11481 3.72284 8.08709 3.71292 8.05853 3.70576 8.02941 3.70144 8.0 3.7 7.97059 3.70144 7.94147 3.70576 7.91291 3.71292 7.88519 3.72284 7.85858 3.73542 7.83333 3.75056 7.80968 3.7681 7.78787 3.78787 7.7681 3.80968 7.75056 3.83333 7.73542 3.85858 7.72284 3.88519 7.71292 3.91291 7.70576 3.94147 7.70144 3.97059 

89
34.7 18.0 34.70144 18.02941 34.70576 18.05853 34.71292 18.08709 34.72284 18.11481 34.73542 18.14142 34.75056 18.16667 34.7681 18.19032 34.78787 18.21213 34.80968 18.2319 34.83333 18.24944 34.85858 18.26458 34.88519 18.27716 34.91291 18.28708 34.94147 18.29424 34.97059 18.29856 35.0 18.3 42.0 18.3 42.02941 18.29856 42.05853 18.29424 42.08709 18.28708 42.11481 18.27716 42.14142 18.26458 42.16667 18.24944 42.19032 18.2319 42.21213 18.21213 42.2319 18.19032 42.24944 18.16667 42.26458 18.14142 42.27716 18.11481 42.28708 18.08709 42.29424 18.05853 42.29856 18.02941 42.3 18.0 42.3 10.3 47.0 10.3 47.0 9.7 42.3 9.7 42.3 4.0 42.29856 3.97059 42.29424 3.94147 42.28708 3.91291 42.27716 3.88519 42.26458 3.85858 42.24944 3.83333 42.2319 3.80968 42.21213 3.78787 42.19032 3.7681 42.16667 3.75056 42.14142 3.73542 42.11481 3.72284 42.08709 3.71292 42.05853 3.70576 42.02941 3.70144 42.0 3.7 41.97059 3.70144 41.94147 3.70576 41.91291 3.71292 41.88519 3.72284 41.85858 3.73542 41.83333 3.75056 41.80968 3.7681 41.78787 3.78787 41.7681 3.80968 41.75056 3.83333 41.73542 3.85858 41.72284 3.88519 41.71292 3.91291 41.70576 3.94147 41.70144 3.97059 41.7 4.0 41.7 10.0 41.7 17.7 35.0 17.7 34.97059 17.70144 34.94147 17.70576 34.91291 17.71292 34.88519 17.72284 34.85858 17.73542 34.83333 17.75056 34.80968 17.7681 34.78787 17.78787 34.7681 17.80968 34.75056 17.83333 34.73542 17.85858 34.72284 17.88519 34.71292 17.91291 34.70576 17.94147 34.70144 17.97059 

22
20.3 42.0 20.29856 41.97059 20.29424 41.94147 20.28708 41.91291 20.27716 41.88519 20.26458 41.85858 20.24944 41.83333 20.2319 41.80968 20.21213 41.78787 20.19032 41.7681 20.16667 41.75056 20.14142 41.73542 20.11481 41.72284 20.08709 41.71292 20.05853 41.70576 20.02941 41.70144 20.0 41.7 13.0 41.7 13.0 42.3 19.7 42.3 19.7 50 20.3 50 

22
30.3 42.3 37.0 42.3 37.0 41.7 30.0 41.7 29.97059 41.70144 29.94147 41.70576 29.91291 41.71292 29.88519 41.72284 29.85858 41.73542 29.83333 41.75056 29.80968 41.7681 29.78787 41.78787 29.7681 41.80968 29.75056 41.83333 29.73542 41.85858 29.72284 41.88519 29.71292 41.91291 29.70576 41.94147 29.70144 41.97059 29.7 42.0 29.7 50 30.3 50 

22
19.7 7.7 13.0 7.7 13.0 8.3 20.0 8.3 20.02941 8.29856 20.05853 8.29424 20.08709 8.28708 20.11481 8.27716 20.14142 8.26458 20.16667 8.24944 20.19032 8.2319 20.21213 8.21213 20.2319 8.19032 20.24944 8.16667 20.26458 8.14142 20.27716 8.11481 20.28708 8.08709 20.29424 8.05853 20.29856 8.02941 20.3 8.0 20.3 0 19.7 0 

22
29.7 8.0 29.70144 8.02941 29.70576 8.05853 29.71292 8.08709 29.72284 8.11481 29.73542 8.14142 29.75056 8.16667 29.7681 8.19032 29.78787 8.21213 29.80968 8.2319 29.83333 8.24944 29.85858 8.26458 29.88519 8.27716 29.91291 8.28708 29.94147 8.29424 29.97059 8.29856 30.0 8.3 37.0 8.3 37.0 7.7 30.3 7.7 30.3 0 29.7 0 

74
3.7 21.0 3.7 24.7 0 24.7 0 25.3 3.7 25.3 3.7 29.0 3.70144 29.02941 3.70576 29.05853 3.71292 29.08709 3.72284 29.11481 3.73542 29.14142 3.75056 29.16667 3.7681 29.19032 3.78787 29.21213 3.80968 29.2319 3.83333 29.24944 3.85858 29.26458 3.88519 29.27716 3.91291 29.28708 3.94147 29.29424 3.97059 29.29856 4.0 29.3 4.02941 29.29856 4.05853 29.29424 4.08709 29.28708 4.11481 29.27716 4.14142 29.26458 4.16667 29.24944 4.19032 29.2319 4.21213 29.21213 4.2319 29.19032 4.24944 29.16667 4.26458 29.14142 4.27716 29.11481 4.28708 29.08709 4.29424 29.05853 4.29856 29.02941 4.3 29.0 4.3 25.3 8.0 25.3 8.0 24.7 4.3 24.7 4.3 21.0 4.29856 20.97059 4.29424 20.94147 4.28708 20.91291 4.27716 20.88519 4.26458 20.85858 4.24944 20.83333 4.2319 20.80968 4.21213 20.78787 4.19032 20.7681 4.16667 20.75056 4.14142 20.73542 4.11481 20.72284 4.08709 20.71292 4.05853 20.70576 4.02941 20.70144 4.0 20.7 3.97059 20.70144 3.94147 20.70576 3.91291 20.71292 3.88519 20.72284 3.85858 20.73542 3.83333 20.75056 3.80968 20.7681 3.78787 20.78787 3.7681 20.80968 3.75056 20.83333 3.73542 20.85858 3.72284 20.88519 3.71292 20.91291 3.70576 20.94147 3.70144 20.97059 

74
45.7 21.0 45.7 24.7 42.0 24.7 42.0 25.3 45.7 25.3 45.7 29.0 45.70144 29.02941 45.70576 29.05853 45.71292 29.08709 45.72284 29.11481 45.73542 29.14142 45.75056 29.16667 45.7681 29.19032 45.78787 29.21213 45.80968 29.2319 45.83333 29.24944 45.85858 29.26458 45.88519 29.27716 45.91291 29.28708 45.94147 29.29424 45.97059 29.29856 46.0 29.3 46.02941 29.29856 46.05853 29.29424 46.08709 29.28708 46.11481 29.27716 46.14142 29.26458 46.16667 29.24944 46.19032 29.2319 46.21213 29.21213 46.2319 29.19032 46.24944 29.16667 46.26458 29.14142 46.27716 29.11481 46.28708 29.08709 46.29424 29.05853 46.29856 29.02941 46.3 29.0 46.3 25.3 50 25.3 50 24.7 46.3 24.7 46.3 21.0 46.29856 20.97059 46.29424 20.94147 46.28708 20.91291 46.27716 20.88519 46.26458 20.85858 46.24944 20.83333 46.2319 20.80968 46.21213 20.78787 46.19032 20.7681 46.16667 20.75056 46.14142 20.73542 46.11481 20.72284 46.08709 20.71292 46.05853 20.70576 46.02941 20.70144 46.0 20.7 45.97059 20.70144 45.94147 20.70576 45.91291 20.71292 45.88519 20.72284 45.85858 20.73542 45.83333 20.75056 45.80968 20.7681 45.78787 20.78787 45.7681 20.80968 45.75056 20.83333 45.73542 20.85858 45.72284 20.88519 45.71292 20.91291 45.70576 20.94147 45.70144 20.97059 

4
20.2007 24.69153 22.94897 27.48677 25.74421 24.7385 22.99594 21.94325 

4
15.16303 44.34505 11.24591 44.49517 11.39603 48.41229 15.31316 48.26217 

4
26.36025 45.61541 24.96103 42.20156 21.54718 43.60078 22.9464 47.01463 

4
12.4528 22.22412 10.84077 25.46056 14.07721 27.07259 15.68924 23.83615 

3
21.97571 15.28981 18.87666 12.64434 17.18861 15.66779 

3
16.84065 31.76589 15.68462 35.58803 19.06241 35.91437 

3
36.85836 15.33726 33.40107 14.06733 32.91901 17.16005 

3
22.12649 5.69779 24.90864 3.28424 22.43366 1.36804 

3
26.64709 29.16432 23.1267 30.2471 24.61575 33.00029 

102
32.18975 35.28496 28.83174 35.90997 28.81265 35.91451 28.79409 35.92089 28.77624 35.92906 28.75928 35.93895 28.74338 35.95044 28.72867 35.96344 28.71531 35.97782 28.70343 35.99344 28.69313 36.01015 28.68452 36.02779 28.67768 36.04618 28.67268 36.06516 28.66956 36.08454 28.66835 36.10413 28.66907 36.12374 28.67171 36.14319 29.33332 39.69783 29.33786 39.71693 29.34424 39.73549 29.35241 39.75333 29.36229 39.77029 29.37379 39.7862 29.38679 39.8009 29.40117 39.81426 29.41679 39.82614 29.4335 39.83644 29.45114 39.84505 29.46953 39.85189 29.48851 39.85689 29.50789 39.86001 29.52748 39.86122 29.54709 39.8605 29.56654 39.85786 29.58564 39.85332 29.6042 39.84694 29.62204 39.83877 29.639 39.82888 29.65491 39.81739 29.66961 39.80439 29.68297 39.79001 29.69486 39.77439 29.70515 39.75768 29.71376 39.74004 29.7206 39.72165 29.72561 39.70267 29.72873 39.68329 29.72993 39.6637 29.72921 39.64409 29.72657 39.62464 29.10156 36.26662 32.45957 35.64161 32.47867 35.63708 32.49723 35.6307 32.51507 35.62252 32.53203 35.61264 32.54794 35.60114 32.56264 35.58814 32.576 35.57376 32.58789 35.55815 32.59818 35.54144 32.60679 35.5238 32.61363 35.5054 32.61864 35.48642 32.62175 35.46705 32.62296 35.44746 32.62224 35.42784 32.6196 35.40839 31.95799 31.85376 31.95346 31.83466 31.94707 31.8161 31.9389 31.79826 31.92902 31.7813 31.91752 31.76539 31.90452 31.75069 31.89014 31.73733 31.87452 31.72544 31.85781 31.71514 31.84018 31.70653 31.82178 31.6997 31.8028 31.69469 31.78342 31.69157 31.76383 31.69037 31.74422 31.69109 31.72477 31.69373 31.70567 31.69826 31.68711 31.70465 31.66927 31.71282 31.65231 31.7227 31.6364 31.7342 31.6217 31.7472 31.60834 31.76158 31.59646 31.7772 31.58616 31.79391 31.57755 31.81154 31.57071 31.82994 31.56571 31.84892 31.56259 31.8683 31.56138 31.88789 31.5621 31.9075 31.56474 31.92695 

102
25.70466 12.84061 28.24655 14.55911 28.26333 14.56929 28.28102 14.57778 28.29947 14.58449 28.31848 14.58936 28.33788 14.59235 28.35748 14.59342 28.37708 14.59256 28.39651 14.58979 28.41558 14.58512 28.43409 14.57861 28.45188 14.57032 28.46877 14.56032 28.4846 14.54871 28.49921 14.53561 28.51247 14.52114 28.52425 14.50544 30.35476 11.79787 30.36495 11.78109 30.37343 11.76339 30.38015 11.74495 30.38502 11.72593 30.388 11.70653 30.38907 11.68694 30.38822 11.66733 30.38544 11.6479 30.38078 11.62883 30.37427 11.61032 30.36597 11.59253 30.35597 11.57564 30.34437 11.55981 30.33126 11.5452 30.31679 11.53194 30.30109 11.52016 30.28431 11.50998 30.26662 11.50149 30.24817 11.49478 30.22916 11.48991 30.20976 11.48692 30.19016 11.48585 30.17056 11.48671 30.15113 11.48948 30.13206 11.49415 30.11355 11.50066 30.09576 11.50895 30.07887 11.51895 30.06304 11.53056 30.04843 11.54366 30.03517 11.55813 30.02339 11.57383 28.30489 14.11572 25.76301 12.39722 25.74623 12.38704 25.72853 12.37855 25.71009 12.37184 25.69107 12.36697 25.67168 12.36398 25.65208 12.36291 25.63247 12.36377 25.61304 12.36654 25.59397 12.37121 25.57546 12.37772 25.55767 12.38601 25.54078 12.39601 25.52495 12.40762 25.51034 12.42072 25.49708 12.43519 25.4853 12.45089 23.65479 15.15846 23.64461 15.17524 23.63612 15.19294 23.62941 15.21138 23.62453 15.2304 23.62155 15.24979 23.62048 15.26939 23.62134 15.289 23.62411 15.30843 23.62878 15.3275 23.63529 15.34601 23.64358 15.3638 23.65358 15.38069 23.66519 15.39652 23.67829 15.41113 23.69276 15.42439 23.70846 15.43617 23.72524 15.44635 23.74294 15.45484 23.76138 15.46155 23.78039 15.46642 23.79979 15.46941 23.81939 15.47048 23.839 15.46962 23.85843 15.46685 23.87749 15.46218 23.89601 15.45567 23.9138 15.44737 23.93069 15.43738 23.94651 15.42577 23.96113 15.41267 23.97439 15.3982 23.98616 15.3825 

136
37.85579 20.62482 38.21011 21.8444 36.99053 22.19871 36.97197 22.2051 36.95413 22.21329 36.93718 22.22318 36.92128 22.23468 36.90658 22.24769 36.89323 22.26208 36.88136 22.2777 36.87107 22.29442 36.86247 22.31206 36.85564 22.33046 36.85064 22.34944 36.84754 22.36882 36.84634 22.38841 36.84707 22.40803 36.84972 22.42747 36.85427 22.44657 36.86066 22.46512 36.86884 22.48296 36.87874 22.49992 36.89024 22.51582 36.90325 22.53051 36.91764 22.54387 36.93326 22.55574 36.94998 22.56603 36.96762 22.57463 36.98602 22.58146 37.005 22.58645 37.02438 22.58956 37.04397 22.59076 37.06358 22.59002 37.08303 22.58737 37.10213 22.58283 38.3217 22.22852 38.67601 23.44809 38.68241 23.46665 38.69059 23.48449 38.70048 23.50144 38.71199 23.51734 38.72499 23.53204 38.73938 23.54539 38.75501 23.55727 38.77172 23.56755 38.78936 23.57615 38.80776 23.58298 38.82675 23.58798 38.84612 23.59108 38.86572 23.59228 38.88533 23.59155 38.90478 23.5889 38.92387 23.58435 38.94243 23.57796 38.96027 23.56978 38.97722 23.55988 38.99312 23.54838 39.00782 23.53537 39.02117 23.52098 39.03305 23.50536 39.04333 23.48864 39.05193 23.471 39.05876 23.4526 39.06376 23.43362 39.06686 23.41424 39.06806 23.39465 39.06733 23.37504 39.06468 23.35559 39.06013 23.33649 38.70582 22.11692 39.92539 21.76261 39.94395 21.75621 39.96179 21.74803 39.97874 21.73814 39.99464 21.72663 40.00934 21.71363 40.02269 21.69924 40.03457 21.68361 40.04486 21.6669 40.05346 21.64926 40.06029 21.63086 40.06528 21.61188 40.06839 21.5925 40.06958 21.57291 40.06885 21.55329 40.0662 21.53384 40.06165 21.51475 40.05526 21.49619 40.04708 21.47835 40.03719 21.4614 40.02568 21.4455 40.01267 21.4308 39.99829 21.41745 39.98266 21.40558 39.96595 21.39529 39.9483 21.38669 39.9299 21.37986 39.91092 21.37486 39.89154 21.37176 39.87195 21.37056 39.85234 21.37129 39.83289 21.37394 39.8138 21.37849 38.59422 21.7328 38.23991 20.51323 38.23352 20.49467 38.22533 20.47683 38.21544 20.45988 38.20394 20.44398 38.19093 20.42928 38.17654 20.41593 38.16092 20.40405 38.1442 20.39376 38.12656 20.38516 38.10816 20.37833 38.08918 20.37334 38.0698 20.37023 38.05021 20.36904 38.03059 20.36977 38.01115 20.37242 37.99205 20.37697 37.9735 20.38336 37.95566 20.39154 37.9387 20.40143 37.9228 20.41294 37.90811 20.42595 37.89475 20.44033 37.88288 20.45596 37.87259 20.47267 37.86399 20.49032 37.85716 20.50872 37.85217 20.5277 37.84906 20.54708 37.84786 20.56667 37.8486 20.58628 37.85125 20.60573 

136
43.82766 34.61122 44.84377 34.75047 44.70452 35.76658 44.70281 35.78613 44.70303 35.80576 44.70517 35.82527 44.70921 35.84447 44.71512 35.86319 44.72283 35.88124 44.73227 35.89845 44.74336 35.91465 44.75597 35.92968 44.77001 35.9434 44.78531 35.95568 44.80175 35.96641 44.81916 35.97547 44.83738 35.98278 44.85622 35.98827 44.87551 35.99188 44.89507 35.99359 44.91469 35.99337 44.9342 35.99123 44.95341 35.98719 44.97213 35.98129 44.99018 35.97357 45.00738 35.96413 45.02358 35.95305 45.03861 35.94043 45.05234 35.9264 45.06462 35.91109 45.07534 35.89465 45.0844 35.87724 45.09171 35.85902 45.0972 35.84018 45.10082 35.82089 45.24006 34.80478 46.25618 34.94402 46.27573 34.94573 46.29536 34.94551 46.31487 34.94337 46.33407 34.93933 46.35279 34.93343 46.37084 34.92572 46.38804 34.91627 46.40424 34.90519 46.41928 34.89257 46.433 34.87854 46.44528 34.86323 46.456 34.84679 46.46506 34.82938 46.47237 34.81117 46.47786 34.79232 46.48148 34.77303 46.48319 34.75348 46.48297 34.73385 46.48083 34.71434 46.47679 34.69514 46.47088 34.67642 46.46317 34.65837 46.45373 34.64116 46.44264 34.62497 46.43003 34.60993 46.41599 34.59621 46.40069 34.58393 46.38425 34.5732 46.36684 34.56414 46.34862 34.55683 46.32978 34.55134 46.31049 34.54773 45.29437 34.40848 45.43362 33.39237 45.43533 33.37282 45.43511 33.35319 45.43297 33.33368 45.42893 33.31447 45.42302 33.29576 45.41531 33.27771 45.40587 33.2605 45.39479 33.2443 45.38217 33.22927 45.36814 33.21555 45.35283 33.20326 45.33639 33.19254 45.31898 33.18348 45.30076 33.17617 45.28192 33.17068 45.26263 33.16707 45.24307 33.16536 45.22345 33.16558 45.20394 33.16772 45.18473 33.17176 45.16601 33.17766 45.14797 33.18537 45.13076 33.19482 45.11456 33.2059 45.09953 33.21852 45.08581 33.23255 45.07352 33.24786 45.0628 33.2643 45.05374 33.28171 45.04643 33.29992 45.04094 33.31877 45.03733 33.33806 44.89808 34.35417 43.88196 34.21492 43.86241 34.21322 43.84279 34.21343 43.82328 34.21557 43.80407 34.21962 43.78535 34.22552 43.7673 34.23323 43.7501 34.24267 43.7339 34.25376 43.71887 34.26638 43.70514 34.28041 43.69286 34.29572 43.68214 34.31216 43.67308 34.32957 43.66577 34.34778 43.66028 34.36663 43.65666 34.38592 43.65496 34.40547 43.65517 34.4251 43.65731 34.44461 43.66135 34.46381 43.66726 34.48253 43.67497 34.50058 43.68441 34.51778 43.6955 34.53398 43.70812 34.54902 43.72215 34.56274 43.73746 34.57502 43.7539 34.58575 43.77131 34.59481 43.78952 34.60211 43.80837 34.6076 

84
36.23631 27.81406 33.43801 29.77273 33.4225 29.78476 33.40825 29.79826 33.39539 29.81308 33.38404 29.82909 33.37432 29.84614 33.36631 29.86406 33.3601 29.88268 33.35574 29.90182 33.35328 29.92129 33.35275 29.94091 33.35413 29.96049 33.35743 29.97984 33.36261 29.99877 33.36962 30.0171 33.3784 30.03466 33.38885 30.05127 33.40088 30.06678 33.41437 30.08103 33.4292 30.0939 33.44521 30.10524 33.46226 30.11497 33.48018 30.12297 33.4988 30.12918 33.51794 30.13354 33.53741 30.136 33.55703 30.13654 33.57661 30.13515 33.59595 30.13185 33.61488 30.12667 33.63322 30.11966 33.65077 30.11089 33.66739 30.10043 36.62954 28.02707 36.64504 28.01504 36.6593 28.00155 36.67216 27.98672 36.68351 27.97071 36.69323 27.95366 36.70124 27.93574 36.70745 27.91712 36.71181 27.89799 36.71426 27.87851 36.7148 27.85889 36.71342 27.83932 36.71012 27.81997 36.70494 27.80104 36.69793 27.7827 36.68915 27.76515 36.6787 27.74853 34.60534 24.78638 34.59331 24.77088 34.57982 24.75662 34.56499 24.74376 34.54898 24.73241 34.53193 24.72269 34.51401 24.71468 34.49539 24.70847 34.47625 24.70412 34.45678 24.70166 34.43716 24.70112 34.41758 24.70251 34.39823 24.7058 34.3793 24.71098 34.36097 24.718 34.34341 24.72677 34.3268 24.73722 34.31129 24.74925 34.29704 24.76274 34.28418 24.77757 34.27283 24.79358 34.2631 24.81063 34.2551 24.82855 34.24889 24.84717 34.24453 24.86631 34.24207 24.88578 34.24154 24.9054 34.24292 24.92498 34.24622 24.94433 34.2514 24.96326 34.25841 24.98159 34.26719 24.99915 34.27764 25.01576 

66
1.88664 34.68692 1.88375 34.70634 1.88277 34.72594 1.88372 34.74554 1.88659 34.76496 1.89135 34.784 1.89795 34.80249 1.90633 34.82023 1.91641 34.83708 1.92809 34.85285 1.94126 34.8674 1.95579 34.88059 1.97155 34.89229 1.98838 34.90239 2.00612 34.9108 2.02459 34.91742 2.04363 34.9222 2.06304 34.92509 2.08264 34.92607 2.10225 34.92512 2.12166 34.92225 2.1407 34.9175 2.15919 34.9109 2.17694 34.90252 2.19378 34.89244 2.20955 34.88076 2.2241 34.86758 2.23729 34.85305 2.24899 34.83729 2.2591 34.82047 2.2675 34.80273 2.27412 34.78425 2.2789 34.76522 2.8661 31.82324 2.86899 31.80383 2.86997 31.78423 2.86902 31.76463 2.86615 31.74521 2.8614 31.72617 2.8548 31.70768 2.84642 31.68993 2.83634 31.67309 2.82466 31.65732 2.81148 31.64277 2.79695 31.62958 2.78119 31.61788 2.76436 31.60778 2.74663 31.59937 2.72815 31.59275 2.70912 31.58797 2.6897 31.58507 2.6701 31.5841 2.6505 31.58505 2.63108 31.58792 2.61204 31.59267 2.59355 31.59927 2.57581 31.60765 2.55896 31.61773 2.54319 31.62941 2.52864 31.64258 2.51545 31.65712 2.50375 31.67288 2.49365 31.6897 2.48524 31.70744 2.47862 31.72592 2.47384 31.74495 

66
17.68385 39.48285 17.67531 39.50053 17.66856 39.51895 17.66364 39.53795 17.6606 39.55734 17.65948 39.57694 17.66029 39.59655 17.66302 39.61599 17.66764 39.63506 17.6741 39.65359 17.68235 39.6714 17.69231 39.68832 17.70388 39.70417 17.71694 39.71882 17.73138 39.73212 17.74705 39.74393 17.76381 39.75415 17.78148 39.76269 17.79991 39.76944 17.81891 39.77436 17.8383 39.7774 17.8579 39.77852 17.87751 39.77771 17.89694 39.77498 17.91602 39.77036 17.93455 39.7639 17.95236 39.75565 17.96927 39.74569 17.98513 39.73412 17.99978 39.72106 18.01307 39.70662 18.02489 39.69095 18.03511 39.67419 19.09502 37.72844 19.10355 37.71077 19.11031 37.69234 19.11523 37.67334 19.11826 37.65395 19.11938 37.63435 19.11857 37.61474 19.11585 37.5953 19.11123 37.57623 19.10476 37.5577 19.09651 37.53989 19.08655 37.52297 19.07499 37.50712 19.06192 37.49247 19.04748 37.47918 19.03181 37.46736 19.01506 37.45714 18.99738 37.4486 18.97896 37.44185 18.95995 37.43693 18.94056 37.43389 18.92097 37.43278 18.90136 37.43358 18.88192 37.43631 18.86284 37.44093 18.84431 37.44739 18.8265 37.45564 18.80959 37.4656 18.79373 37.47717 18.77909 37.49023 18.76579 37.50467 18.75398 37.52034 18.74375 37.5371 

66
39.88623 42.20295 39.88227 42.22217 39.88022 42.24169 39.88008 42.26132 39.88188 42.28086 39.88557 42.30014 39.89114 42.31896 39.89853 42.33714 39.90767 42.35452 39.91846 42.37091 39.93081 42.38616 39.94459 42.40014 39.95968 42.41269 39.97593 42.4237 39.99317 42.43307 40.01125 42.44071 40.03 42.44653 40.04922 42.45049 40.06874 42.45255 40.08837 42.45268 40.10791 42.45089 40.12719 42.44719 40.14601 42.44162 40.16419 42.43423 40.18156 42.4251 40.19795 42.4143 40.21321 42.40195 40.22718 42.38817 40.23974 42.37308 40.25075 42.35684 40.26012 42.33959 40.26775 42.32151 40.27358 42.30277 40.81543 40.20007 40.81939 40.18084 40.82145 40.16133 40.82158 40.1417 40.81979 40.12215 40.81609 40.10288 40.81052 40.08406 40.80313 40.06587 40.794 40.0485 40.7832 40.03211 40.77085 40.01685 40.75707 40.00288 40.74198 39.99033 40.72574 39.97931 40.70849 39.96994 40.69041 39.96231 40.67167 39.95649 40.65244 39.95253 40.63292 39.95047 40.6133 39.95034 40.59375 39.95213 40.57448 39.95583 40.55566 39.9614 40.53747 39.96879 40.5201 39.97792 40.50371 39.98872 40.48845 40.00106 40.47448 40.01485 40.46193 40.02993 40.45091 40.04618 40.44154 40.06343 40.43391 40.08151 40.42809 40.10025 

