41
10
32.84383 27.38966 32.84953 27.37087 33.04029 26.60932 33.04412 26.59007 33.15931 25.81348 32.76364 25.75479 32.64989 26.52166 32.4639 27.26415 32.20273 27.99409 32.57935 28.12885 

28
22.61034 32.84383 22.62913 32.84953 23.39068 33.04029 23.40993 33.04412 24.18652 33.15931 24.20605 33.16124 24.99019 33.19976 25.00981 33.19976 25.79395 33.16124 25.81348 33.15931 26.59007 33.04412 26.60932 33.04029 27.37087 32.84953 27.38966 32.84383 28.12885 32.57935 28.14698 32.57183 28.85668 32.23617 28.68566 31.87457 27.98484 32.20604 27.26415 32.4639 26.52166 32.64989 25.76451 32.7622 25.0 32.79976 24.23549 32.7622 23.47834 32.64989 22.73585 32.4639 22.00591 32.20273 21.87115 32.57935 

46
33.04412 23.40993 33.04029 23.39068 32.84953 22.62913 32.84383 22.61034 32.57935 21.87115 32.57183 21.85302 32.23617 21.14332 32.22692 21.12601 31.8233 20.45262 31.8124 20.4363 31.34473 19.80571 31.33227 19.79054 30.80504 19.20883 30.79117 19.19496 30.20946 18.66773 30.19429 18.65527 29.5637 18.1876 29.54738 18.1767 28.87399 17.77308 28.85668 17.76383 28.14698 17.42817 28.12885 17.42065 27.38966 17.15617 27.37087 17.15047 26.60932 16.95971 26.59007 16.95588 25.81348 16.84069 25.79395 16.83876 25.00981 16.80024 24.99019 17.19976 25.76451 17.2378 26.52166 17.35011 27.26415 17.5361 27.98484 17.79396 28.67678 18.12123 29.33331 18.51474 29.94811 18.9707 30.51526 19.48474 31.0293 20.05189 31.48526 20.66669 31.87877 21.32322 32.20604 22.01516 32.4639 22.73585 32.64989 23.47834 32.76364 24.24521 33.15931 24.18652 

49
23.40993 16.95588 23.39068 16.95971 22.62913 17.15047 22.61034 17.15617 21.87115 17.42065 21.85302 17.42817 21.14332 17.76383 21.12601 17.77308 20.45262 18.1767 20.4363 18.1876 19.80571 18.65527 19.79054 18.66773 19.20883 19.19496 19.19496 19.20883 18.66773 19.79054 18.65527 19.80571 18.1876 20.4363 18.1767 20.45262 17.77308 21.12601 17.76383 21.14332 17.42817 21.85302 17.42065 21.87115 17.15617 22.61034 17.15047 22.62913 16.95971 23.39068 16.95588 23.40993 16.84069 24.18652 16.83876 24.20605 16.80024 24.99019 16.80024 25.00981 16.83876 25.79395 17.23828 25.77432 17.20024 25.0 17.2378 24.23549 17.35011 23.47834 17.5361 22.73585 17.79396 22.01516 18.12123 21.32322 18.51474 20.66669 18.9707 20.05189 19.48474 19.48474 20.05189 18.9707 20.66669 18.51474 21.32322 18.12123 22.01516 17.79396 22.73585 17.5361 23.47834 17.35011 24.24521 17.23636 24.18652 16.84069 

89
7.7 32.0 7.7 39.7 3.0 39.7 3.0 40.3 7.7 40.3 7.7 46.0 7.70144 46.02941 7.70576 46.05853 7.71292 46.08709 7.72284 46.11481 7.73542 46.14142 7.75056 46.16667 7.7681 46.19032 7.78787 46.21213 7.80968 46.2319 7.83333 46.24944 7.85858 46.26458 7.88519 46.27716 7.91291 46.28708 7.94147 46.29424 7.97059 46.29856 8.0 46.3 8.02941 46.29856 8.05853 46.29424 8.08709 46.28708 8.11481 46.27716 8.14142 46.26458 8.16667 46.24944 8.19032 46.2319 8.21213 46.21213 8.2319 46.19032 8.24944 46.16667 8.26458 46.14142 8.27716 46.11481 8.28708 46.08709 8.29424 46.05853 8.29856 46.02941 8.3 46.0 8.3 40.0 8.3 32.3 15.0 32.3 15.02941 32.29856 15.05853 32.29424 15.08709 32.28708 15.11481 32.27716 15.14142 32.26458 15.16667 32.24944 15.19032 32.2319 15.21213 32.21213 15.2319 32.19032 15.24944 32.16667 15.26458 32.14142 15.27716 32.11481 15.28708 32.08709 15.29424 32.05853 15.29856 32.02941 15.3 32.0 15.29856 31.97059 15.29424 31.94147 15.28708 31.91291 15.27716 31.88519 15.26458 31.85858 15.24944 31.83333 15.2319 31.80968 15.21213 31.78787 15.19032 31.7681 15.16667 31.75056 15.14142 31.73542 15.11481 31.72284 15.08709 31.71292 15.05853 31.70576 15.02941 31.70144 15.0 31.7 8.0 31.7 7.97059 31.70144 7.94147 31.70576 7.91291 31.71292 7.88519 31.72284 7.85858 31.73542 7.83333 31.75056 7.80968 31.7681 7.78787 31.78787 7.7681 31.80968 7.75056 31.83333 7.73542 31.85858 7.72284 31.88519 7.71292 31.91291 7.70576 31.94147 7.70144 31.97059 

89
34.7 32.0 34.70144 32.02941 34.70576 32.05853 34.71292 32.08709 34.72284 32.11481 34.73542 32.14142 34.75056 32.16667 34.7681 32.19032 34.78787 32.21213 34.80968 32.2319 34.83333 32.24944 34.85858 32.26458 34.88519 32.27716 34.91291 32.28708 34.94147 32.29424 34.97059 32.29856 35.0 32.3 41.7 32.3 41.7 40.0 41.7 46.0 41.70144 46.02941 41.70576 46.05853 41.71292 46.08709 41.72284 46.11481 41.73542 46.14142 41.75056 46.16667 41.7681 46.19032 41.78787 46.21213 41.80968 46.2319 41.83333 46.24944 41.85858 46.26458 41.88519 46.27716 41.91291 46.28708 41.94147 46.29424 41.97059 46.29856 42.0 46.3 42.02941 46.29856 42.05853 46.29424 42.08709 46.28708 42.11481 46.27716 42.14142 46.26458 42.16667 46.24944 42.19032 46.2319 42.21213 46.21213 42.2319 46.19032 42.24944 46.16667 42.26458 46.14142 42.27716 46.11481 42.28708 46.08709 42.29424 46.05853 42.29856 46.02941 42.3 46.0 42.3 40.3 47.0 40.3 47.0 39.7 42.3 39.7 42.3 32.0 42.29856 31.97059 42.29424 31.94147 42.28708 31.91291 42.27716 31.88519 42.26458 31.85858 42.24944 31.83333 42.2319 31.80968 42.21213 31.78787 42.19032 31.7681 42.16667 31.75056 42.14142 31.73542 42.11481 31.72284 42.08709 31.71292 42.05853 31.70576 42.02941 31.70144 42.0 31.7 35.0 31.7 34.97059 31.70144 34.94147 31.70576 34.91291 31.71292 34.88519 31.72284 34.85858 31.73542 34.83333 31.75056 34.80968 31.7681 34.78787 31.78787 34.7681 31.80968 34.75056 31.83333 34.73542 31.85858 34.72284 31.88519 34.71292 31.91291 34.70576 31.94147 34.70144 31.97059 

89
7.7 4.0 7.7 9.7 3.0 9.7 3.0 10.3 7.7 10.3 7.7 18.0 7.70144 18.02941 7.70576 18.05853 7.71292 18.08709 7.72284 18.11481 7.73542 18.14142 7.75056 18.16667 7.7681 18.19032 7.78787 18.21213 7.80968 18.2319 7.83333 18.24944 7.85858 18.26458 7.88519 18.27716 7.91291 18.28708 7.94147 18.29424 7.97059 18.29856 8.0 18.3 15.0 18.3 15.02941 18.29856 15.05853 18.29424 15.08709 18.28708 15.11481 18.27716 15.14142 18.26458 15.16667 18.24944 15.19032 18.2319 15.21213 18.21213 15.2319 18.19032 15.24944 18.16667 15.26458 18.14142 15.27716 18.11481 15.28708 18.08709 15.29424 18.05853 15.29856 18.02941 15.3 18.0 15.29856 17.97059 15.29424 17.94147 15.28708 17.91291 15.27716 17.88519 15.26458 17.85858 15.24944 17.83333 15.2319 17.80968 15.21213 17.78787 15.19032 17.7681 15.16667 17.75056 15.14142 17.73542 15.11481 17.72284 15.08709 17.71292 15.05853 17.70576 15.02941 17.70144 15.0 17.7 8.3 17.7 8.3 10.0 8.3 4.0 8.29856 3.97059 8.29424 3.94147 8.28708 3.91291 8.27716 3.88519 8.26458 3.85858 8.24944 3.83333 8.2319 3.80968 8.21213 3.78787 8.19032 3.7681 8.16667 3.75056 8.14142 3.73542 8.11481 3.72284 8.08709 3.71292 8.05853 3.70576 8.02941 3.70144 8.0 3.7 7.97059 3.70144 7.94147 3.70576 7.91291 3.71292 7.88519 3.72284 7.85858 3.73542 7.83333 3.75056 7.80968 3.7681 7.78787 3.78787 7.7681 3.80968 7.75056 3.83333 7.73542 3.85858 7.72284 3.88519 7.71292 3.91291 7.70576 3.94147 7.70144 3.97059 

89
34.7 18.0 34.70144 18.02941 34.70576 18.05853 34.71292 18.08709 34.72284 18.11481 34.73542 18.14142 34.75056 18.16667 34.7681 18.19032 34.78787 18.21213 34.80968 18.2319 34.83333 18.24944 34.85858 18.26458 34.88519 18.27716 34.91291 18.28708 34.94147 18.29424 34.97059 18.29856 35.0 18.3 42.0 18.3 42.02941 18.29856 42.05853 18.29424 42.08709 18.28708 42.11481 18.27716 42.14142 18.26458 42.16667 18.24944 42.19032 18.2319 42.21213 18.21213 42.2319 18.19032 42.24944 18.16667 42.26458 18.14142 42.27716 18.11481 42.28708 18.08709 42.29424 18.05853 42.29856 18.02941 42.3 18.0 42.3 10.3 47.0 10.3 47.0 9.7 42.3 9.7 42.3 4.0 42.29856 3.97059 42.29424 3.94147 42.28708 3.91291 42.27716 3.88519 42.26458 3.85858 42.24944 3.83333 42.2319 3.80968 42.21213 3.78787 42.19032 3.7681 42.16667 3.75056 42.14142 3.73542 42.11481 3.72284 42.08709 3.71292 42.05853 3.70576 42.02941 3.70144 42.0 3.7 41.97059 3.70144 41.94147 3.70576 41.91291 3.71292 41.88519 3.72284 41.85858 3.73542 41.83333 3.75056 41.80968 3.7681 41.78787 3.78787 41.7681 3.80968 41.75056 3.83333 41.73542 3.85858 41.72284 3.88519 41.71292 3.91291 41.70576 3.94147 41.70144 3.97059 41.7 4.0 41.7 10.0 41.7 17.7 35.0 17.7 34.97059 17.70144 34.94147 17.70576 34.91291 17.71292 34.88519 17.72284 34.85858 17.73542 34.83333 17.75056 34.80968 17.7681 34.78787 17.78787 34.7681 17.80968 34.75056 17.83333 34.73542 17.85858 34.72284 17.88519 34.71292 17.91291 34.70576 17.94147 34.70144 17.97059 

22
20.3 42.0 20.29856 41.97059 20.29424 41.94147 20.28708 41.91291 20.27716 41.88519 20.26458 41.85858 20.24944 41.83333 20.2319 41.80968 20.21213 41.78787 20.19032 41.7681 20.16667 41.75056 20.14142 41.73542 20.11481 41.72284 20.08709 41.71292 20.05853 41.70576 20.02941 41.70144 20.0 41.7 13.0 41.7 13.0 42.3 19.7 42.3 19.7 50 20.3 50 

22
30.3 42.3 37.0 42.3 37.0 41.7 30.0 41.7 29.97059 41.70144 29.94147 41.70576 29.91291 41.71292 29.88519 41.72284 29.85858 41.73542 29.83333 41.75056 29.80968 41.7681 29.78787 41.78787 29.7681 41.80968 29.75056 41.83333 29.73542 41.85858 29.72284 41.88519 29.71292 41.91291 29.70576 41.94147 29.70144 41.97059 29.7 42.0 29.7 50 30.3 50 

22
19.7 7.7 13.0 7.7 13.0 8.3 20.0 8.3 20.02941 8.29856 20.05853 8.29424 20.08709 8.28708 20.11481 8.27716 20.14142 8.26458 20.16667 8.24944 20.19032 8.2319 20.21213 8.21213 20.2319 8.19032 20.24944 8.16667 20.26458 8.14142 20.27716 8.11481 20.28708 8.08709 20.29424 8.05853 20.29856 8.02941 20.3 8.0 20.3 0 19.7 0 

22
29.7 8.0 29.70144 8.02941 29.70576 8.05853 29.71292 8.08709 29.72284 8.11481 29.73542 8.14142 29.75056 8.16667 29.7681 8.19032 29.78787 8.21213 29.80968 8.2319 29.83333 8.24944 29.85858 8.26458 29.88519 8.27716 29.91291 8.28708 29.94147 8.29424 29.97059 8.29856 30.0 8.3 37.0 8.3 37.0 7.7 30.3 7.7 30.3 0 29.7 0 

74
3.7 21.0 3.7 24.7 0 24.7 0 25.3 3.7 25.3 3.7 29.0 3.70144 29.02941 3.70576 29.05853 3.71292 29.08709 3.72284 29.11481 3.73542 29.14142 3.75056 29.16667 3.7681 29.19032 3.78787 29.21213 3.80968 29.2319 3.83333 29.24944 3.85858 29.26458 3.88519 29.27716 3.91291 29.28708 3.94147 29.29424 3.97059 29.29856 4.0 29.3 4.02941 29.29856 4.05853 29.29424 4.08709 29.28708 4.11481 29.27716 4.14142 29.26458 4.16667 29.24944 4.19032 29.2319 4.21213 29.21213 4.2319 29.19032 4.24944 29.16667 4.26458 29.14142 4.27716 29.11481 4.28708 29.08709 4.29424 29.05853 4.29856 29.02941 4.3 29.0 4.3 25.3 8.0 25.3 8.0 24.7 4.3 24.7 4.3 21.0 4.29856 20.97059 4.29424 20.94147 4.28708 20.91291 4.27716 20.88519 4.26458 20.85858 4.24944 20.83333 4.2319 20.80968 4.21213 20.78787 4.19032 20.7681 4.16667 20.75056 4.14142 20.73542 4.11481 20.72284 4.08709 20.71292 4.05853 20.70576 4.02941 20.70144 4.0 20.7 3.97059 20.70144 3.94147 20.70576 3.91291 20.71292 3.88519 20.72284 3.85858 20.73542 3.83333 20.75056 3.80968 20.7681 3.78787 20.78787 3.7681 20.80968 3.75056 20.83333 3.73542 20.85858 3.72284 20.88519 3.71292 20.91291 3.70576 20.94147 3.70144 20.97059 

74
45.7 21.0 45.7 24.7 42.0 24.7 42.0 25.3 45.7 25.3 45.7 29.0 45.70144 29.02941 45.70576 29.05853 45.71292 29.08709 45.72284 29.11481 45.73542 29.14142 45.75056 29.16667 45.7681 29.19032 45.78787 29.21213 45.80968 29.2319 45.83333 29.24944 45.85858 29.26458 45.88519 29.27716 45.91291 29.28708 45.94147 29.29424 45.97059 29.29856 46.0 29.3 46.02941 29.29856 46.05853 29.29424 46.08709 29.28708 46.11481 29.27716 46.14142 29.26458 46.16667 29.24944 46.19032 29.2319 46.21213 29.21213 46.2319 29.19032 46.24944 29.16667 46.26458 29.14142 46.27716 29.11481 46.28708 29.08709 46.29424 29.05853 46.29856 29.02941 46.3 29.0 46.3 25.3 50 25.3 50 24.7 46.3 24.7 46.3 21.0 46.29856 20.97059 46.29424 20.94147 46.28708 20.91291 46.27716 20.88519 46.26458 20.85858 46.24944 20.83333 46.2319 20.80968 46.21213 20.78787 46.19032 20.7681 46.16667 20.75056 46.14142 20.73542 46.11481 20.72284 46.08709 20.71292 46.05853 20.70576 46.02941 20.70144 46.0 20.7 45.97059 20.70144 45.94147 20.70576 45.91291 20.71292 45.88519 20.72284 45.85858 20.73542 45.83333 20.75056 45.80968 20.7681 45.78787 20.78787 45.7681 20.80968 45.75056 20.83333 45.73542 20.85858 45.72284 20.88519 45.71292 20.91291 45.70576 20.94147 45.70144 20.97059 

4
16.0073 45.39084 12.38928 43.68498 10.68343 47.303 14.30145 49.00886 

4
36.72278 1.12391 32.7682 0.52282 32.16711 4.47739 36.12169 5.07849 

4
25.17328 38.02908 21.99998 35.86389 19.83479 39.03719 23.00809 41.20238 

4
29.01516 25.94771 26.67815 23.37932 24.10976 25.71632 26.44676 28.28472 

3
29.8809 36.84796 33.45001 38.63866 34.34741 35.36595 

3
33.44889 48.69387 37.04534 49.48828 37.10795 46.35883 

3
21.9696 27.82668 19.22132 25.48674 17.72942 28.16696 

3
26.62719 13.07414 29.92183 14.54848 30.60134 11.55722 

3
45.73375 30.30374 44.03917 33.40871 46.90907 34.30337 

8
27.50345 6.70361 25.45643 5.29013 23.00948 5.7381 21.596 7.78512 22.04397 10.23207 24.09099 11.64555 26.53794 11.19758 27.95142 9.15056 

136
47.29058 14.16124 47.89316 15.17992 46.87448 15.78249 46.8581 15.7933 46.84286 15.80567 46.8289 15.81947 46.81636 15.83456 46.80536 15.85082 46.79601 15.86808 46.78839 15.88617 46.78259 15.90491 46.77864 15.92414 46.77661 15.94366 46.77649 15.96329 46.7783 15.98283 46.78202 16.0021 46.78761 16.02092 46.79502 16.0391 46.80417 16.05646 46.81498 16.07284 46.82734 16.08808 46.84114 16.10204 46.85624 16.11458 46.87249 16.12558 46.88975 16.13493 46.90784 16.14255 46.92659 16.14835 46.94582 16.1523 46.96534 16.15433 46.98496 16.15445 47.00451 16.15264 47.02378 16.14892 47.04259 16.14333 47.06077 16.13592 47.07813 16.12677 48.09681 15.52419 48.69938 16.54287 48.71019 16.55925 48.72256 16.57449 48.73635 16.58845 48.75145 16.60099 48.76771 16.61199 48.78496 16.62134 48.80305 16.62896 48.8218 16.63477 48.84103 16.63871 48.86055 16.64074 48.88018 16.64086 48.89972 16.63905 48.91899 16.63533 48.93781 16.62974 48.95598 16.62233 48.97335 16.61318 48.98973 16.60237 49.00497 16.59001 49.01893 16.57621 49.03147 16.56111 49.04247 16.54486 49.05182 16.5276 49.05944 16.50951 49.06524 16.49076 49.06918 16.47154 49.07122 16.45201 49.07133 16.43239 49.06952 16.41284 49.06581 16.39357 49.06022 16.37476 49.05281 16.35658 49.04366 16.33922 48.44108 15.32054 49.45976 14.71797 49.47614 14.70716 49.49138 14.69479 49.50534 14.681 49.51788 14.6659 49.52888 14.64964 49.53823 14.63239 49.54585 14.6143 49.55165 14.59555 49.55559 14.57632 49.55763 14.5568 49.55774 14.53717 49.55593 14.51763 49.55222 14.49836 49.54663 14.47954 49.53922 14.46137 49.53007 14.444 49.51926 14.42762 49.5069 14.41238 49.4931 14.39842 49.478 14.38588 49.46174 14.37488 49.44449 14.36553 49.4264 14.35791 49.40765 14.35211 49.38842 14.34817 49.3689 14.34613 49.34928 14.34602 49.32973 14.34783 49.31046 14.35154 49.29165 14.35713 49.27347 14.36454 49.25611 14.37369 48.23743 14.97627 47.63486 13.95759 47.62405 13.94121 47.61168 13.92597 47.59789 13.91201 47.58279 13.89947 47.56653 13.88847 47.54927 13.87912 47.53118 13.8715 47.51244 13.8657 47.49321 13.86176 47.47369 13.85972 47.45406 13.85961 47.43452 13.86142 47.41525 13.86513 47.39643 13.87072 47.37825 13.87813 47.36089 13.88728 47.34451 13.89809 47.32927 13.91045 47.31531 13.92425 47.30277 13.93935 47.29177 13.95561 47.28242 13.97286 47.2748 13.99095 47.269 14.0097 47.26506 14.02893 47.26302 14.04845 47.2629 14.06807 47.26472 14.08762 47.26843 14.10689 47.27402 14.1257 47.28143 14.14388 

136
32.59203 47.24095 32.76836 46.20523 33.80408 46.38155 33.82356 46.38389 33.84319 46.38431 33.86276 46.38281 33.88208 46.37939 33.90098 46.37409 33.91927 46.36697 33.93678 46.35809 33.95332 46.34754 33.96876 46.33541 33.98293 46.32183 33.9957 46.30693 34.00695 46.29085 34.01657 46.27374 34.02447 46.25577 34.03057 46.23712 34.03481 46.21795 34.03715 46.19847 34.03757 46.17884 34.03606 46.15927 34.03264 46.13995 34.02735 46.12105 34.02023 46.10276 34.01135 46.08526 34.00079 46.06871 33.98867 46.05327 33.97509 46.0391 33.96019 46.02633 33.94411 46.01508 33.927 46.00546 33.90903 45.99756 33.89037 45.99146 33.87121 45.98722 32.83549 45.8109 33.01181 44.77518 33.01415 44.75569 33.01457 44.73607 33.01307 44.7165 33.00965 44.69718 33.00435 44.67828 32.99723 44.65999 32.98835 44.64248 32.9778 44.62593 32.96567 44.6105 32.9521 44.59633 32.93719 44.58356 32.92111 44.57231 32.904 44.56269 32.88603 44.55479 32.86738 44.54869 32.84821 44.54445 32.82873 44.54211 32.80911 44.54169 32.78954 44.5432 32.77021 44.54662 32.75131 44.55191 32.73302 44.55903 32.71552 44.56791 32.69897 44.57847 32.68353 44.59059 32.66936 44.60417 32.65659 44.61907 32.64534 44.63515 32.63572 44.65226 32.62782 44.67023 32.62173 44.68889 32.61749 44.70805 32.44116 45.74377 31.40544 45.56745 31.38596 45.56511 31.36633 45.56469 31.34676 45.56619 31.32744 45.56961 31.30854 45.5749 31.29025 45.58203 31.27274 45.59091 31.2562 45.60146 31.24076 45.61358 31.22659 45.62716 31.21382 45.64207 31.20257 45.65815 31.19295 45.67526 31.18505 45.69322 31.17895 45.71188 31.17471 45.73104 31.17237 45.75053 31.17195 45.77015 31.17346 45.78972 31.17688 45.80905 31.18217 45.82795 31.18929 45.84624 31.19817 45.86374 31.20873 45.88029 31.22085 45.89573 31.23443 45.9099 31.24933 45.92267 31.26542 45.93392 31.28252 45.94354 31.30049 45.95144 31.31915 45.95753 31.33831 45.96177 32.37403 46.1381 32.19771 47.17382 32.19537 47.1933 32.19495 47.21293 32.19645 47.2325 32.19987 47.25182 32.20517 47.27072 32.21229 47.28901 32.22117 47.30651 32.23172 47.32306 32.24385 47.3385 32.25742 47.35267 32.27233 47.36544 32.28841 47.37669 32.30552 47.38631 32.32349 47.39421 32.34214 47.40031 32.36131 47.40455 32.38079 47.40689 32.40042 47.40731 32.41998 47.4058 32.43931 47.40238 32.45821 47.39709 32.4765 47.38997 32.494 47.38109 32.51055 47.37053 32.52599 47.35841 32.54016 47.34483 32.55293 47.32993 32.56418 47.31384 32.5738 47.29674 32.5817 47.27877 32.5878 47.26011 

84
38.0587 26.25124 39.13429 29.64987 39.14113 29.66827 39.14973 29.68591 39.16002 29.70262 39.1719 29.71824 39.18525 29.73263 39.19995 29.74563 39.21586 29.75713 39.23281 29.76702 39.25065 29.7752 39.26921 29.78159 39.28831 29.78613 39.30775 29.78878 39.32737 29.78951 39.34696 29.78831 39.36634 29.7852 39.38532 29.7802 39.40372 29.77337 39.42136 29.76476 39.43807 29.75447 39.45369 29.74259 39.46808 29.72924 39.48108 29.71454 39.49258 29.69864 39.50247 29.68168 39.51065 29.66384 39.51704 29.64528 39.52158 29.62619 39.52423 29.60674 39.52496 29.58713 39.52376 29.56754 39.52065 29.54816 39.51565 29.52918 38.37971 25.93987 38.37288 25.92147 38.36428 25.90383 38.35399 25.88712 38.34211 25.87149 38.32875 25.85711 38.31405 25.8441 38.29815 25.8326 38.2812 25.82271 38.26335 25.81453 38.2448 25.80814 38.2257 25.8036 38.20625 25.80096 38.18664 25.80023 38.16705 25.80143 38.14767 25.80454 38.12869 25.80954 34.53938 26.94547 34.52098 26.9523 34.50334 26.96091 34.48663 26.9712 34.47101 26.98308 34.45662 26.99643 34.44362 27.01113 34.43212 27.02704 34.42223 27.04399 34.41405 27.06183 34.40766 27.08039 34.40312 27.09948 34.40047 27.11893 34.39974 27.13855 34.40094 27.15814 34.40405 27.17751 34.40905 27.19649 34.41588 27.21489 34.42449 27.23253 34.43478 27.24925 34.44666 27.26487 34.46001 27.27925 34.47471 27.29226 34.49061 27.30376 34.50757 27.31365 34.52541 27.32183 34.54397 27.32822 34.56306 27.33276 34.58251 27.33541 34.60212 27.33613 34.62171 27.33494 34.64109 27.33182 34.66007 27.32683 

84
6.02619 45.27711 6.09275 48.61982 6.0941 48.6394 6.09736 48.65875 6.10251 48.67769 6.10949 48.69603 6.11823 48.71361 6.12866 48.73024 6.14066 48.74577 6.15413 48.76004 6.16893 48.77293 6.18492 48.78431 6.20196 48.79406 6.21986 48.8021 6.23847 48.80834 6.2576 48.81273 6.27707 48.81522 6.29669 48.81579 6.31627 48.81444 6.33562 48.81118 6.35456 48.80603 6.37291 48.79905 6.39048 48.79031 6.40711 48.77988 6.42264 48.76788 6.43691 48.75441 6.4498 48.73961 6.46118 48.72362 6.47093 48.70658 6.47897 48.68868 6.48521 48.67007 6.4896 48.65094 6.49209 48.63147 6.49267 48.61185 6.42213 45.06919 6.42077 45.04961 6.41751 45.03025 6.41236 45.01131 6.40538 44.99297 6.39664 44.9754 6.38621 44.95876 6.37421 44.94324 6.36074 44.92896 6.34594 44.91607 6.32995 44.90469 6.31291 44.89494 6.29501 44.8869 6.2764 44.88066 6.25727 44.87627 6.2378 44.87378 6.21818 44.87321 2.67552 44.94375 2.65594 44.9451 2.63658 44.94837 2.61764 44.95351 2.5993 44.96049 2.58173 44.96924 2.5651 44.97966 2.54957 44.99166 2.53529 45.00513 2.5224 45.01993 2.51103 45.03593 2.50127 45.05296 2.49324 45.07087 2.48699 45.08947 2.4826 45.1086 2.48011 45.12807 2.47954 45.14769 2.48089 45.16727 2.48416 45.18662 2.4893 45.20556 2.49628 45.22391 2.50503 45.24148 2.51545 45.25811 2.52745 45.27364 2.54092 45.28792 2.55572 45.30081 2.57172 45.31218 2.58875 45.32193 2.60666 45.32997 2.62526 45.33621 2.64439 45.3406 2.66386 45.3431 2.68348 45.34367 

84
8.51514 21.58303 11.22631 20.00895 11.24278 19.99827 11.25812 19.98603 11.27219 19.97235 11.28485 19.95735 11.29598 19.94119 11.30548 19.92401 11.31324 19.90598 11.3192 19.88728 11.3233 19.86809 11.32549 19.84858 11.32576 19.82896 11.32411 19.8094 11.32055 19.7901 11.31512 19.77124 11.30786 19.753 11.29885 19.73557 11.28817 19.7191 11.27594 19.70375 11.26225 19.68968 11.24725 19.67702 11.23109 19.66589 11.21391 19.6564 11.19588 19.64864 11.17718 19.64268 11.15799 19.63858 11.13848 19.63638 11.11886 19.63611 11.0993 19.63776 11.08 19.64132 11.06114 19.64676 11.0429 19.65402 11.02547 19.66303 8.14134 21.33753 8.12487 21.3482 8.10952 21.36044 8.09545 21.37413 8.08279 21.38912 8.07166 21.40529 8.06217 21.42247 8.05441 21.44049 8.04845 21.45919 8.04435 21.47839 8.04215 21.49789 8.04188 21.51752 8.04353 21.53708 8.04709 21.55638 8.05253 21.57524 8.05979 21.59347 8.0688 21.61091 9.7433 24.49504 9.75397 24.51151 9.76621 24.52685 9.7799 24.54092 9.79489 24.55359 9.81106 24.56472 9.82824 24.57421 9.84626 24.58197 9.86497 24.58793 9.88416 24.59203 9.90366 24.59422 9.92329 24.5945 9.94285 24.59284 9.96215 24.58928 9.98101 24.58385 9.99924 24.57659 10.01668 24.56758 10.03315 24.55691 10.04849 24.54467 10.06256 24.53098 10.07523 24.51599 10.08636 24.49982 10.09585 24.48264 10.10361 24.46461 10.10957 24.44591 10.11367 24.42672 10.11586 24.40722 10.11614 24.38759 10.11449 24.36803 10.11092 24.34873 10.10549 24.32987 10.09823 24.31164 10.08922 24.2942 

84
23.85843 48.6515 24.77178 45.65251 24.77657 45.63347 24.77947 45.61406 24.78045 45.59446 24.77951 45.57485 24.77665 45.55544 24.77191 45.53639 24.76531 45.5179 24.75694 45.50015 24.74687 45.48331 24.7352 45.46753 24.72203 45.45297 24.7075 45.43978 24.69175 45.42807 24.67493 45.41796 24.65719 45.40955 24.63872 45.40291 24.61969 45.39812 24.60028 45.39522 24.58067 45.39424 24.56107 45.39518 24.54165 45.39804 24.52261 45.40279 24.50412 45.40938 24.48637 45.41775 24.46952 45.42782 24.45375 45.4395 24.43919 45.45266 24.42599 45.46719 24.41428 45.48294 24.40417 45.49976 24.39576 45.5175 24.38913 45.53597 23.41751 48.72629 23.41272 48.74532 23.40982 48.76473 23.40884 48.78433 23.40978 48.80394 23.41264 48.82336 23.41738 48.8424 23.42398 48.86089 23.43235 48.87864 23.44242 48.89549 23.45409 48.91126 23.46726 48.92582 23.48179 48.93902 23.49754 48.95073 23.51436 48.96084 23.5321 48.96925 23.55057 48.97588 26.74089 49.9475 26.75992 49.95229 26.77933 49.95519 26.79893 49.95617 26.81854 49.95523 26.83796 49.95237 26.857 49.94762 26.87549 49.94103 26.89324 49.93266 26.91008 49.92259 26.92586 49.91091 26.94042 49.89775 26.95362 49.88322 26.96533 49.86747 26.97543 49.85065 26.98385 49.83291 26.99048 49.81444 26.99527 49.79541 26.99817 49.776 26.99915 49.75639 26.99821 49.73679 26.99535 49.71737 26.99061 49.69833 26.98401 49.67984 26.97564 49.66209 26.96557 49.64524 26.9539 49.62946 26.94073 49.61491 26.9262 49.60171 26.91045 49.59 26.89363 49.57989 26.87589 49.57148 26.85742 49.56485 

84
24.40931 22.22279 21.40697 21.32051 21.38792 21.31579 21.3685 21.31296 21.34889 21.31205 21.32929 21.31307 21.30988 21.316 21.29086 21.32081 21.27239 21.32747 21.25467 21.33591 21.23786 21.34605 21.22213 21.35778 21.20762 21.371 21.19448 21.38557 21.18283 21.40137 21.17278 21.41823 21.16443 21.43599 21.15787 21.45449 21.15315 21.47354 21.15032 21.49296 21.14941 21.51257 21.15042 21.53217 21.15335 21.55158 21.15817 21.5706 21.16483 21.58907 21.17327 21.60679 21.1834 21.6236 21.19513 21.63933 21.20835 21.65384 21.22293 21.66698 21.23872 21.67863 21.25558 21.68868 21.27335 21.69703 21.29185 21.70359 24.48573 22.66343 24.50478 22.66815 24.5242 22.67098 24.5438 22.67189 24.56341 22.67088 24.58281 22.66795 24.60184 22.66313 24.6203 22.65647 24.63802 22.64803 24.65483 22.6379 24.67057 22.62616 24.68507 22.61295 24.69822 22.59837 24.70987 22.58257 24.71992 22.56571 24.72826 22.54795 24.73483 22.52945 25.69466 19.33557 25.69938 19.31652 25.70221 19.2971 25.70313 19.27749 25.70211 19.25789 25.69918 19.23849 25.69436 19.21946 25.6877 19.201 25.67927 19.18328 25.66913 19.16647 25.6574 19.15073 25.64418 19.13622 25.62961 19.12308 25.61381 19.11143 25.59695 19.10138 25.57919 19.09304 25.56069 19.08647 25.54164 19.08175 25.52222 19.07892 25.50261 19.07801 25.48301 19.07902 25.4636 19.08196 25.44458 19.08677 25.42611 19.09343 25.40839 19.10187 25.39158 19.112 25.37585 19.12374 25.36134 19.13696 25.3482 19.15153 25.33655 19.16733 25.3265 19.18419 25.31815 19.20195 25.31159 19.22045 

66
26.78889 41.52587 26.77517 41.5399 26.76289 41.55521 26.75218 41.57166 26.74312 41.58907 26.73582 41.60729 26.73034 41.62613 26.72673 41.64543 26.72502 41.66498 26.72525 41.68461 26.72739 41.70411 26.73144 41.72332 26.73735 41.74204 26.74507 41.76008 26.75452 41.77728 26.76561 41.79348 26.77823 41.80851 26.79227 41.82223 26.80758 41.8345 26.82402 41.84522 26.84144 41.85428 26.85965 41.86158 26.8785 41.86706 26.89779 41.87067 26.91735 41.87237 26.93697 41.87215 26.95648 41.87 26.97569 41.86596 26.9944 41.86004 27.01245 41.85233 27.02965 41.84288 27.04585 41.83179 27.06087 41.81917 29.17351 39.86007 29.18723 39.84603 29.19951 39.83072 29.21023 39.81428 29.21928 39.79686 29.22659 39.77865 29.23207 39.7598 29.23568 39.74051 29.23738 39.72095 29.23716 39.70133 29.23501 39.68182 29.23096 39.66261 29.22505 39.6439 29.21733 39.62585 29.20789 39.60865 29.1968 39.59246 29.18417 39.57743 29.17014 39.56371 29.15482 39.55143 29.13838 39.54071 29.12097 39.53166 29.10275 39.52435 29.0839 39.51887 29.06461 39.51526 29.04506 39.51356 29.02543 39.51378 29.00592 39.51593 28.98672 39.51998 28.968 39.52589 28.94996 39.53361 28.93275 39.54306 28.91656 39.55414 28.90153 39.56677 

66
48.84582 37.22873 48.86481 37.22378 48.88322 37.21699 48.90088 37.20843 48.91762 37.19818 48.93327 37.18633 48.94769 37.17301 48.96073 37.15835 48.97227 37.14247 48.9822 37.12554 48.99042 37.10772 48.99685 37.08917 49.00144 37.07009 49.00413 37.05065 49.0049 37.03104 49.00375 37.01144 49.00069 36.99206 48.99574 36.97307 48.98895 36.95465 48.98038 36.93699 48.97013 36.92025 48.95829 36.9046 48.94497 36.89018 48.9303 36.87714 48.91443 36.8656 48.89749 36.85568 48.87967 36.84746 48.86113 36.84102 48.84205 36.83644 48.8226 36.83374 48.80299 36.83297 48.7834 36.83412 48.76401 36.83718 46.00011 37.41462 45.98112 37.41957 45.9627 37.42636 45.94504 37.43492 45.92831 37.44517 45.91265 37.45702 45.89824 37.47034 45.8852 37.485 45.87366 37.50088 45.86373 37.51781 45.85551 37.53563 45.84908 37.55418 45.84449 37.57326 45.8418 37.5927 45.84102 37.61231 45.84217 37.63191 45.84524 37.65129 45.85019 37.67028 45.85698 37.6887 45.86554 37.70636 45.87579 37.7231 45.88764 37.73875 45.90096 37.75316 45.91563 37.76621 45.9315 37.77775 45.94843 37.78767 45.96625 37.79589 45.9848 37.80233 46.00388 37.80691 46.02332 37.80961 46.04293 37.81038 46.06253 37.80923 46.08191 37.80616 

66
5.10825 32.90993 5.12567 32.91896 5.1439 32.92625 5.16275 32.93171 5.18205 32.93529 5.2016 32.93697 5.22123 32.93673 5.24073 32.93456 5.25993 32.93049 5.27864 32.92456 5.29668 32.91682 5.31387 32.90735 5.33005 32.89624 5.34507 32.8836 5.35877 32.86955 5.37103 32.85422 5.38173 32.83777 5.39077 32.82035 5.39805 32.80212 5.40351 32.78327 5.4071 32.76397 5.40878 32.74442 5.40853 32.72479 5.40636 32.70528 5.40229 32.68608 5.39636 32.66737 5.38862 32.64934 5.37916 32.63215 5.36805 32.61596 5.35541 32.60095 5.34136 32.58725 5.32603 32.57499 5.30957 32.56429 3.10413 31.27968 3.08671 31.27065 3.06848 31.26336 3.04963 31.2579 3.03033 31.25432 3.01078 31.25264 2.99115 31.25288 2.97165 31.25505 2.95245 31.25912 2.93374 31.26505 2.9157 31.27279 2.89851 31.28226 2.88233 31.29337 2.86731 31.30601 2.85361 31.32006 2.84135 31.33539 2.83065 31.35184 2.82161 31.36926 2.81433 31.38749 2.80887 31.40634 2.80528 31.42564 2.8036 31.44519 2.80385 31.46482 2.80602 31.48433 2.81009 31.50353 2.81602 31.52224 2.82376 31.54027 2.83323 31.55747 2.84433 31.57365 2.85697 31.58866 2.87103 31.60236 2.88635 31.61462 2.90281 31.62532 

66
30.5959 21.76067 30.61303 21.75109 30.62914 21.73987 30.64407 21.72714 30.65768 21.713 30.66984 21.69759 30.68044 21.68107 30.68936 21.66359 30.69652 21.64531 30.70186 21.62643 30.70533 21.60711 30.70688 21.58754 30.70651 21.56792 30.70421 21.54843 30.70002 21.52925 30.69396 21.51058 30.68611 21.4926 30.67653 21.47546 30.66532 21.45936 30.65258 21.44442 30.63844 21.43081 30.62304 21.41865 30.60651 21.40806 30.58903 21.39914 30.57076 21.39197 30.55187 21.38663 30.53255 21.38317 30.51299 21.38162 30.49336 21.38199 30.47387 21.38428 30.4547 21.38848 30.43603 21.39453 30.41804 21.40238 28.26638 22.47051 28.24925 22.48009 28.23314 22.49131 28.21821 22.50404 28.2046 22.51818 28.19244 22.53359 28.18184 22.55011 28.17292 22.56759 28.16576 22.58587 28.16042 22.60475 28.15695 22.62407 28.1554 22.64364 28.15577 22.66326 28.15807 22.68275 28.16226 22.70193 28.16832 22.7206 28.17617 22.73859 28.18575 22.75572 28.19696 22.77183 28.2097 22.78676 28.22384 22.80037 28.23924 22.81253 28.25577 22.82312 28.27325 22.83205 28.29152 22.83921 28.31041 22.84455 28.32973 22.84801 28.34929 22.84957 28.36892 22.84919 28.38841 22.8469 28.40758 22.8427 28.42625 22.83665 28.44424 22.8288 

66
4.69841 43.43786 4.71771 43.44141 4.73727 43.44305 4.7569 43.44277 4.7764 43.44056 4.79559 43.43646 4.81429 43.43049 4.83231 43.42271 4.84949 43.41321 4.86565 43.40207 4.88064 43.3894 4.89431 43.37532 4.90654 43.35997 4.91721 43.3435 4.92621 43.32606 4.93346 43.30782 4.93888 43.28895 4.94243 43.26965 4.94407 43.25009 4.94379 43.23047 4.94158 43.21096 4.93747 43.19177 4.9315 43.17307 4.92373 43.15505 4.91423 43.13788 4.90309 43.12172 4.89042 43.10673 4.87634 43.09305 4.86099 43.08082 4.84451 43.07016 4.82707 43.06116 4.80883 43.05391 4.78997 43.04848 2.45155 42.49862 2.43225 42.49507 2.41269 42.49343 2.39307 42.49372 2.37356 42.49592 2.35437 42.50003 2.33567 42.506 2.31765 42.51377 2.30048 42.52328 2.28432 42.53442 2.26933 42.54709 2.25565 42.56116 2.24342 42.57651 2.23276 42.59299 2.22376 42.61043 2.21651 42.62867 2.21108 42.64753 2.20753 42.66684 2.20589 42.6864 2.20618 42.70602 2.20838 42.72552 2.21249 42.74472 2.21846 42.76341 2.22623 42.78144 2.23574 42.79861 2.24688 42.81477 2.25955 42.82976 2.27362 42.84344 2.28897 42.85567 2.30545 42.86633 2.32289 42.87533 2.34113 42.88258 2.35999 42.888 

66
20.53866 35.83177 20.55382 35.81931 20.56769 35.80542 20.58013 35.79024 20.59102 35.77391 20.60025 35.75659 20.60775 35.73845 20.61343 35.71966 20.61724 35.70041 20.61915 35.68088 20.61913 35.66125 20.61719 35.64172 20.61335 35.62247 20.60764 35.60369 20.60011 35.58557 20.59084 35.56827 20.57992 35.55196 20.56746 35.53679 20.55357 35.52293 20.53839 35.51049 20.52206 35.4996 20.50474 35.49036 20.4866 35.48287 20.46782 35.47718 20.44856 35.47337 20.42903 35.47146 20.4094 35.47148 20.38987 35.47342 20.37062 35.47727 20.35185 35.48298 20.33372 35.49051 20.31642 35.49977 20.30011 35.51069 18.37186 36.94331 18.3567 36.95578 18.34283 36.96967 18.33039 36.98485 18.3195 37.00118 18.31027 37.01849 18.30277 37.03663 18.29709 37.05542 18.29328 37.07467 18.29137 37.09421 18.29139 37.11384 18.29333 37.13337 18.29717 37.15261 18.30289 37.17139 18.31041 37.18952 18.31968 37.20682 18.3306 37.22313 18.34306 37.23829 18.35695 37.25216 18.37213 37.26459 18.38846 37.27549 18.40578 37.28472 18.42392 37.29222 18.44271 37.2979 18.46196 37.30171 18.48149 37.30362 18.50112 37.3036 18.52065 37.30166 18.5399 37.29782 18.55867 37.2921 18.5768 37.28458 18.5941 37.27531 18.61041 37.26439 

66
18.85704 31.25077 18.84124 31.26241 18.82665 31.27553 18.81341 31.29003 18.80167 31.30575 18.79152 31.32255 18.78306 31.34026 18.77638 31.35872 18.77154 31.37774 18.76859 31.39715 18.76756 31.41675 18.76845 31.43635 18.77126 31.45578 18.77597 31.47483 18.78251 31.49334 18.79084 31.51111 18.80087 31.52798 18.8125 31.54379 18.82563 31.55838 18.84013 31.57161 18.85585 31.58336 18.87265 31.59351 18.89036 31.60196 18.90882 31.60864 18.92784 31.61348 18.94724 31.61643 18.96684 31.61746 18.98645 31.61657 19.00587 31.61376 19.02493 31.60906 19.04343 31.60251 19.06121 31.59418 19.07808 31.58415 21.04016 30.28328 21.05596 30.27165 21.07055 30.25852 21.08379 30.24402 21.09553 30.2283 21.10569 30.2115 21.11414 30.19379 21.12082 30.17533 21.12566 30.15631 21.12861 30.13691 21.12964 30.11731 21.12875 30.0977 21.12594 30.07828 21.12124 30.05922 21.11469 30.04072 21.10636 30.02294 21.09633 30.00607 21.0847 29.99027 21.07157 29.97568 21.05707 29.96244 21.04135 29.9507 21.02455 29.94055 21.00684 29.93209 20.98838 29.92541 20.96936 29.92058 20.94996 29.91763 20.93036 29.91659 20.91075 29.91749 20.89133 29.9203 20.87227 29.925 20.85377 29.93154 20.83599 29.93987 20.81912 29.9499 

66
34.9146 22.98669 34.89769 22.99666 34.88183 23.00823 34.86719 23.0213 34.8539 23.03574 34.84209 23.05141 34.83187 23.06817 34.82334 23.08585 34.81659 23.10428 34.81168 23.12328 34.80865 23.14267 34.80754 23.16227 34.80835 23.18188 34.81108 23.20131 34.81571 23.22039 34.82218 23.23892 34.83043 23.25672 34.84039 23.27364 34.85197 23.28949 34.86504 23.30413 34.87948 23.31742 34.89515 23.32923 34.91191 23.33945 34.92959 23.34798 34.94802 23.35473 34.96702 23.35965 34.98641 23.36267 35.00601 23.36379 35.02562 23.36297 35.04505 23.36024 35.06413 23.35562 35.08266 23.34915 35.10046 23.34089 37.18503 22.24701 37.20195 22.23704 37.2178 22.22547 37.23244 22.2124 37.24573 22.19796 37.25754 22.18229 37.26776 22.16553 37.27629 22.14785 37.28304 22.12942 37.28796 22.11042 37.29098 22.09103 37.2921 22.07143 37.29128 22.05182 37.28855 22.03239 37.28393 22.01331 37.27746 21.99478 37.2692 21.97698 37.25924 21.96006 37.24767 21.94421 37.2346 21.92957 37.22016 21.91628 37.20448 21.90447 37.18772 21.89425 37.17004 21.88572 37.15162 21.87897 37.13261 21.87405 37.11322 21.87103 37.09363 21.86991 37.07402 21.87073 37.05458 21.87346 37.03551 21.87808 37.01698 21.88455 36.99917 21.89281 

66
15.80729 38.52575 15.79132 38.51434 15.77431 38.50454 15.75643 38.49646 15.73783 38.49018 15.71872 38.48574 15.69925 38.4832 15.67964 38.48258 15.66005 38.48388 15.64069 38.4871 15.62174 38.4922 15.60338 38.49914 15.58578 38.50784 15.56913 38.51822 15.55357 38.53019 15.53926 38.54362 15.52634 38.55839 15.51492 38.57436 15.50513 38.59137 15.49705 38.60925 15.49076 38.62784 15.48632 38.64696 15.48378 38.66643 15.48316 38.68604 15.48447 38.70563 15.48769 38.72499 15.49279 38.74394 15.49972 38.7623 15.50842 38.7799 15.5188 38.79655 15.53077 38.81211 15.5442 38.82642 15.55897 38.83934 17.36766 40.27155 17.38363 40.28296 17.40064 40.29276 17.41852 40.30084 17.43712 40.30712 17.45623 40.31156 17.4757 40.3141 17.49531 40.31472 17.5149 40.31342 17.53426 40.3102 17.55321 40.3051 17.57157 40.29816 17.58917 40.28946 17.60582 40.27908 17.62138 40.26711 17.63569 40.25368 17.64861 40.23891 17.66003 40.22294 17.66982 40.20593 17.6779 40.18805 17.68419 40.16946 17.68863 40.15034 17.69117 40.13087 17.69179 40.11126 17.69048 40.09167 17.68726 40.07231 17.68216 40.05336 17.67523 40.035 17.66653 40.0174 17.65615 40.00075 17.64418 39.98519 17.63075 39.97088 17.61598 39.95796 

66
6.71417 30.8916 6.70814 30.91028 6.70397 30.92946 6.7017 30.94896 6.70135 30.96858 6.70293 30.98814 6.70641 31.00746 6.71178 31.02634 6.71896 31.0446 6.72791 31.06207 6.73852 31.07858 6.7507 31.09397 6.76433 31.1081 6.77928 31.12081 6.7954 31.13201 6.81254 31.14156 6.83054 31.1494 6.84922 31.15543 6.8684 31.1596 6.88789 31.16187 6.90752 31.16221 6.92708 31.16064 6.9464 31.15715 6.96528 31.15179 6.98354 31.1446 7.00101 31.13566 7.01752 31.12504 7.03291 31.11286 7.04703 31.09923 7.05975 31.08428 7.07094 31.06816 7.0805 31.05102 7.08833 31.03302 7.87168 28.96041 7.87771 28.94173 7.88188 28.92255 7.88415 28.90306 7.8845 28.88343 7.88292 28.86387 7.87944 28.84455 7.87407 28.82567 7.86689 28.80741 7.85794 28.78994 7.84733 28.77343 7.83515 28.75804 7.82152 28.74392 7.80657 28.7312 7.79045 28.72001 7.7733 28.71045 7.75531 28.70262 7.73663 28.69659 7.71745 28.69242 7.69796 28.69015 7.67833 28.6898 7.65877 28.69137 7.63945 28.69486 7.62057 28.70022 7.60231 28.70741 7.58484 28.71636 7.56833 28.72697 7.55294 28.73915 7.53882 28.75278 7.5261 28.76773 7.5149 28.78385 7.50535 28.80099 7.49752 28.81899 

