43.0 29.0
42.0 29.3
40.8 29.4
39.8 29.2
38.8 29.6
37.7 29.7
36.5 30.0
35.3 30.5
34.2 31.1
33.1 31.7
32.4 32.6
32.5 33.7
32.9 34.9
33.0 35.9
32.7 37.1
32.1 38.2
31.2 39.2
30.3 40.1
29.3 41.0
28.4 41.9
27.5 42.4
26.4 42.5
25.2 42.2
24.0 41.6
22.8 41.1
21.6 40.6
20.4 40.2
19.5 39.6
19.2 38.5
19.3 37.3
19.6 36.1
19.8 34.8
19.8 33.5
19.7 32.5
18.6 32.1
17.4 31.7
16.9 30.7
16.6 29.5
16.4 28.2
16.2 27.0
15.9 25.7
15.5 24.6
14.7 23.7
14.1 22.8
13.8 21.7
14.4 20.5
15.5 20.1
16.6 19.8
17.4 18.6
17.5 17.3
17.4 16.0
17.1 14.7
16.6 13.5
15.9 12.4
15.2 11.3
14.4 10.2
13.5 9.4
12.4 8.6
11.3 7.9
10.2 7.3
9.7 6.3
9.8 5.2
10.3 4.1
9.9 3.0
9.0 2.3
7.8 1.8
6.6 1.5
5.7 2.6
5.7 3.7
