43.0 29.0
42.7 27.9
42.0 26.9
41.2 25.8
40.7 24.6
40.1 23.5
39.6 22.3
39.0 21.1
38.5 20.0
37.5 20.8
37.2 21.9
36.2 22.1
35.1 21.7
34.0 21.1
33.0 20.3
32.2 19.4
31.6 18.3
30.7 17.6
29.5 17.1
28.3 16.9
26.9 16.8
25.7 16.8
24.6 16.4
23.5 15.8
22.6 15.1
22.2 14.1
22.0 13.0
21.2 12.3
20.1 12.0
18.8 12.0
17.6 12.0
16.3 11.7
15.4 11.2
15.3 12.5
15.1 13.5
13.8 13.7
12.6 13.6
11.8 14.3
12.9 14.3
12.6 13.1
11.5 12.4
10.3 11.9
9.6 11.0
9.7 10.0
10.0 8.7
10.1 7.4
10.1 6.2
10.1 5.0
10.4 3.8
10.8 2.7
9.8 1.9
8.7 1.6
7.4 1.7
6.3 2.2
5.4 2.9
4.7 3.9
