4.0 37.0
4.7 35.9
4.8 34.7
5.4 33.6
6.2 32.7
7.1 31.7
7.8 30.7
8.6 29.9
9.7 29.4
11.0 29.1
12.3 29.0
13.6 29.1
14.8 29.4
16.0 29.9
17.2 30.4
18.3 31.1
19.2 31.9
20.2 32.6
21.2 33.2
22.0 34.0
22.6 35.1
23.3 35.9
24.5 35.5
25.5 34.7
26.6 34.0
27.7 33.3
28.9 33.0
30.1 33.0
31.3 32.6
32.1 31.6
32.7 30.5
33.1 29.3
34.1 28.4
35.2 28.1
36.5 28.1
37.7 27.8
38.7 27.2
39.6 26.3
40.2 25.3
41.1 24.4
42.1 23.7
43.3 23.1
44.2 22.3
44.6 21.2
44.6 20.0
45.0 18.9
46.0 18.3
47.1 17.9
47.8 17.1
48.0 16.0
47.8 14.8
47.7 13.5
47.7 12.2
47.6 10.9
47.9 9.8
48.1 8.6
47.8 7.4
47.3 6.3
46.7 5.1
46.0 3.9
