43.0 21.0
42.0 20.6
41.1 19.9
40.1 19.5
39.1 19.8
37.8 19.8
36.6 19.5
35.3 19.1
34.1 18.7
32.9 18.7
31.7 18.1
31.0 17.2
30.5 16.0
30.2 14.8
30.0 13.5
29.7 12.5
29.0 11.5
28.1 10.6
27.0 9.9
25.9 9.2
24.8 8.6
23.5 8.2
22.3 8.1
21.2 8.6
20.5 9.6
20.1 10.8
19.6 11.9
18.6 12.2
17.7 11.7
17.0 10.8
16.3 10.0
15.2 9.5
14.1 9.5
12.9 9.5
11.9 9.0
10.9 8.1
10.2 6.9
10.2 5.7
10.3 4.4
10.2 3.2
9.7 2.3
8.5 2.0
7.7 2.7
7.1 3.7
6.6 4.9
5.8 5.9
5.1 6.7
4.0 7.0
2.8 7.2
2.1 8.2
2.0 9.4
1.9 10.6
2.7 11.5
3.6 12.2
4.2 13.2
4.6 14.4
5.1 15.5
5.9 16.6
6.6 17.6
7.3 18.7
8.0 19.8
8.8 20.8
9.6 21.8
10.1 22.8
9.8 24.0
9.2 25.1
8.6 26.2
8.2 27.4
8.0 28.7
