46.0 33.0
45.1 32.5
45.1 31.4
45.1 30.3
45.1 29.2
45.6 28.0
46.1 26.8
46.6 25.9
45.8 25.2
44.7 24.8
43.8 24.0
43.2 23.0
42.2 23.5
41.4 24.4
40.9 25.6
40.4 26.8
39.3 27.3
38.1 27.1
36.9 26.7
35.7 26.2
34.5 25.9
33.5 26.0
32.5 26.6
31.5 27.4
30.4 28.0
29.3 28.7
28.2 29.3
27.1 29.4
25.9 29.0
24.8 28.5
23.6 28.3
22.3 28.2
21.1 28.0
20.1 27.4
19.1 27.1
18.0 27.4
16.9 28.0
15.7 28.4
14.7 28.0
13.7 27.2
12.6 27.0
11.5 27.6
10.6 28.2
9.4 28.4
8.1 28.4
6.9 28.3
5.6 28.2
4.4 28.0
4.0 29.1
4.6 30.1
5.3 31.0
5.2 32.0
