15.0 4.0
15.8 5.0
14.6 5.6
13.5 6.3
12.5 7.0
12.1 8.1
12.3 9.3
12.7 10.3
13.7 10.4
15.0 10.2
16.1 9.8
17.5 9.9
18.6 10.5
19.7 11.3
20.7 12.0
21.8 12.8
22.8 13.6
23.6 14.4
24.3 15.5
24.8 16.8
25.1 18.0
25.9 18.8
27.1 19.2
28.2 19.8
29.2 20.6
30.3 21.2
31.0 22.0
31.4 23.2
32.1 24.3
32.9 25.3
33.5 26.2
33.6 27.3
33.4 28.5
32.9 29.7
32.5 30.8
32.6 32.1
32.9 33.3
33.5 34.5
34.0 35.6
34.0 36.9
33.4 37.8
32.4 38.0
31.5 37.4
30.5 37.0
29.5 37.4
28.4 37.9
27.4 37.6
26.6 36.8
25.9 36.0
24.8 36.3
23.9 37.1
23.2 38.1
22.1 38.7
20.9 38.8
19.7 38.7
18.6 38.9
17.6 39.6
16.3 40.0
15.1 39.7
14.1 39.2
13.0 39.5
12.1 40.2
11.4 41.2
10.9 42.4
10.3 43.5
9.9 44.6
9.9 45.9
10.2 47.1
9.4 47.8
8.2 47.7
7.1 47.2
6.0 46.6
4.9 45.8
