15.0 4.0
14.0 4.4
14.1 5.4
13.0 6.0
11.9 6.0
10.8 5.5
9.9 4.7
9.2 3.7
8.6 2.8
7.6 2.7
6.5 2.9
5.5 3.6
4.5 4.5
3.5 5.3
2.8 6.2
2.5 7.3
2.5 8.5
2.2 9.8
1.8 11.0
1.5 12.2
1.5 13.5
1.6 14.8
1.8 16.0
2.8 16.2
3.8 15.7
4.7 15.2
5.5 16.1
5.7 17.1
5.5 18.3
6.0 19.2
6.9 19.7
8.1 19.9
9.2 20.4
10.2 21.1
10.9 22.0
11.5 23.2
11.8 24.4
12.0 25.4
11.6 26.4
10.8 27.4
9.8 28.2
8.8 28.9
7.7 29.6
6.8 30.3
6.2 31.3
5.8 32.6
5.6 33.8
5.5 35.1
4.6 36.1
3.4 36.3
2.4 36.4
1.6 37.3
1.5 38.5
1.8 39.7
2.1 40.9
2.3 42.2
2.5 43.5
3.4 44.4
4.4 44.5
5.5 44.4
5.1 45.5
