20.0 10.0
19.4 11.2
18.6 12.1
18.3 13.1
18.4 14.3
18.8 15.5
18.9 16.7
18.8 17.9
18.5 19.1
17.8 20.0
16.8 20.7
15.6 21.2
14.5 21.4
13.3 21.2
12.1 20.7
11.0 20.0
9.9 19.3
8.8 18.6
7.7 18.4
6.6 18.6
5.5 19.2
4.9 20.0
4.6 21.1
4.5 22.4
4.7 23.8
4.8 24.9
5.4 25.8
6.5 26.4
7.5 26.9
7.7 28.1
8.2 29.2
9.4 29.4
10.6 29.0
11.7 28.4
12.9 27.9
14.1 27.5
15.3 27.1
16.5 26.9
17.6 27.2
18.7 27.7
19.8 28.4
20.7 29.1
21.7 29.2
22.8 28.8
24.0 28.2
25.2 27.7
26.4 27.8
27.4 28.4
28.1 29.4
28.9 30.2
29.9 30.3
31.1 30.0
32.2 29.3
33.3 28.8
34.4 28.4
35.6 28.5
36.7 28.9
37.8 29.1
38.6 28.5
39.1 27.5
39.6 26.3
40.2 25.1
40.9 24.1
40.9 22.8
40.4 21.7
39.6 20.7
