35.0 5.0
35.9 5.5
36.3 6.5
36.3 7.7
36.2 9.1
35.8 10.3
35.2 11.4
34.4 12.4
33.5 13.3
33.0 14.3
32.8 15.4
32.1 16.2
31.0 16.8
29.9 17.2
28.9 17.9
28.4 18.8
28.4 19.9
28.6 21.1
28.8 22.4
29.0 23.6
28.9 24.9
28.6 26.1
28.0 27.1
27.1 28.0
26.4 28.9
25.8 30.0
25.4 31.2
25.3 32.4
25.5 33.7
25.8 34.9
26.2 36.1
26.7 37.3
26.7 38.4
26.3 39.4
25.3 39.9
24.5 40.6
24.1 41.9
24.2 43.1
24.6 44.3
24.7 45.4
24.2 46.4
23.2 47.2
22.1 47.6
20.8 47.9
19.5 47.9
18.2 47.8
17.0 47.4
15.7 46.9
14.6 46.4
13.5 45.9
12.4 46.0
11.5 46.7
10.7 47.6
9.6 47.8
8.5 47.4
7.5 46.7
6.8 45.7
6.2 44.5
