35.0 5.0
33.9 4.6
32.8 4.1
31.9 5.0
31.1 5.9
30.0 6.4
29.0 6.1
27.9 5.4
27.1 4.7
25.8 4.6
24.6 5.0
23.6 5.6
22.6 6.4
22.0 7.5
21.7 8.7
21.7 9.9
22.0 11.1
22.6 12.2
23.3 13.3
23.9 14.3
23.7 15.6
23.1 16.7
22.3 17.7
21.4 18.6
20.6 19.5
20.2 20.5
20.2 21.7
20.5 22.9
20.9 24.0
19.5 23.9
18.4 23.3
17.4 22.8
16.4 23.4
15.7 24.4
15.2 25.6
14.7 26.5
13.5 26.8
12.3 26.5
11.2 25.9
10.0 25.8
8.7 25.9
7.4 26.2
6.4 26.7
5.8 27.6
5.4 28.8
5.2 30.1
5.2 31.4
5.4 32.7
5.2 33.8
4.7 35.0
4.7 36.1
5.3 37.1
6.2 37.9
6.9 38.8
6.6 39.9
6.0 40.9
5.1 41.8
4.8 42.9
5.1 44.2
