45.0 46.0
46.0 46.2
45.5 47.1
44.3 47.2
43.0 47.0
41.7 46.9
40.4 46.9
39.3 46.9
38.8 46.0
38.8 44.8
39.3 43.7
40.1 42.7
40.4 41.7
40.4 40.5
40.3 39.3
39.2 38.8
38.0 39.0
36.7 39.2
35.4 39.2
34.3 39.3
33.2 39.8
32.2 39.9
31.2 39.9
30.2 40.5
29.3 41.2
28.2 41.0
27.3 40.2
26.5 39.2
25.6 38.3
24.6 37.5
23.5 36.7
22.3 36.3
21.1 36.0
19.8 35.9
18.7 36.0
17.7 36.6
16.9 37.6
16.1 38.7
15.3 39.7
14.5 40.4
13.4 39.6
12.1 39.5
10.9 39.9
10.1 40.8
10.0 42.0
10.3 43.2
10.5 44.3
10.3 45.5
9.8 46.7
9.1 47.5
8.0 47.9
6.7 48.0
5.5 47.9
4.3 47.4
3.2 46.9
