45.0 46.0
46.1 45.6
47.1 45.0
47.7 44.1
47.9 42.9
47.7 41.8
47.6 40.5
47.6 39.3
47.7 38.2
46.6 37.4
45.5 37.4
44.4 37.7
44.0 36.6
44.3 35.6
44.9 34.6
44.9 33.4
44.3 32.3
43.4 31.4
42.4 30.6
41.4 29.8
40.4 29.1
39.3 28.4
38.2 27.8
37.1 27.1
36.1 26.4
35.2 25.6
34.7 24.6
34.4 23.3
34.4 22.2
33.4 21.5
32.2 21.4
31.0 21.3
29.8 21.1
28.6 21.3
28.0 22.2
27.6 23.3
27.2 24.5
26.8 25.7
26.3 26.9
25.8 28.2
25.2 29.3
24.5 30.3
23.6 31.0
22.5 31.3
21.3 31.2
20.3 31.1
19.3 31.6
18.5 32.5
17.7 33.6
17.0 34.7
16.3 35.8
15.5 36.8
14.7 37.8
13.7 38.6
12.6 39.2
11.8 40.0
11.6 41.1
12.0 42.2
12.2 43.3
11.9 44.3
11.2 45.4
10.2 46.1
9.1 46.5
7.9 46.9
6.8 47.5
5.7 48.2
4.8 47.7
4.3 46.6
