5.0 5.0
6.1 5.6
4.7 6.0
3.6 6.7
3.3 7.7
3.3 8.8
4.3 9.1
5.3 8.8
6.2 8.1
6.6 9.1
6.4 10.2
6.0 11.4
5.4 12.5
4.7 13.5
4.9 14.8
5.6 15.6
6.7 16.2
7.8 16.9
8.9 17.6
9.8 18.5
10.8 19.3
11.7 20.3
12.6 21.2
13.6 21.9
14.8 22.5
16.0 23.1
17.3 23.5
18.3 23.0
18.4 21.9
18.2 20.7
18.2 19.4
17.9 18.2
17.3 17.0
16.9 15.8
16.8 14.5
16.8 13.2
16.9 12.0
16.7 10.8
16.2 9.7
15.8 8.5
15.7 7.2
15.9 6.2
16.8 5.4
18.0 5.0
19.2 4.9
20.5 5.0
21.8 5.1
22.8 5.3
23.1 6.3
22.8 7.4
23.4 8.4
24.0 9.5
23.9 10.6
23.6 11.6
24.2 12.8
25.1 13.5
