7.0 21.0
8.2 20.9
9.3 20.6
10.4 20.0
11.5 19.4
12.6 19.1
13.9 19.1
15.1 19.4
16.3 19.4
17.4 19.1
18.5 18.5
19.5 17.8
20.6 17.2
21.8 16.8
23.1 16.4
24.4 16.1
25.5 15.4
26.1 14.3
26.8 13.2
27.5 12.1
28.2 11.0
29.4 10.7
30.2 11.5
30.9 12.6
31.4 13.8
31.5 15.1
31.5 16.3
31.6 17.4
32.1 18.5
32.7 19.6
33.1 20.9
33.4 22.1
33.6 23.5
34.1 24.4
35.1 25.0
36.4 25.2
37.7 25.3
39.0 25.2
40.0 24.8
40.9 24.0
41.6 23.0
42.2 21.8
42.5 20.5
42.9 19.3
43.5 18.1
44.1 17.0
44.4 15.9
44.6 14.6
44.9 13.4
45.8 12.4
46.9 11.9
47.9 11.1
48.3 10.0
48.3 8.8
48.2 7.5
47.6 6.5
46.8 5.5
45.8 4.7
