5.0 15.0
5.2 13.8
5.1 12.6
4.6 11.4
4.0 10.3
3.6 9.1
3.4 7.8
3.5 6.7
4.6 6.0
5.8 5.8
7.0 5.8
8.0 5.4
9.0 4.6
10.1 3.9
11.3 3.4
12.3 3.2
13.2 3.8
13.8 4.8
15.0 5.3
16.2 5.2
17.3 4.7
18.4 4.5
19.4 5.3
19.9 6.4
20.7 7.4
21.8 7.8
23.0 8.0
24.2 7.9
25.3 7.4
26.3 6.9
27.3 7.6
28.0 8.5
28.5 9.7
28.7 10.9
29.6 11.9
30.1 12.8
30.2 14.0
29.9 15.2
30.2 16.3
31.2 17.0
32.1 17.8
32.4 18.8
32.7 19.9
33.4 20.9
34.4 21.7
35.2 22.4
35.1 23.7
34.5 24.8
33.7 25.7
33.0 26.7
32.5 27.9
31.9 29.0
31.4 30.1
31.3 31.3
31.6 32.4
32.3 33.2
33.4 33.8
