5.0 15.0
6.2 14.9
7.3 14.7
8.4 14.9
9.4 16.0
10.6 16.6
11.8 16.8
13.0 16.7
14.2 16.4
15.2 15.7
16.3 15.4
17.5 15.5
18.7 15.7
20.0 16.0
21.2 16.4
22.5 16.4
23.7 16.1
25.0 15.7
26.3 15.5
27.6 15.4
28.9 15.4
30.0 15.5
31.1 16.0
32.2 16.7
33.1 17.5
34.0 18.4
34.6 19.3
34.7 20.4
34.4 21.6
33.9 22.7
33.4 23.9
32.9 25.1
32.4 26.1
31.2 26.3
30.1 26.1
28.9 26.4
27.9 27.1
27.1 28.1
26.5 29.2
26.0 30.4
25.5 31.7
25.1 32.9
24.7 34.0
25.0 35.2
25.7 36.1
26.6 36.7
27.6 36.8
28.8 36.5
30.1 36.1
31.4 35.9
32.7 35.7
33.9 35.4
