25.0 42.0
24.3 41.2
23.5 40.2
22.7 39.3
21.6 38.7
20.7 38.0
20.0 37.0
19.4 35.9
18.3 35.0
17.1 34.7
16.1 34.2
15.2 33.4
14.4 32.4
13.8 31.4
13.6 30.3
13.9 29.0
13.8 27.9
13.1 27.0
12.7 26.0
12.7 24.8
13.0 23.6
13.6 22.4
14.3 21.3
15.0 20.3
15.2 19.1
15.3 18.0
15.9 16.8
16.9 16.1
18.0 15.5
18.9 14.7
19.8 13.7
20.8 13.2
21.8 13.4
22.8 13.6
23.6 13.0
24.1 11.9
25.1 11.6
26.2 12.0
27.1 12.8
27.6 13.8
27.0 14.9
26.1 15.7
25.2 16.2
25.3 17.2
26.0 18.0
27.1 18.8
28.2 19.3
29.1 20.2
29.9 21.1
30.8 22.2
31.7 23.1
32.6 24.1
31.7 24.8
30.6 25.5
29.6 26.3
28.5 26.5
27.3 25.8
26.3 25.2
