45.0 45.0
44.8 46.0
43.8 46.7
42.7 46.9
41.5 46.8
40.4 46.3
39.4 45.6
38.4 45.3
37.2 45.5
36.0 45.9
34.8 46.6
33.5 47.0
32.4 46.8
31.2 46.4
30.0 46.1
28.6 46.1
27.3 46.2
26.0 46.3
25.0 46.4
25.2 45.0
25.9 44.1
26.8 43.3
27.7 42.4
28.4 41.3
28.7 40.2
28.8 38.9
28.8 37.8
29.7 37.2
30.8 37.1
31.8 37.2
32.2 36.2
32.1 35.0
32.0 33.9
32.2 32.8
31.8 31.8
31.2 30.8
32.0 29.7
32.6 28.9
32.6 27.8
32.3 26.7
33.3 26.1
34.5 26.4
35.6 27.0
36.5 27.5
37.3 26.6
37.5 25.4
37.4 24.2
37.0 23.0
36.5 21.8
36.0 20.6
35.7 19.3
35.4 18.0
