45.0 45.0
44.3 44.1
43.4 43.4
42.4 42.6
41.3 41.7
41.0 40.6
41.6 39.5
42.1 38.4
42.4 37.2
43.0 36.1
43.8 35.1
44.7 34.1
45.7 33.2
46.6 32.2
47.3 31.4
47.5 30.3
47.4 29.1
47.3 27.8
47.4 26.5
47.5 25.3
47.4 24.0
47.3 22.7
47.0 21.4
46.7 20.2
46.1 19.0
45.3 18.0
44.7 16.9
44.4 15.7
44.3 14.4
43.6 13.4
42.6 12.7
42.0 11.6
42.0 10.3
42.0 9.1
42.4 8.0
42.5 6.8
41.8 5.9
40.7 5.4
39.6 5.8
38.4 6.2
37.2 6.3
35.9 6.3
34.6 6.2
33.3 6.1
32.0 6.4
30.8 6.8
29.7 7.3
28.9 8.2
27.9 8.8
26.7 9.0
25.8 9.5
25.9 10.5
26.4 11.5
27.2 12.2
28.3 12.5
29.5 12.8
30.7 13.4
31.8 14.0
32.9 14.7
33.9 15.5
