47.0 3.5
46.1 4.3
45.1 3.8
44.7 4.8
43.8 5.6
42.7 6.1
41.4 6.2
40.1 6.0
38.9 5.6
37.9 5.1
37.1 4.2
36.3 3.6
35.2 3.7
34.1 4.3
33.0 4.9
31.8 5.5
30.6 5.9
29.4 6.3
28.4 6.9
27.8 7.8
27.4 9.0
27.2 10.3
27.2 11.5
27.2 12.8
27.2 14.1
27.4 15.4
27.3 16.6
26.9 17.9
26.3 19.0
26.0 20.2
26.5 21.1
27.1 22.0
27.2 23.1
26.9 24.2
26.3 25.2
26.8 26.1
27.9 26.5
28.0 27.7
27.5 29.0
27.1 30.2
26.9 31.3
27.0 32.5
27.4 33.7
27.5 34.9
27.3 36.1
26.9 37.3
27.0 38.3
27.5 39.4
28.4 40.3
29.4 40.7
30.3 40.2
31.0 39.3
31.5 38.1
31.9 36.9
32.4 35.7
