47.0 3.5
47.8 4.2
46.9 4.8
45.8 4.8
44.7 4.4
43.6 4.5
42.5 4.9
41.5 5.7
40.4 6.3
39.3 6.2
38.2 5.6
37.1 5.0
35.9 4.5
34.9 3.8
34.0 2.8
33.2 2.0
32.1 2.6
31.1 3.3
30.1 4.2
29.2 4.9
28.2 5.1
27.0 4.9
25.9 4.6
24.9 5.2
24.2 6.3
23.6 7.4
23.1 8.5
22.6 9.7
22.2 11.0
22.1 12.3
22.1 13.6
22.2 14.8
22.2 16.1
22.2 17.4
23.1 18.0
24.0 17.5
25.0 17.3
25.6 18.2
25.8 19.4
25.9 20.6
25.8 21.9
25.5 23.2
25.1 24.4
24.6 25.5
24.7 26.5
25.7 26.9
26.8 27.2
27.3 28.3
27.3 29.4
27.0 30.6
26.6 31.8
26.5 33.1
26.6 34.4
26.6 35.7
26.6 37.0
27.0 38.2
27.6 39.2
28.5 40.2
29.5 40.9
30.7 41.4
31.9 41.6
33.0 41.3
34.0 40.8
34.5 39.9
34.8 38.8
34.8 37.5
34.6 36.3
