25.0 25.0
23.9 25.4
22.9 25.6
21.8 25.4
20.6 24.8
19.7 24.2
19.1 23.2
18.6 22.0
17.7 21.2
16.7 21.4
16.0 22.2
15.4 23.3
15.2 24.4
15.4 25.6
16.0 26.8
16.7 27.9
17.2 29.1
17.7 30.3
18.1 31.5
18.7 32.6
19.5 33.5
20.9 33.4
21.9 33.6
23.0 34.2
23.9 35.1
24.6 35.9
25.9 36.3
27.0 36.1
27.8 35.4
28.4 34.4
28.8 33.2
28.9 32.1
29.0 30.9
30.0 30.2
31.1 30.2
32.3 30.5
33.6 30.7
34.7 30.6
35.6 29.7
36.0 28.6
36.2 27.3
36.4 26.1
36.3 25.1
35.8 24.0
34.9 23.1
34.2 22.3
33.9 21.3
33.5 20.0
33.0 18.9
32.9 17.8
33.2 16.6
33.7 15.4
34.4 14.3
