3.0 25.0
2.5 26.0
2.6 27.1
3.1 28.2
3.7 29.2
4.6 30.0
5.6 30.4
6.9 30.5
8.1 30.6
9.1 31.1
10.0 31.9
10.5 32.8
10.6 34.0
11.0 35.0
12.1 35.3
13.3 35.3
14.5 35.0
15.5 34.8
16.3 35.6
16.7 36.7
16.9 37.9
16.8 39.2
16.7 40.5
16.5 41.7
16.6 43.0
16.7 44.3
17.4 45.3
18.4 45.8
19.7 45.9
20.9 45.7
22.1 46.2
23.0 47.0
24.1 47.7
25.3 48.1
26.4 48.4
27.6 48.3
28.7 47.8
29.7 47.1
30.7 46.1
31.5 45.3
32.6 44.8
33.8 44.5
35.1 44.4
35.7 43.4
35.5 42.3
35.0 41.1
34.4 40.1
33.8 39.1
32.8 38.9
31.6 39.0
30.4 39.4
29.2 39.1
28.6 38.2
28.0 37.3
27.0 36.6
26.0 36.4
