32.0 8.5
32.7 9.3
33.6 10.1
34.7 10.8
35.7 11.5
36.0 12.8
35.7 13.9
35.0 15.0
34.2 16.0
33.4 16.9
32.8 18.0
32.4 19.2
32.0 20.4
31.3 21.4
31.4 22.6
31.6 23.8
31.9 24.8
32.5 25.8
32.3 26.8
31.5 27.7
30.5 28.5
29.7 29.5
29.1 30.6
28.4 31.7
27.5 32.6
26.5 33.5
25.5 34.2
24.3 34.7
23.1 35.1
21.9 35.4
20.6 35.9
19.4 36.0
18.3 35.5
17.4 34.6
16.5 33.6
15.8 32.6
15.0 31.5
14.1 30.5
13.6 29.5
13.4 28.2
13.4 27.0
12.9 26.1
11.9 25.6
10.6 25.5
9.3 25.6
8.2 25.5
7.4 24.7
6.9 23.6
6.7 22.3
6.8 21.3
7.3 20.1
7.7 18.8
8.1 17.8
9.0 17.0
9.5 16.0
9.8 14.8
10.3 13.7
11.1 12.7
12.1 11.9
13.1 11.0
14.0 10.0
14.9 9.2
16.0 8.6
17.2 8.2
