33.5 35.0
33.8 36.1
34.2 37.2
34.9 38.2
36.0 38.5
37.3 38.5
38.5 38.2
39.8 38.3
41.0 38.7
42.2 39.2
43.2 39.1
44.0 38.4
44.4 37.3
44.5 36.0
44.4 34.8
44.3 33.6
44.7 32.4
45.1 31.3
45.2 30.1
45.1 28.8
44.7 27.6
44.3 26.3
43.8 25.2
42.6 24.4
41.4 24.2
40.4 23.9
39.4 23.1
38.5 22.4
37.3 22.1
36.0 22.0
34.7 22.2
33.4 22.3
32.1 22.3
30.8 22.1
29.6 21.8
28.4 21.4
27.2 20.9
26.2 20.3
26.5 19.3
27.2 18.4
27.7 17.4
27.8 16.2
27.9 15.0
28.3 13.8
28.2 12.7
27.9 11.4
27.8 10.2
27.9 8.8
27.9 7.5
27.8 6.5
26.8 5.7
25.6 5.3
24.4 5.2
23.2 5.1
23.3 4.0
24.2 3.2
