17.5 46.0
17.0 45.1
17.1 44.1
16.6 43.1
15.8 42.2
15.1 41.4
14.8 40.3
14.8 39.1
15.1 38.1
16.2 37.8
17.5 37.8
18.6 38.1
20.0 39.0
21.2 39.6
22.1 40.3
22.6 39.0
22.8 37.8
23.5 36.7
24.5 36.4
25.7 36.6
26.7 36.7
27.0 35.5
26.7 34.3
26.2 33.2
25.8 32.0
26.2 31.0
27.0 30.1
28.0 29.4
28.7 28.6
28.2 27.7
27.2 27.0
26.0 26.6
26.7 25.7
27.9 25.3
29.2 25.1
30.5 25.1
31.8 25.2
33.0 25.3
34.1 25.0
35.2 24.3
34.3 23.5
35.3 22.8
36.4 22.7
37.7 22.5
38.8 22.4
40.1 22.7
41.2 23.2
42.3 23.8
43.4 24.4
44.6 24.7
45.8 24.9
