15.0 15.0
14.3 14.2
13.8 13.0
13.1 12.2
13.4 11.0
14.2 10.1
14.7 9.2
14.9 8.0
14.9 6.7
14.7 5.5
13.8 4.6
12.7 4.3
11.5 4.1
10.5 3.8
10.1 2.8
9.0 2.8
8.2 3.7
7.7 4.8
7.3 6.0
7.3 7.1
7.6 8.4
8.0 9.6
8.5 10.7
9.1 11.9
9.4 12.9
9.1 14.0
8.3 14.8
7.3 15.6
6.7 16.7
7.2 17.6
8.3 18.0
8.7 19.0
8.2 19.9
7.3 20.7
6.3 21.2
6.2 22.4
6.9 23.3
7.8 24.1
8.9 24.7
10.1 25.0
11.3 24.9
12.6 24.6
13.9 24.4
15.2 24.2
16.4 24.7
16.9 25.8
17.1 27.1
17.3 28.1
18.2 28.6
19.4 28.8
20.6 28.8
21.7 28.5
22.6 27.9
23.1 26.9
23.7 25.9
