15.0 15.0
14.2 14.3
13.2 15.0
12.0 15.0
10.7 14.7
9.5 14.2
8.4 14.5
8.2 15.6
8.3 16.7
8.7 17.8
8.1 18.7
7.0 19.2
5.8 19.4
4.7 20.1
4.1 21.2
4.6 22.1
5.7 22.6
6.7 23.5
7.2 24.5
7.3 25.7
7.7 26.8
8.4 27.6
9.5 27.9
10.7 27.8
11.8 27.8
12.7 28.3
13.6 29.1
14.2 30.1
14.5 31.3
14.6 32.6
14.9 33.8
15.5 35.0
16.2 36.0
17.4 36.2
18.4 35.6
19.3 34.8
20.2 34.3
21.3 34.6
22.3 35.2
23.1 36.1
24.1 36.8
25.1 35.9
25.7 34.9
26.2 33.7
26.8 32.7
27.7 31.8
28.5 31.1
28.3 30.0
27.6 29.1
26.6 28.3
25.6 27.6
25.0 26.7
