15.0 13.0
16.1 13.0
16.4 14.0
16.5 15.1
17.4 15.6
18.6 15.6
19.9 15.5
21.1 15.3
22.3 15.0
23.5 14.5
24.6 13.9
25.8 13.3
26.9 13.0
28.1 13.1
29.3 13.5
30.2 14.2
30.9 15.3
31.4 16.4
32.0 17.5
32.8 18.6
33.7 19.4
34.7 20.2
35.7 20.9
36.7 21.8
37.6 22.7
38.4 23.7
38.8 24.7
38.4 25.7
37.6 26.5
36.5 27.0
35.4 27.6
34.5 28.5
33.8 29.6
33.1 30.7
32.3 31.5
31.2 32.2
30.0 32.6
29.0 33.2
28.2 34.1
27.5 35.2
26.3 35.7
25.1 35.4
24.0 34.8
23.0 34.2
21.7 34.2
20.6 34.7
19.5 35.5
18.6 36.4
17.5 36.7
16.4 36.4
