45.0 15.0
45.9 15.9
46.2 17.1
46.1 18.3
45.6 19.4
44.9 20.4
44.3 21.2
44.5 22.3
45.3 23.1
45.7 24.1
45.7 25.2
45.6 26.3
46.1 27.3
47.0 28.3
47.7 29.2
47.5 30.2
46.9 31.3
46.1 32.3
45.1 33.1
44.1 34.0
43.2 34.9
42.1 35.6
40.9 36.1
39.8 36.3
38.5 36.2
37.3 35.7
36.0 35.8
34.9 36.4
33.8 36.9
32.6 37.1
31.3 37.1
30.1 37.0
29.1 36.4
28.3 35.6
27.7 34.6
26.8 34.0
25.6 33.6
24.4 33.5
23.4 33.6
22.3 34.2
21.5 35.0
20.6 35.6
19.6 35.4
18.7 34.7
18.0 33.7
17.0 33.2
16.0 33.5
15.0 34.1
13.8 34.6
12.6 34.9
11.4 35.0
10.1 34.9
8.8 34.9
7.5 35.0
6.2 35.0
