25.0 25.0
26.2 25.1
27.4 24.8
28.3 24.0
29.1 23.1
29.4 21.9
29.4 20.7
29.4 19.4
29.7 18.2
29.4 17.1
28.5 16.6
27.3 16.3
26.0 16.2
24.7 16.1
23.4 15.9
22.1 15.8
20.8 15.9
19.6 16.2
18.4 16.5
17.4 17.6
17.0 18.7
16.8 20.0
16.7 21.3
16.4 22.6
16.1 23.9
15.7 25.1
15.8 26.2
16.2 27.3
16.8 28.4
17.6 29.5
18.3 30.6
19.1 31.6
19.9 32.6
20.9 33.4
22.0 33.9
23.1 34.4
24.1 35.1
24.8 36.0
25.5 37.2
26.2 38.3
27.0 39.2
28.0 39.9
29.2 40.3
30.2 39.9
31.3 39.3
32.4 38.6
33.5 37.9
34.6 37.1
35.6 36.8
36.7 37.2
