33.5 17.5
34.5 17.1
35.4 16.3
36.4 15.7
37.6 15.3
38.7 14.8
39.5 13.9
40.3 12.9
41.0 11.8
41.7 10.8
42.0 9.6
42.2 8.4
42.1 7.2
41.6 6.1
40.7 5.2
39.6 4.4
38.5 4.0
37.6 4.7
36.6 5.2
35.4 5.4
34.2 5.4
33.0 5.3
31.8 5.6
30.6 5.7
29.4 5.4
28.2 4.9
27.1 4.8
25.9 5.1
24.8 5.7
23.8 6.0
22.6 5.8
21.5 5.4
20.5 5.2
19.4 5.5
18.2 5.4
16.9 5.1
15.7 4.6
14.5 4.1
13.5 3.7
12.5 3.8
11.6 4.9
11.6 6.1
11.8 7.3
12.1 8.4
11.7 9.5
10.7 10.3
10.0 11.1
9.7 12.2
9.6 13.4
9.3 14.5
8.7 15.7
8.0 16.7
7.2 17.8
6.2 18.1
5.1 17.6
4.2 16.8
