25.0 46.0
26.1 45.4
26.4 44.1
26.6 42.9
26.6 41.7
26.7 40.5
27.0 39.3
27.5 38.2
27.6 37.2
27.3 36.1
26.7 35.0
25.9 34.0
25.4 33.0
25.7 32.0
26.4 31.1
27.2 30.2
27.4 29.2
27.1 28.1
26.5 27.0
25.7 25.9
25.2 25.0
25.3 23.6
25.8 22.5
26.5 21.5
27.3 20.5
27.9 19.4
28.2 18.2
28.4 16.9
28.5 15.6
28.3 14.5
27.6 13.5
26.9 12.6
26.6 11.5
26.6 10.2
26.7 9.1
26.2 8.0
25.4 7.0
24.5 6.0
23.5 5.2
22.5 4.7
21.3 5.0
20.0 5.0
18.7 4.9
17.6 5.0
16.4 5.4
15.2 5.5
14.0 5.3
12.8 5.1
11.5 4.7
10.3 4.2
9.2 3.5
8.3 3.0
7.3 3.1
6.2 3.6
5.2 4.4
4.6 3.6
5.1 2.6
4.1 2.3
