45.0 46.0
45.2 44.6
45.7 43.5
46.5 42.4
47.4 41.5
48.0 40.6
48.1 39.5
47.9 38.2
47.5 37.0
47.0 35.9
46.0 35.1
44.9 34.5
44.0 33.7
43.9 32.6
44.1 31.4
43.4 30.3
42.2 30.0
41.0 30.0
40.1 29.4
39.8 28.3
39.8 27.1
40.0 25.9
39.4 24.9
38.4 24.5
37.3 24.5
36.3 24.6
36.0 23.5
36.2 22.3
36.8 21.1
36.5 19.9
35.5 19.3
34.5 18.9
33.9 17.7
34.0 16.6
34.4 15.5
35.1 14.4
36.0 13.6
37.1 12.9
38.2 12.5
39.0 11.5
39.3 10.3
39.3 9.1
39.2 7.8
38.9 6.5
38.7 5.2
38.5 4.2
39.1 3.4
40.1 2.9
41.4 2.7
42.6 2.7
43.9 3.1
