47.0 17.5
46.0 17.9
45.1 18.7
43.9 18.4
42.9 19.0
41.9 19.8
40.8 20.4
39.6 20.9
38.9 21.7
38.2 22.5
37.2 22.7
36.2 23.4
35.8 24.4
35.5 25.4
34.2 25.5
33.1 24.9
32.0 24.3
30.9 23.8
29.7 23.6
28.4 23.5
27.2 23.4
26.1 23.2
25.1 23.5
24.3 24.3
23.5 25.2
22.5 25.9
21.3 26.3
20.1 26.7
19.0 27.4
17.9 28.1
18.1 26.9
18.7 25.9
18.0 25.1
17.5 26.3
16.7 27.1
15.6 27.8
14.4 28.2
13.1 28.3
11.8 28.2
10.6 28.0
9.3 27.6
8.1 27.3
7.0 27.1
5.8 27.7
5.0 28.6
4.5 29.7
4.4 30.8
4.6 32.1
5.0 33.3
5.5 34.5
5.6 35.7
5.8 36.9
6.3 38.1
6.9 39.1
7.9 39.7
9.0 40.2
10.2 40.8
11.2 41.7
12.2 42.2
13.3 41.9
14.3 41.1
15.1 40.2
15.9 39.1
16.7 38.1
17.5 37.2
18.6 37.3
18.1 36.3
