47.0 3.5
46.2 4.2
45.0 4.7
44.0 4.8
42.9 4.1
42.3 3.1
41.6 2.3
40.5 2.4
39.4 2.3
38.1 2.0
36.8 2.0
35.4 2.0
34.2 2.1
33.1 2.6
32.2 3.4
31.4 4.4
30.6 5.4
29.6 6.2
28.9 7.0
28.6 8.1
28.6 9.4
28.5 10.7
28.2 12.0
28.0 13.2
27.6 14.4
27.0 15.6
26.3 16.7
25.6 17.7
25.2 18.8
25.0 20.1
24.9 21.3
24.5 22.5
23.9 23.7
23.1 24.7
22.5 25.8
22.1 26.9
21.9 28.2
21.9 29.5
22.0 30.8
22.1 32.1
22.4 33.4
22.7 34.7
23.1 35.9
23.4 37.2
23.3 38.2
22.2 38.9
21.2 39.0
20.3 38.5
19.3 37.7
18.4 37.1
17.1 37.7
16.3 38.5
15.9 39.6
15.9 40.9
16.1 42.1
16.5 43.3
17.2 44.5
