47.0 3.5
45.8 3.9
44.7 3.6
43.5 3.5
42.6 4.1
41.9 5.1
41.3 6.2
41.0 7.3
41.8 8.4
41.9 9.5
41.7 10.7
41.1 11.8
40.3 12.7
39.5 13.5
40.0 14.7
40.9 15.4
41.9 16.0
41.8 17.2
41.1 18.0
40.0 18.5
39.3 19.3
38.9 20.4
38.8 21.6
38.9 22.8
38.0 23.3
36.8 23.4
35.5 23.6
34.3 23.9
33.1 24.3
32.3 25.0
31.7 26.0
30.9 26.7
29.9 26.6
28.6 26.3
27.4 25.8
26.2 25.4
25.1 25.4
24.2 26.5
23.7 27.7
23.5 28.9
23.5 30.2
23.3 31.6
23.1 32.9
22.8 34.2
22.7 35.3
23.0 36.4
22.5 37.5
21.6 38.2
20.5 38.7
19.7 39.8
19.5 40.9
19.4 42.2
19.5 43.3
18.9 44.2
18.1 43.4
17.1 44.0
16.7 45.1
