25.0 47.5
24.0 48.0
23.4 46.8
22.4 46.4
21.2 46.2
19.9 46.2
18.7 46.3
17.6 46.2
17.0 45.3
16.7 44.1
16.7 42.9
16.8 41.6
16.7 40.4
16.4 39.2
16.3 37.9
16.4 36.7
16.5 35.5
16.3 34.3
15.7 33.1
15.0 32.0
14.3 31.0
13.5 30.0
13.2 28.7
13.5 27.6
13.8 26.3
14.0 25.0
14.2 23.8
14.6 22.6
14.8 21.3
15.0 20.1
15.4 18.9
16.1 17.7
16.9 16.7
17.8 15.7
18.5 14.8
19.1 13.6
19.7 12.5
20.2 11.3
20.9 10.4
21.8 9.6
22.6 8.6
23.3 7.4
23.9 6.3
24.5 5.2
25.2 4.0
25.8 3.2
27.0 2.9
28.1 3.1
29.1 3.7
30.3 3.6
31.1 3.0
32.4 3.2
33.4 3.8
34.3 4.7
35.4 5.3
36.6 5.1
37.7 4.7
38.8 4.1
39.8 3.5
40.8 3.4
41.8 3.9
43.0 4.6
44.1 5.3
