32.5 46.0
33.5 45.8
34.2 44.7
34.4 43.5
34.4 42.2
34.3 41.1
35.1 40.4
36.3 40.2
37.6 40.2
38.8 40.4
40.0 40.7
41.1 40.6
42.2 40.0
43.2 39.3
43.7 38.4
43.9 37.2
44.4 36.0
44.6 34.9
44.5 33.6
44.6 32.2
44.8 31.0
44.7 29.7
44.3 28.5
43.9 27.3
43.1 26.5
42.0 25.9
40.8 25.5
39.7 24.8
38.7 23.9
38.0 22.8
38.7 21.6
38.8 20.6
37.7 19.8
36.7 19.0
35.9 18.3
35.8 17.3
36.4 16.3
37.1 15.3
37.8 14.3
38.2 13.1
38.4 11.8
38.7 10.7
39.5 9.7
40.3 8.9
41.0 7.8
41.6 6.7
42.0 5.5
42.5 4.4
43.4 3.7
44.6 3.2
45.8 2.8
46.7 3.3
