32.5 46.0
33.0 45.0
32.7 43.9
32.1 42.8
31.3 41.8
30.5 40.8
29.7 39.8
28.9 38.7
28.1 37.8
27.2 36.9
26.6 36.0
26.8 35.0
27.4 34.0
27.7 32.7
27.3 31.6
26.7 30.5
26.3 29.4
26.7 28.3
27.5 27.4
28.5 26.6
29.3 25.7
30.0 24.7
30.9 23.8
31.9 23.4
33.1 23.3
34.3 23.5
35.4 23.8
36.4 23.5
37.6 22.9
38.7 22.2
39.7 21.4
40.4 20.6
39.8 19.3
39.3 18.1
39.0 16.9
38.8 15.6
38.7 14.3
38.5 13.0
38.4 11.7
38.6 10.5
38.9 9.3
39.4 8.1
39.8 6.9
40.2 5.6
40.7 4.5
41.6 3.9
42.8 3.7
43.9 3.7
44.9 3.1
45.8 2.3
46.9 2.6
47.5 3.5
