47.0 35.0
46.0 35.6
46.5 36.8
46.4 38.2
45.8 39.3
44.9 40.0
43.8 40.0
42.6 39.6
41.6 39.0
40.6 38.1
39.6 37.6
38.4 37.5
37.3 37.8
36.6 38.9
36.3 39.9
34.9 39.8
33.9 39.1
33.0 38.6
31.7 38.5
30.5 38.7
29.2 39.1
28.1 39.3
26.8 39.2
25.6 38.8
24.7 38.0
24.3 36.8
23.3 36.6
22.5 37.4
21.8 38.5
21.4 39.7
20.5 40.7
19.4 41.2
18.2 41.4
17.2 41.0
16.1 40.3
15.3 39.6
14.1 39.6
13.0 40.1
11.8 40.6
10.7 41.2
9.6 41.0
8.8 40.1
8.1 39.1
7.2 38.3
6.1 37.6
5.0 37.1
4.3 36.3
4.8 35.3
5.3 34.2
5.4 32.9
5.1 31.7
4.7 30.5
4.1 29.3
3.4 28.3
4.6 28.2
5.9 28.3
7.2 28.2
8.5 28.1
9.5 27.4
10.1 26.4
10.9 25.7
12.0 25.1
13.1 24.4
14.1 23.6
15.2 23.1
16.4 22.8
17.6 22.7
18.9 22.9
20.1 23.4
21.1 23.0
21.1 21.8
22.2 21.8
23.2 21.5
23.6 20.2
23.9 19.1
24.6 18.3
