45.0 15.0
44.1 15.5
43.4 16.5
42.4 16.8
41.4 16.2
40.8 17.1
39.8 17.2
39.1 16.4
38.6 15.3
38.2 14.2
37.5 13.3
36.5 12.8
35.5 13.1
35.0 14.5
34.8 15.7
34.7 17.0
34.7 18.3
34.9 19.6
35.2 20.8
35.7 21.9
36.4 22.9
36.9 23.8
37.0 25.0
36.9 26.3
36.6 27.5
36.2 28.7
36.1 30.0
36.1 31.2
35.8 32.4
35.2 33.4
34.4 34.4
33.4 35.1
32.3 35.7
31.0 36.2
29.7 36.4
28.4 36.6
27.3 36.7
26.3 37.7
25.4 38.4
24.2 38.4
23.0 38.2
21.8 37.8
20.7 37.3
19.6 36.9
18.5 36.5
17.7 35.7
17.1 34.6
16.6 33.4
16.2 32.1
15.6 31.0
14.8 30.0
13.9 29.0
13.0 28.2
12.0 27.3
11.0 26.5
9.9 25.9
8.7 25.4
7.5 25.1
6.2 24.9
5.0 24.9
3.9 24.9
3.4 24.0
3.3 22.9
3.7 21.7
4.1 20.4
4.2 19.3
4.1 18.0
4.2 16.9
4.7 16.0
