45.0 15.0
45.8 15.8
45.9 16.9
45.9 18.2
45.8 19.5
45.7 20.7
45.6 22.0
45.9 23.1
46.4 24.3
47.1 25.3
47.8 26.4
48.3 27.4
48.2 28.5
47.9 29.7
47.1 30.5
46.1 31.1
45.1 31.9
44.2 32.9
43.0 33.3
41.9 32.9
41.2 32.1
41.1 30.9
41.3 29.7
41.7 28.5
41.7 27.3
40.6 26.7
39.5 26.5
38.4 25.8
37.8 24.7
37.4 23.5
36.8 22.4
36.2 21.3
35.7 20.1
35.4 18.8
35.0 17.7
34.3 16.7
33.2 16.0
32.1 15.4
30.9 14.7
29.7 14.0
28.6 13.3
27.5 12.7
26.2 12.4
25.2 12.5
24.0 13.0
23.0 13.7
22.0 14.2
20.8 14.3
19.5 14.2
18.2 14.0
16.9 13.9
15.7 13.9
14.5 14.0
13.4 13.7
12.4 13.0
11.4 12.5
10.3 12.6
9.4 13.4
8.4 14.2
7.3 14.8
6.1 15.3
