4.0 13.0
3.1 12.2
2.1 11.3
1.8 10.2
1.7 8.9
1.9 7.7
2.3 6.4
2.8 5.3
3.5 4.4
4.5 3.6
5.6 2.9
6.7 2.3
7.9 1.8
9.2 2.2
10.4 2.6
11.7 2.9
13.0 3.0
13.8 3.7
13.5 4.8
13.1 6.1
12.5 7.3
11.9 8.3
12.2 9.3
13.1 10.0
14.2 10.3
15.4 10.3
16.6 10.0
17.8 9.7
19.1 9.5
20.3 9.0
21.5 8.8
22.7 8.9
23.9 9.2
25.0 9.8
26.0 10.6
26.9 11.4
28.1 11.4
29.3 11.1
30.4 10.5
31.6 9.9
32.8 9.5
34.1 9.2
35.4 9.0
36.7 8.9
37.9 8.8
39.0 8.4
39.9 7.7
40.4 6.7
40.6 5.5
40.6 4.2
40.5 2.9
41.2 1.9
42.5 2.2
43.4 2.9
44.1 3.9
44.9 4.9
45.8 5.8
46.6 6.9
47.2 8.0
47.7 9.2
48.0 10.4
48.1 11.6
48.1 12.9
47.8 13.9
47.1 14.8
46.1 15.5
44.9 15.9
44.0 16.9
43.7 18.0
43.6 19.3
43.7 20.7
43.7 21.8
42.8 22.3
41.7 22.3
40.6 21.8
39.4 21.4
