8.0 42.0
9.1 42.4
10.0 43.2
10.8 43.9
11.9 44.2
13.2 44.2
14.4 44.3
15.6 44.7
16.8 45.3
17.9 45.9
19.0 46.5
20.1 46.7
21.3 46.4
22.6 46.2
23.9 46.0
25.1 45.9
26.4 45.8
27.7 45.9
28.8 45.9
29.6 45.3
29.9 44.3
29.9 43.1
29.5 42.1
28.7 41.2
27.7 40.4
26.6 39.8
25.4 39.3
25.3 38.3
26.0 37.5
26.6 36.5
26.5 35.5
26.1 34.3
25.6 33.1
25.1 32.0
24.3 31.4
23.1 31.0
22.0 30.8
21.0 30.2
20.2 29.3
19.5 28.3
19.1 27.1
18.8 25.8
18.7 24.5
18.6 23.1
18.2 22.1
17.2 21.3
16.2 20.5
15.2 19.6
14.2 18.7
14.4 17.7
15.4 17.1
16.7 16.9
17.8 16.5
18.9 15.9
19.9 15.2
20.8 14.3
21.7 13.4
22.5 12.4
23.5 11.7
24.7 11.2
25.7 10.4
26.4 9.4
27.0 8.4
26.5 7.5
