46.0 46.0
46.8 45.3
46.9 44.2
46.6 43.0
46.1 41.9
46.0 40.7
46.2 39.5
46.5 38.3
46.4 37.2
45.9 36.1
45.2 35.0
44.6 34.0
44.2 32.9
44.4 31.7
44.8 30.5
45.2 29.5
44.9 28.3
44.1 27.5
43.0 26.9
41.8 26.5
40.5 26.4
39.2 26.3
37.9 26.3
36.6 26.4
35.6 26.0
34.9 25.1
34.5 24.0
33.9 23.2
32.9 22.7
31.7 22.6
30.4 22.7
29.2 22.9
28.0 22.9
26.7 22.6
25.6 22.1
24.5 21.5
23.8 22.5
23.9 23.6
24.0 24.8
23.6 25.8
22.8 26.8
21.8 27.5
21.5 28.8
22.1 30.0
22.8 31.0
23.6 31.7
24.7 32.1
25.8 32.1
26.9 32.6
27.7 33.6
27.8 34.7
27.7 36.0
27.3 37.0
26.5 38.0
25.6 38.9
24.6 39.8
23.6 40.6
22.6 41.1
21.3 41.3
20.0 41.3
19.0 42.0
18.6 43.1
18.6 44.3
18.5 45.6
