5.0 45.0
5.8 44.1
5.6 43.0
5.0 41.9
4.3 40.8
3.7 39.8
3.4 38.6
3.3 37.3
3.3 36.0
3.8 34.9
4.5 33.8
5.2 32.7
5.9 31.6
6.5 30.5
6.8 29.4
6.7 28.1
6.6 26.9
6.7 25.6
6.9 24.3
7.0 23.1
6.8 22.0
6.3 20.9
5.5 19.9
4.7 18.9
4.0 18.1
4.9 17.2
6.0 16.8
7.2 16.7
8.5 16.8
9.7 17.0
10.8 17.2
12.0 16.9
13.0 16.3
13.9 15.6
15.0 15.5
16.3 15.6
17.6 15.8
18.6 16.1
19.6 15.8
20.5 15.1
21.2 14.2
21.6 13.0
21.8 11.7
22.0 10.5
22.4 9.5
23.3 8.8
24.4 8.1
25.6 7.6
26.8 7.2
28.1 6.8
29.2 6.3
30.4 5.9
31.6 5.9
32.9 5.8
34.2 5.7
