15.0 5.0
16.0 4.8
16.9 4.2
17.9 3.3
18.8 2.3
19.7 1.8
20.9 1.7
22.2 1.8
23.4 2.0
23.3 3.0
22.7 4.2
21.9 5.2
20.9 5.9
19.8 6.6
18.6 7.1
17.4 7.6
16.4 8.1
15.7 9.0
15.3 10.2
15.1 11.4
14.5 12.5
13.6 13.4
12.6 14.2
11.7 15.1
10.7 16.1
10.0 17.0
9.7 18.0
9.9 19.2
9.7 20.4
9.2 21.6
8.6 22.7
7.9 23.9
7.3 24.8
7.3 25.9
7.7 27.1
8.3 28.2
9.1 29.3
9.7 30.3
9.6 31.6
9.0 32.7
8.3 33.8
7.4 34.6
6.4 34.7
5.5 34.1
4.3 33.8
3.5 34.5
2.9 35.6
2.6 36.7
2.7 38.0
3.5 38.9
4.5 39.5
5.3 40.6
5.3 41.8
4.9 42.9
4.3 44.0
