15.0 5.0
16.0 5.2
17.3 4.9
18.3 4.3
19.2 3.5
20.0 2.9
21.3 2.9
22.3 3.4
23.4 3.8
24.6 3.7
25.8 3.4
27.0 3.0
28.3 2.7
29.6 2.5
30.6 2.4
31.4 3.3
31.7 4.4
32.5 5.1
33.6 5.5
34.7 5.6
35.5 6.3
35.1 7.4
34.3 8.1
34.0 9.3
34.6 10.2
35.7 11.0
36.8 11.6
38.1 12.1
38.7 13.2
38.3 14.3
37.6 15.4
36.8 16.4
36.1 17.5
35.7 18.6
35.7 19.7
36.1 20.8
36.8 21.7
37.4 22.6
37.6 23.7
37.5 25.0
37.1 26.2
36.3 27.1
35.2 27.5
34.0 27.7
32.8 27.6
31.7 27.9
31.0 28.8
30.8 29.9
30.2 31.0
29.4 31.9
28.8 32.9
28.7 34.0
28.7 35.2
28.3 36.3
27.7 37.4
26.9 38.4
26.1 39.4
25.3 40.4
24.8 41.4
24.7 42.6
23.9 43.5
22.8 44.0
21.6 44.3
20.4 44.4
19.2 44.5
18.3 45.0
17.4 45.6
16.3 45.9
15.0 45.9
13.7 46.1
12.5 46.4
11.1 46.6
10.1 46.5
8.7 46.0
7.7 44.9
6.8 45.4
5.8 45.5
