45.0 4.0
44.3 3.2
43.1 2.6
42.0 3.0
40.9 3.7
39.9 4.5
39.0 5.5
38.4 6.5
38.2 7.7
38.3 8.9
37.8 9.9
36.7 10.3
35.4 10.4
34.2 10.3
32.9 10.0
31.7 10.0
30.4 10.3
29.2 10.6
27.9 11.0
26.7 11.5
25.5 11.9
24.3 12.3
23.2 12.7
22.4 13.6
21.7 14.6
21.2 15.8
20.8 17.0
20.0 18.1
18.9 18.6
17.6 18.9
16.4 19.1
15.1 19.3
14.0 19.6
13.2 20.3
12.7 21.3
12.3 22.6
12.0 23.8
11.7 25.1
11.5 26.3
10.6 27.2
9.5 27.6
8.3 27.8
7.0 27.7
5.9 28.3
5.2 29.2
5.0 30.2
5.2 31.5
5.3 32.8
5.3 34.0
4.9 35.3
4.4 36.5
3.8 37.6
3.0 38.6
2.2 39.3
2.3 40.3
2.6 41.4
2.6 42.6
2.7 43.9
2.9 45.1
3.3 46.3
4.5 46.9
5.6 46.9
6.8 46.8
7.9 47.3
8.9 47.8
10.1 47.4
10.8 46.5
11.5 45.4
11.4 44.4
10.6 43.5
10.5 42.5
10.7 41.3
11.2 40.1
11.9 39.1
12.7 38.0
13.4 36.9
14.2 35.9
15.1 35.3
16.3 34.9
17.5 34.9
18.7 35.2
19.9 35.6
21.1 35.9
22.3 36.0
23.6 36.0
24.9 36.1
26.2 36.4
27.3 36.7
28.5 36.7
29.7 36.8
30.9 37.2
32.0 37.9
33.1 38.5
34.2 39.2
35.3 39.7
36.6 40.1
37.9 40.4
39.1 40.8
40.1 41.3
40.7 42.4
40.8 43.6
40.7 44.9
40.6 45.9
41.4 46.8
42.4 47.0
43.2 46.4
43.6 45.4
43.9 44.4
45.0 44.1
46.1 44.5
47.3 44.0
47.8 42.9
48.2 41.7
48.4 40.5
48.5 39.3
48.2 38.3
47.4 37.3
46.5 36.4
45.6 35.5
44.9 34.4
44.2 33.3
43.6 32.2
43.0 31.0
42.3 29.9
41.5 28.8
40.6 27.8
39.6 27.0
38.6 27.1
