4.0 13.0
5.0 13.4
5.4 12.4
4.1 12.2
3.2 11.5
2.5 10.5
2.0 9.4
2.2 8.2
2.9 7.2
3.7 6.4
4.0 5.4
3.9 4.1
3.8 3.0
4.4 2.2
5.4 1.7
6.5 1.6
7.8 1.7
9.0 1.9
10.3 2.2
11.2 2.9
11.5 4.1
11.5 5.3
11.2 6.6
10.9 7.9
10.7 9.1
11.1 10.1
11.8 11.1
12.7 11.7
13.9 11.9
15.1 11.8
16.4 11.6
17.6 11.2
18.7 10.6
19.8 10.4
20.8 10.9
21.8 11.0
22.9 10.8
24.1 10.3
25.2 9.9
26.5 9.8
27.7 9.9
29.0 10.1
30.2 10.3
31.3 10.8
32.3 11.6
33.3 12.3
34.1 13.3
34.4 14.5
34.0 15.5
33.2 16.4
32.1 17.0
31.7 18.0
32.1 19.0
32.9 20.0
33.9 20.7
35.0 21.3
36.2 21.9
37.3 22.4
38.5 22.9
39.4 23.6
40.0 24.6
40.4 25.8
40.7 26.9
41.5 27.7
42.5 28.1
43.6 28.3
44.1 29.3
43.7 30.5
43.8 31.6
44.2 32.7
44.8 33.7
44.7 34.8
44.1 36.0
