4.0 13.0
5.2 13.1
6.1 13.7
6.6 14.7
6.8 16.0
6.8 17.2
7.0 18.2
7.8 19.0
8.9 19.5
10.1 19.7
11.4 19.9
12.8 20.0
14.1 20.1
15.3 20.0
16.4 19.6
16.8 18.3
16.7 17.1
16.3 15.9
15.9 14.9
16.9 14.7
17.9 14.8
19.0 15.4
20.0 16.3
21.1 16.6
22.3 16.3
23.3 15.7
24.2 15.2
25.2 15.3
26.4 15.8
27.4 16.4
28.4 16.7
29.5 16.6
30.6 16.7
31.1 17.7
32.0 18.2
32.8 19.0
33.5 20.1
34.0 21.3
34.6 22.4
35.2 23.6
36.2 24.5
37.3 24.9
38.3 25.6
39.0 26.4
39.4 27.5
39.3 28.8
39.7 29.9
40.7 30.3
41.9 30.2
43.0 29.9
43.6 31.0
43.4 32.3
43.2 33.4
43.9 34.7
44.8 35.6
