12.5 12.5
13.0 13.4
13.7 12.4
14.4 11.4
14.5 10.4
15.7 10.7
16.9 10.3
18.0 9.8
19.2 9.3
20.5 9.0
21.6 8.5
22.4 7.8
22.8 6.7
23.1 5.5
23.1 4.2
23.2 3.2
23.8 2.4
25.1 2.5
25.9 3.2
26.5 4.2
27.0 5.4
27.6 6.5
28.3 7.7
29.0 8.8
29.6 9.9
30.6 10.5
31.7 10.3
32.9 10.8
33.6 11.7
34.3 12.5
35.6 12.4
36.6 11.8
37.6 11.1
38.7 10.7
39.8 10.5
40.3 9.4
40.2 8.3
39.7 7.2
39.7 6.0
40.2 4.8
40.9 3.6
41.9 3.2
43.0 3.4
43.5 4.6
43.4 5.8
43.6 6.8
44.2 7.7
45.2 8.1
46.4 8.3
47.5 8.3
48.3 9.3
48.4 10.5
48.0 11.5
47.1 12.0
45.9 12.1
44.7 12.0
44.6 13.0
44.3 14.2
43.8 15.3
43.3 16.3
43.2 17.5
43.5 18.7
43.9 19.9
44.5 21.1
44.3 22.2
43.6 23.1
42.5 23.7
41.4 24.2
40.2 24.7
38.9 25.0
