37.5 25.0
38.3 24.2
38.2 23.2
37.2 23.7
36.2 23.0
36.1 21.8
36.3 20.5
36.7 19.4
37.0 18.4
36.7 17.4
35.9 16.5
35.0 15.6
33.9 14.9
32.9 14.4
31.7 14.4
30.6 14.7
29.4 14.0
29.0 12.9
28.5 11.9
27.5 11.6
26.3 11.6
25.1 11.9
23.9 12.5
22.8 13.2
21.8 13.9
20.8 13.8
19.8 13.1
19.0 12.2
18.3 11.4
17.3 11.1
16.1 11.1
15.0 11.6
13.9 12.3
13.0 13.3
12.0 14.1
11.1 15.0
10.1 15.9
9.3 16.8
8.7 17.9
8.3 19.1
8.2 20.3
8.0 21.5
7.4 22.6
6.6 23.7
5.8 24.7
5.1 25.7
4.4 26.7
3.6 27.8
3.0 28.8
2.5 30.0
2.0 31.2
1.9 32.2
2.9 33.1
4.0 33.6
