25.0 7.5
23.9 7.3
23.5 6.1
22.8 5.1
22.2 4.0
21.5 3.0
20.4 2.8
19.3 3.0
18.3 3.6
17.6 4.5
17.2 5.7
16.6 6.8
15.8 7.9
15.8 9.0
16.6 9.6
17.8 9.7
18.6 10.5
18.7 11.6
18.4 12.9
17.8 14.0
17.3 15.2
16.7 16.2
15.8 17.1
14.8 17.7
14.3 18.9
14.4 20.2
14.5 21.4
14.1 22.6
13.7 23.6
13.7 24.8
14.1 26.0
14.2 27.1
13.9 28.4
13.5 29.6
13.0 30.8
12.6 32.0
12.3 33.3
12.1 34.6
12.0 35.8
11.6 36.9
10.6 37.5
9.8 38.6
9.6 39.7
9.6 40.8
10.2 41.8
11.1 42.6
12.2 43.3
13.3 43.9
14.4 44.6
15.6 45.3
16.7 45.9
17.9 46.5
19.1 46.9
20.3 47.1
21.3 47.0
22.4 46.4
23.4 46.1
24.6 46.3
25.7 46.7
26.8 47.4
27.8 47.8
28.8 47.3
30.0 47.2
31.0 47.8
31.9 48.4
33.1 48.5
34.3 48.4
35.6 48.1
36.9 47.8
37.8 47.0
38.1 45.9
38.2 44.6
38.4 43.3
38.6 42.0
39.0 40.9
39.7 39.9
40.6 38.9
41.5 38.0
42.4 37.2
43.4 36.3
44.4 35.5
45.3 34.6
46.0 33.5
46.6 32.4
47.2 31.2
47.1 30.0
46.6 28.9
46.4 27.7
46.4 26.4
46.6 25.2
46.7 24.0
46.5 22.8
46.0 21.7
45.0 20.8
43.9 20.6
42.6 20.7
41.5 20.8
40.6 20.0
40.3 18.9
40.3 17.7
40.6 16.4
40.9 15.2
41.3 14.0
41.8 12.8
42.4 11.6
42.9 10.4
43.2 9.3
43.1 8.1
