45.0 46.0
46.0 45.7
45.5 46.8
44.4 47.4
43.4 47.8
42.3 48.2
41.5 47.2
41.1 46.0
41.0 44.7
40.9 43.7
40.3 42.9
39.3 42.1
38.2 41.6
37.0 41.1
35.7 40.6
34.5 40.1
33.3 39.6
32.3 39.1
32.3 38.0
32.6 37.0
32.2 35.8
31.3 34.8
30.4 34.3
29.5 35.0
29.1 36.1
28.1 37.0
27.0 37.1
25.7 37.0
24.5 36.7
23.5 36.1
22.7 35.2
21.6 34.6
20.5 34.3
19.5 33.8
18.7 33.0
18.1 31.9
17.6 30.9
16.5 30.5
15.3 30.5
14.2 30.0
13.3 29.3
13.1 28.0
13.7 26.9
14.5 25.9
15.3 24.9
16.0 23.8
16.3 22.6
16.4 21.3
16.9 20.2
18.0 19.6
19.3 19.6
20.5 19.9
21.8 20.2
22.8 20.6
23.4 21.5
23.7 22.7
23.7 23.9
24.1 24.9
25.4 24.9
26.4 24.3
27.7 23.9
29.0 24.1
30.2 24.6
31.1 25.2
31.6 26.2
31.9 27.5
32.5 28.4
33.6 28.4
34.6 27.8
35.6 27.0
36.4 26.1
37.2 25.0
38.0 23.9
38.8 23.1
