45.0 35.0
44.2 34.2
45.0 33.4
45.9 32.6
46.9 31.7
47.5 30.7
46.9 29.5
46.1 28.6
45.7 27.6
45.0 26.4
44.3 25.4
43.5 24.3
42.7 23.4
42.4 22.4
42.5 21.2
42.9 20.0
43.4 18.8
43.7 17.6
44.0 16.4
44.5 15.3
44.6 14.0
44.2 12.9
43.5 11.9
42.8 10.8
42.2 9.6
41.6 8.5
40.5 8.9
39.8 9.9
38.9 10.8
37.9 11.6
36.8 12.3
35.7 13.0
34.6 13.7
33.7 14.3
33.3 15.3
33.0 16.3
32.2 17.2
31.3 17.8
29.9 17.7
28.7 17.3
27.5 16.8
26.5 16.1
25.5 15.2
24.7 14.6
23.5 14.8
22.5 15.4
21.6 16.3
20.5 16.4
19.6 15.8
18.8 14.9
17.7 14.9
17.1 15.9
16.3 15.0
16.3 13.9
16.5 12.9
15.6 12.4
14.6 12.6
14.3 13.7
