34.0 17.5
34.5 17.6
35.0 18.1
35.3 18.6
35.5 17.9
35.8 17.1
36.1 16.4
36.2 15.9
36.8 16.1
37.5 16.1
38.3 15.9
39.0 15.6
39.6 15.1
40.2 14.5
40.8 13.8
41.3 13.1
41.6 12.4
41.9 11.6
42.0 10.8
42.1 10.0
41.9 9.3
41.5 8.6
41.0 7.9
40.4 7.3
39.7 6.7
39.1 6.2
38.4 5.7
37.7 5.4
37.0 5.3
36.2 5.3
35.4 5.5
34.7 5.7
33.9 5.7
33.1 5.5
32.3 5.2
31.6 4.8
30.8 4.5
30.0 4.4
29.2 4.4
28.4 4.4
27.9 4.3
27.2 3.9
26.6 3.6
25.8 3.5
25.0 3.6
24.2 3.7
23.4 3.9
22.6 4.0
21.7 4.0
20.9 4.2
20.1 4.5
19.3 4.8
18.7 5.1
18.1 5.0
17.4 4.7
16.7 4.3
16.1 3.7
15.8 3.3
15.4 2.8
14.9 2.7
14.2 2.8
13.5 3.2
12.8 3.7
12.2 4.3
11.7 4.9
11.3 5.6
11.2 6.1
11.3 6.8
11.7 7.5
12.2 8.1
12.8 8.6
13.5 9.0
14.1 9.6
14.5 10.3
14.8 11.1
14.6 11.8
14.1 12.2
13.3 12.5
12.5 12.6
11.7 12.7
11.2 12.6
10.5 12.6
10.9 13.2
11.3 13.8
11.9 14.3
12.7 14.7
13.4 15.1
14.2 15.4
15.0 15.7
15.8 16.0
16.5 16.3
16.0 17.5
