34.0 17.5
34.0 16.9
34.1 16.1
34.7 16.2
35.2 16.6
35.8 17.2
36.2 17.9
36.6 18.6
37.1 19.2
37.8 19.6
38.6 19.8
39.2 20.1
39.3 20.8
39.0 21.4
38.4 21.9
37.7 22.1
36.9 22.1
36.4 22.0
35.6 21.9
34.7 21.9
33.8 21.9
32.9 22.0
32.0 22.1
31.2 22.2
30.6 22.2
30.0 22.0
29.3 21.5
28.9 21.2
28.2 20.8
27.5 20.3
26.7 19.9
26.1 19.6
25.3 19.6
24.5 19.8
23.7 20.0
22.9 20.4
22.2 20.8
21.4 21.3
20.7 21.8
19.9 22.2
19.1 22.7
18.4 23.1
17.7 23.3
16.9 23.3
16.2 23.3
15.5 23.5
14.9 23.9
14.5 24.5
14.1 25.3
13.7 25.8
13.1 26.3
12.4 26.5
11.6 26.5
10.8 26.4
10.0 26.2
9.2 25.8
8.6 25.5
8.2 24.8
8.1 24.0
8.2 23.2
8.4 22.3
8.8 21.6
9.3 20.9
9.8 20.3
10.4 19.8
11.2 19.4
12.0 19.1
12.9 18.9
13.7 18.8
14.2 18.7
14.9 18.5
16.0 17.5
