34.0 17.5
33.5 17.3
33.1 17.7
32.7 18.4
32.6 18.9
33.4 19.1
34.1 19.1
34.9 18.9
35.7 18.6
36.5 18.2
37.2 18.3
37.6 18.7
38.0 19.4
38.3 20.2
38.6 21.1
38.8 21.8
38.7 22.3
38.3 22.6
37.6 22.9
36.9 22.8
36.1 22.6
35.3 22.5
34.5 22.5
33.7 22.7
32.8 22.8
32.0 23.1
31.2 23.4
30.4 23.6
29.6 23.7
28.7 23.7
27.9 23.9
27.1 24.1
26.3 24.4
25.5 24.8
24.7 25.2
23.9 25.6
23.4 25.8
22.8 25.7
22.1 25.5
21.5 25.1
20.9 24.5
20.5 23.8
20.1 23.2
19.6 22.9
18.9 22.7
18.1 22.8
17.3 23.0
16.8 23.1
16.0 23.3
15.1 23.5
14.3 23.6
13.8 23.7
13.0 23.9
12.4 23.9
12.0 23.3
11.5 22.6
11.2 21.9
11.1 21.1
11.1 20.5
11.3 20.0
11.9 19.5
12.6 19.2
13.4 19.1
14.2 19.0
14.9 18.9
15.6 18.6
16.0 17.5
