43.0 29.0
41.9 29.3
40.8 30.0
39.8 30.6
38.6 30.8
37.3 30.8
36.0 30.7
34.7 30.7
33.4 30.6
32.4 30.8
31.4 31.4
30.6 32.4
29.7 33.3
28.6 34.1
27.6 34.8
26.3 34.7
25.3 34.2
24.7 33.0
24.5 31.7
24.5 30.4
24.4 29.1
24.4 27.8
24.7 26.6
25.1 25.6
26.1 25.4
27.0 26.1
28.1 26.3
29.0 25.8
29.4 24.8
29.5 23.6
29.3 22.3
29.6 21.2
30.7 20.9
31.9 21.0
33.0 21.2
33.6 20.0
33.6 18.8
33.3 17.5
33.1 16.3
32.8 15.0
32.5 13.7
32.3 12.6
32.6 11.4
33.2 10.3
34.0 9.6
35.1 9.6
36.3 9.9
37.3 10.5
37.9 9.3
37.7 8.2
37.7 7.0
38.4 6.2
39.5 5.6
40.2 4.8
40.7 3.8
41.2 2.9
42.4 2.8
43.5 3.2
44.5 3.9
