35.0 29.0
35.9 28.4
36.3 27.4
36.4 26.3
36.0 25.2
35.2 24.3
34.7 23.3
34.5 22.0
33.3 22.5
33.2 21.3
33.1 20.0
33.0 18.7
32.6 17.7
31.9 16.7
31.0 15.7
30.0 15.1
28.9 14.7
27.7 14.7
26.5 15.1
25.3 15.5
24.0 15.2
23.0 14.5
22.1 13.7
21.5 12.5
21.1 11.3
20.2 10.7
19.3 11.6
18.7 12.7
18.1 13.8
17.4 14.8
17.1 16.0
17.0 17.3
17.1 18.6
17.2 19.8
16.8 20.9
16.2 22.0
15.4 23.0
14.9 24.2
15.2 25.3
15.7 26.5
16.3 27.7
16.9 28.8
17.0 30.0
16.5 31.0
16.0 32.2
15.9 33.4
15.8 34.4
14.9 34.9
13.9 34.7
12.7 34.3
11.5 34.2
10.4 34.7
9.7 35.7
9.3 36.9
9.2 38.2
9.4 39.5
9.6 40.8
9.9 42.1
10.1 43.3
10.3 44.6
10.1 45.7
9.4 46.7
8.5 47.7
7.4 47.9
6.4 47.4
5.5 46.5
