15.0 45.0
16.2 44.7
17.4 44.7
18.6 45.0
19.6 45.7
20.6 46.0
21.7 45.9
22.8 45.5
23.8 44.8
24.5 43.8
25.0 42.8
25.9 42.1
27.1 41.7
28.4 41.5
29.6 41.3
30.9 41.2
32.1 41.0
33.2 40.4
34.3 39.8
35.3 39.0
36.2 38.0
37.0 37.0
37.6 35.9
38.6 35.6
39.7 35.8
40.6 35.0
41.0 33.8
41.1 32.5
41.1 31.2
40.9 30.0
40.7 28.7
40.8 27.7
41.3 26.6
42.1 25.6
42.9 24.9
43.1 23.7
42.6 22.6
41.9 21.5
41.1 20.4
40.3 19.4
39.5 18.3
38.7 17.2
38.2 16.1
37.8 14.8
37.4 13.5
37.1 12.3
36.4 11.3
35.4 10.5
34.3 9.8
33.1 9.1
32.0 8.7
30.8 8.7
29.6 8.9
28.5 9.0
27.3 8.7
26.2 8.0
25.2 7.2
24.1 6.6
22.9 6.3
21.8 6.7
20.8 7.4
20.0 8.5
19.4 9.6
19.0 10.8
18.7 12.0
18.5 13.2
18.0 14.4
17.3 15.5
16.6 16.6
16.1 17.7
15.7 18.8
14.9 19.8
14.0 20.8
13.3 21.8
12.6 22.9
11.9 24.0
