15.0 29.0
14.7 27.9
15.6 26.9
16.0 25.8
15.5 24.8
14.7 24.0
14.4 23.0
14.5 21.9
15.0 20.8
15.8 19.7
16.8 18.8
17.7 18.1
18.8 17.5
19.9 16.9
21.1 16.4
22.3 16.1
23.6 15.9
24.9 15.8
26.2 15.6
27.3 15.4
28.2 14.7
28.9 13.7
29.7 12.7
30.7 11.9
31.8 11.4
33.0 11.0
34.3 10.7
35.5 10.1
36.7 9.5
37.9 9.0
39.1 8.6
40.1 7.8
40.5 6.6
40.6 5.3
40.5 4.0
40.4 2.8
41.1 1.9
42.2 2.0
43.3 2.6
44.2 3.4
45.2 4.2
46.2 5.0
47.2 5.7
47.6 6.7
47.5 7.9
47.6 9.2
47.8 10.5
48.1 11.8
48.4 13.0
47.8 14.2
46.8 14.7
45.5 15.0
44.4 15.1
44.1 16.3
44.0 17.7
43.8 18.8
43.3 19.7
42.3 20.4
41.0 20.5
39.9 20.1
38.8 20.0
37.5 20.3
36.4 20.9
35.6 21.7
35.1 22.8
34.9 24.0
34.9 25.2
35.0 26.5
35.2 27.5
