15.0 45.0
14.6 43.9
13.9 43.0
14.0 41.8
15.1 41.4
16.2 41.5
17.3 42.1
18.5 42.4
19.6 42.1
20.1 40.8
20.1 39.5
19.9 38.5
20.6 37.4
21.6 36.9
22.6 36.7
23.6 37.1
24.5 37.9
25.2 38.7
25.4 39.9
25.3 41.1
25.4 42.2
26.5 42.9
27.6 43.1
28.9 43.0
30.2 42.8
31.5 42.6
32.7 42.0
33.4 41.0
33.8 39.8
34.1 38.8
34.8 38.0
35.8 37.6
37.1 37.4
38.4 37.2
39.5 36.9
40.3 36.2
41.0 35.2
41.4 34.0
41.6 32.7
41.6 31.4
41.5 30.4
40.3 30.8
39.4 31.4
38.4 31.3
37.4 30.8
36.9 29.9
37.1 28.9
37.7 27.9
37.4 26.7
36.5 25.7
