25.0 45.0
24.2 44.1
24.0 43.1
24.1 41.8
23.6 40.7
22.7 40.0
21.7 39.2
20.7 38.5
19.6 37.7
18.6 37.2
17.4 36.8
16.4 36.2
15.5 35.3
14.8 34.3
14.3 33.1
13.6 32.0
12.6 31.6
11.3 31.4
10.0 31.3
8.7 31.0
7.8 30.2
7.5 29.2
7.4 27.9
7.1 26.7
6.6 25.5
6.0 24.4
5.6 23.2
5.1 22.0
4.6 20.8
4.0 19.7
3.7 18.7
3.9 17.7
4.6 16.7
5.6 16.0
6.7 15.5
7.7 14.7
8.5 13.7
9.2 12.6
9.9 11.6
10.9 10.9
12.0 10.2
13.1 9.5
14.0 8.7
14.8 7.6
15.5 6.5
16.5 6.0
17.6 6.2
18.7 6.9
19.7 7.7
20.7 8.1
22.0 8.3
23.3 8.2
24.4 7.9
25.3 7.1
25.9 6.0
26.4 4.9
