25.0 45.0
24.0 44.6
24.4 43.4
23.7 42.6
23.3 41.5
23.2 40.2
23.4 39.0
23.1 37.9
22.2 37.1
21.1 36.5
19.9 36.1
18.7 36.1
17.5 36.4
16.3 37.0
15.2 37.4
14.0 37.3
12.9 36.8
11.8 36.2
10.9 35.3
10.1 34.4
9.4 33.3
8.8 32.2
8.0 31.2
7.1 30.2
6.2 29.3
5.2 28.5
4.3 27.7
4.7 26.5
5.6 25.8
5.9 24.8
5.5 23.7
5.4 22.7
5.8 21.6
6.1 20.4
6.5 19.2
7.2 18.4
8.3 17.6
9.5 17.1
10.7 16.7
12.0 16.3
13.2 15.9
14.5 15.5
15.6 15.4
16.8 15.7
17.9 16.3
19.0 17.0
20.1 17.3
21.4 17.2
22.4 17.0
23.1 15.9
23.4 14.7
23.4 13.4
23.3 12.2
23.3 11.1
23.7 9.9
24.5 9.0
25.2 8.1
25.6 6.9
25.6 5.6
