45.0 13.0
45.6 14.0
45.4 15.0
44.7 16.1
43.9 17.1
43.0 18.0
42.2 19.0
41.2 19.8
40.1 20.4
39.0 20.8
37.8 20.9
36.6 20.5
35.5 19.9
34.4 19.3
33.3 18.6
32.2 18.1
31.1 18.1
30.4 19.0
30.4 20.1
30.7 21.3
31.1 22.3
30.9 23.3
30.0 23.8
28.8 24.1
28.3 25.1
28.6 26.3
28.5 27.3
28.2 28.6
28.7 29.7
29.6 30.5
29.9 31.6
29.4 32.5
28.5 33.3
27.4 33.9
26.2 34.3
24.9 34.6
23.7 35.1
22.5 35.6
21.3 36.1
20.2 36.8
19.3 37.5
18.4 38.3
17.3 38.8
16.0 39.0
14.8 39.0
13.8 39.4
12.9 40.1
12.4 41.1
12.3 42.2
12.5 43.5
13.0 44.6
13.8 45.6
