17.5 46.0
17.3 44.8
16.7 43.9
16.1 43.0
16.4 41.8
17.2 40.9
18.2 40.1
19.4 39.8
20.6 40.4
21.7 41.0
22.7 41.7
23.9 42.0
25.0 41.9
26.1 41.3
27.2 40.8
28.4 40.5
29.7 40.4
31.0 40.3
32.3 40.3
33.6 40.3
34.9 40.2
36.2 40.1
37.5 40.2
38.6 40.3
39.1 39.0
40.0 38.1
41.1 38.2
42.4 38.5
43.4 38.7
44.2 37.9
44.4 36.8
44.2 35.6
44.2 34.3
44.3 33.1
44.5 31.8
44.7 30.5
44.8 29.5
44.0 28.4
42.9 27.7
41.7 27.2
40.4 26.9
39.2 26.6
37.9 26.6
36.6 26.7
35.3 26.8
34.3 26.7
33.7 25.6
33.4 24.3
32.7 23.3
31.6 22.7
30.4 22.4
29.1 22.4
27.8 22.6
26.5 22.9
25.3 23.0
24.3 22.6
24.1 21.6
24.3 20.3
24.5 19.0
25.0 18.0
25.8 17.1
26.8 16.2
27.8 15.4
28.5 14.6
28.8 13.5
28.7 12.4
28.2 11.3
27.4 10.3
26.4 9.5
26.7 8.5
27.7 8.0
28.5 7.2
28.7 6.1
28.5 4.9
29.5 4.4
30.7 5.2
31.7 5.6
32.8 5.3
