17.5 46.0
18.6 46.1
18.6 45.0
18.3 44.0
18.7 42.7
19.6 41.9
20.7 41.1
21.9 40.6
23.1 40.1
24.3 39.6
25.5 39.1
26.7 38.7
28.0 38.5
29.2 38.4
30.1 37.9
30.1 39.2
30.6 40.1
31.7 40.3
32.7 40.0
33.7 39.3
34.7 38.7
35.9 38.4
37.2 38.3
38.4 38.2
39.7 38.0
41.1 37.9
42.3 37.9
43.6 38.5
44.6 38.3
45.0 37.2
45.0 35.9
44.6 34.7
44.5 33.5
44.5 32.2
44.6 31.0
44.5 29.7
44.3 28.5
43.8 27.4
43.2 26.2
42.9 25.0
42.6 23.7
42.1 22.5
41.5 21.3
40.9 20.2
40.4 19.0
39.9 17.8
39.3 16.7
38.9 15.7
38.4 14.6
37.7 13.5
37.0 12.5
36.3 11.7
37.0 10.8
37.9 10.0
39.0 9.2
40.0 8.6
40.5 7.7
40.0 6.7
39.1 5.9
38.1 5.1
37.0 4.5
35.8 4.0
34.6 3.7
33.3 3.7
