33.5 17.5
34.5 16.6
35.5 17.0
36.0 18.0
36.5 19.0
37.5 19.4
38.6 19.4
39.8 19.1
41.0 18.6
42.2 18.0
42.8 16.9
42.6 15.8
42.1 14.6
41.5 13.7
40.5 13.2
39.3 13.0
38.2 12.7
37.7 11.8
37.6 10.7
38.0 9.6
38.8 8.7
39.7 7.9
40.1 6.9
39.8 5.8
39.2 4.7
38.4 3.7
37.5 2.7
36.5 2.5
35.4 3.5
34.8 4.6
33.7 5.5
32.5 5.8
31.2 5.9
29.9 5.7
28.8 6.1
28.2 7.2
28.0 8.4
28.1 9.7
28.3 11.0
28.5 12.2
28.8 13.4
28.8 14.6
28.5 15.9
28.0 17.1
27.5 18.3
27.0 19.4
26.4 20.6
25.9 21.7
25.7 23.0
25.4 24.2
24.8 25.3
24.1 26.4
24.0 27.5
24.3 28.6
24.0 29.7
23.8 31.0
23.8 32.2
23.5 33.4
23.4 34.6
23.5 35.9
23.4 37.2
22.9 38.4
21.9 39.0
20.7 39.3
19.6 39.5
19.2 40.6
19.5 41.8
19.3 42.8
18.6 43.8
18.1 45.0
