33.5 17.5
34.1 16.7
34.8 15.7
36.1 15.6
37.2 16.0
38.2 16.7
39.2 17.6
39.8 18.5
40.0 19.8
40.0 21.0
40.1 22.3
40.3 23.5
40.6 24.7
40.4 26.0
39.5 26.6
38.3 26.9
37.0 26.9
35.9 26.3
35.3 25.3
34.3 24.3
33.2 24.0
32.0 24.1
30.8 24.3
29.5 24.4
28.4 24.6
27.5 25.1
27.0 26.3
27.0 27.6
27.2 28.9
27.6 30.1
27.9 31.3
27.9 32.5
27.4 33.5
26.5 34.4
25.5 35.2
24.4 35.8
23.4 36.3
22.8 37.4
22.8 38.6
22.6 39.6
21.6 39.7
20.4 39.4
19.2 38.8
18.1 38.0
17.1 37.2
16.1 37.3
15.7 38.6
15.3 39.9
15.2 41.0
15.4 42.1
16.1 43.2
17.0 44.1
17.9 45.1
