33.5 17.5
34.6 17.3
35.7 16.9
36.9 16.5
38.1 16.0
39.2 15.9
40.5 16.0
41.7 16.4
42.8 16.9
43.1 18.0
42.5 19.3
41.7 20.4
40.9 21.5
40.2 22.3
39.2 22.7
38.1 22.5
37.1 22.3
35.9 22.9
35.1 23.9
34.6 25.0
34.3 26.3
33.7 27.3
32.6 27.8
31.4 28.0
30.2 27.9
29.0 27.4
27.8 27.0
26.6 26.8
25.5 26.7
24.7 27.5
24.2 28.5
23.1 29.3
22.8 30.5
23.3 31.5
24.0 32.5
24.4 33.7
24.6 35.0
24.5 36.3
23.7 37.1
22.7 37.7
22.5 38.8
23.0 39.8
23.9 40.6
23.1 41.5
22.0 41.3
20.9 41.2
19.8 41.4
18.7 42.0
17.9 42.6
17.7 43.9
18.0 45.0
