32.5 4.0
31.5 4.2
30.5 4.6
29.5 4.0
28.5 3.1
27.5 2.6
26.3 2.4
25.1 2.5
23.9 2.9
22.7 3.4
21.5 4.0
20.4 4.5
19.2 5.1
18.1 5.7
17.0 5.9
15.7 5.9
14.5 5.7
13.3 5.8
12.3 6.6
11.4 7.5
10.8 8.6
10.3 9.7
9.2 10.3
8.0 10.4
7.1 11.0
7.1 12.1
8.1 12.8
8.7 13.8
9.2 14.7
10.1 15.2
11.3 15.3
12.5 15.4
13.3 16.5
13.5 17.6
13.4 18.7
12.6 19.3
11.5 19.5
10.4 19.4
10.2 20.4
10.6 21.4
11.4 22.4
12.4 23.2
12.7 24.3
12.0 25.2
11.3 26.3
10.5 27.2
9.5 28.0
8.3 28.5
7.1 28.8
5.8 29.0
5.0 29.6
4.7 30.7
4.8 31.7
5.4 32.7
