32.0 11.0
31.0 11.5
29.9 11.1
28.9 10.7
27.8 10.9
26.6 11.3
25.5 12.1
24.7 12.8
24.7 14.0
25.3 15.1
25.6 16.3
25.8 17.5
25.7 18.8
25.4 20.0
24.8 21.1
24.2 22.2
24.2 23.3
24.3 24.6
24.4 25.7
25.7 26.3
26.6 27.3
27.0 28.5
27.1 29.6
26.8 30.8
26.5 31.9
26.9 32.9
28.0 33.3
29.1 32.9
30.1 32.2
31.2 31.7
32.2 31.5
33.4 32.2
34.1 33.2
34.3 34.5
33.9 35.6
33.2 36.6
32.4 37.5
33.3 38.4
34.6 38.6
35.8 39.1
37.0 39.6
37.9 40.3
38.7 41.3
39.2 42.4
39.3 43.7
39.1 44.9
38.9 46.2
39.5 47.4
40.5 48.0
41.7 48.0
42.6 47.4
43.4 46.5
44.1 45.5
