46.0 33.0
47.1 33.0
47.1 31.9
46.2 31.1
45.2 30.5
44.1 29.8
43.2 29.0
42.4 28.0
41.9 26.8
41.5 25.6
41.2 24.3
41.1 23.0
41.1 21.8
40.3 20.9
39.2 20.4
38.1 19.7
37.1 18.8
36.4 17.8
36.5 16.8
37.0 15.7
37.7 14.7
38.6 13.7
39.0 12.5
38.5 11.6
37.8 10.7
37.7 9.7
38.3 8.8
39.2 8.0
39.5 6.8
39.0 5.7
38.0 4.9
36.9 4.9
35.8 5.2
34.7 5.7
33.6 5.7
32.4 5.5
31.3 4.9
30.2 4.1
29.2 3.3
28.2 2.9
27.2 3.2
26.3 3.9
25.1 4.2
23.8 4.2
22.6 4.4
21.3 4.6
20.1 5.0
18.9 5.4
17.7 5.8
16.6 5.8
15.5 5.4
14.4 4.7
13.2 4.4
12.2 4.9
11.1 5.7
10.1 6.5
9.2 7.3
8.8 8.3
8.9 9.4
9.4 10.5
10.1 11.6
10.2 12.8
9.5 13.8
8.5 14.6
7.7 15.4
8.1 16.5
7.3 17.4
6.1 17.3
5.0 16.9
