46.0 4.0
44.8 4.2
43.7 4.7
42.6 5.2
42.1 6.1
42.1 7.2
42.5 8.4
42.7 9.6
42.7 10.9
42.4 12.1
42.0 13.3
41.8 14.4
42.0 15.5
42.4 16.7
42.5 17.9
42.1 19.0
41.5 20.1
40.7 21.1
39.8 22.0
38.7 22.7
37.6 23.2
36.9 24.0
36.5 25.1
36.2 26.1
35.4 26.9
34.3 27.5
33.3 27.6
32.2 27.2
31.1 26.6
30.4 25.7
29.8 24.6
29.0 24.0
28.1 23.5
27.0 23.6
25.9 24.1
24.8 24.6
23.6 24.6
22.6 23.9
21.5 23.1
20.3 22.8
19.1 23.0
17.8 23.1
16.6 23.0
15.5 22.6
14.3 22.2
13.0 22.0
11.7 22.0
10.3 22.0
10.9 21.0
11.8 20.1
12.8 19.3
13.9 18.9
15.1 18.8
16.4 18.9
17.6 19.0
