45.0 5.0
46.2 5.2
47.3 5.8
48.0 6.8
48.5 8.0
48.6 9.1
48.2 10.2
47.4 11.2
46.5 12.2
45.4 13.0
44.4 13.7
43.7 14.6
43.4 15.8
43.3 17.0
43.6 18.2
44.2 19.4
44.4 20.4
43.3 21.3
42.2 21.6
40.9 21.6
39.6 21.8
38.7 22.5
37.9 23.1
36.6 23.0
35.5 22.4
34.5 21.6
33.6 20.9
33.0 19.9
32.5 19.0
31.5 18.8
30.4 19.1
30.5 20.1
31.1 21.1
31.4 22.3
31.7 23.6
31.8 24.6
31.0 25.5
29.8 25.8
29.0 25.2
28.2 24.4
26.8 24.2
25.6 24.0
24.5 23.8
23.5 24.2
22.8 25.2
22.3 26.3
21.6 27.1
20.5 26.9
19.6 26.2
18.6 25.5
17.4 25.4
16.3 25.9
15.1 26.4
13.8 26.6
12.8 26.2
12.9 24.9
13.5 23.8
14.3 22.9
15.1 22.1
