12.5 12.5
13.1 13.4
12.9 14.7
12.6 15.9
12.0 17.0
11.5 18.1
11.3 19.3
11.9 20.4
13.0 20.8
14.1 20.7
15.3 20.4
16.3 20.8
17.0 21.7
18.1 22.2
19.2 22.3
20.4 22.0
21.6 21.5
22.5 20.9
24.0 21.0
25.1 20.9
26.0 20.1
26.7 19.1
27.4 18.0
28.2 17.0
28.9 15.9
29.6 14.9
30.5 14.3
31.7 14.3
32.9 14.6
34.1 15.2
35.2 15.9
36.2 16.6
36.7 17.8
36.7 19.1
36.5 20.2
36.8 21.2
37.1 22.5
37.5 23.7
38.0 24.8
38.8 25.7
39.8 26.5
41.0 27.0
41.9 27.7
42.2 28.8
42.0 30.0
41.5 30.9
40.6 31.7
39.5 32.2
38.9 33.4
39.1 34.4
39.7 35.5
39.9 36.5
38.8 37.2
