7.5 25.0
8.1 26.0
7.5 26.9
7.0 28.1
7.2 29.2
7.6 30.4
8.3 31.4
8.9 32.5
9.1 33.7
9.1 34.9
9.1 36.2
9.2 37.5
9.3 38.8
9.3 40.0
8.9 41.2
8.3 42.4
7.8 43.7
7.4 44.8
8.0 45.8
9.0 46.3
10.2 46.6
11.4 46.7
12.5 47.2
13.5 48.0
14.6 48.2
15.7 47.8
16.7 47.7
17.8 48.0
18.9 48.5
20.0 48.3
21.2 47.8
21.8 46.8
21.8 45.6
22.3 44.6
23.3 43.9
24.5 43.5
25.6 43.5
26.7 43.9
27.7 44.7
28.7 45.6
29.5 46.5
30.6 47.0
31.9 47.3
33.2 47.4
34.4 47.4
35.7 47.3
36.9 47.2
37.8 46.2
38.0 44.9
38.3 43.6
38.5 42.3
38.4 41.3
37.8 40.4
36.8 39.6
36.3 38.7
36.2 37.6
