8.0 25.0
8.6 24.7
9.2 24.4
9.9 23.9
10.6 23.4
11.3 22.9
12.0 22.5
12.5 21.9
13.0 21.3
13.3 20.9
13.7 20.2
14.0 19.4
14.4 18.6
14.8 17.9
15.3 17.2
15.8 16.5
16.3 15.8
16.6 15.4
17.1 14.6
17.6 13.9
18.0 13.2
18.4 12.8
19.1 12.5
19.9 12.3
20.8 12.1
21.6 11.8
22.4 11.6
23.2 11.4
23.7 11.3
24.4 11.1
25.1 11.1
25.9 11.3
26.7 11.6
27.4 12.0
28.1 12.5
28.8 13.0
29.4 13.5
30.1 13.7
31.0 13.9
31.8 14.1
32.3 14.2
33.1 14.3
33.8 14.5
34.5 15.0
35.2 15.6
35.8 16.2
36.1 16.6
36.6 17.3
37.1 18.0
37.5 18.7
38.0 19.4
38.3 20.2
38.7 21.0
39.0 21.8
39.4 22.6
39.8 23.3
40.2 24.1
40.6 24.8
41.2 25.3
41.8 25.8
42.5 25.0
