45.0 5.0
46.0 5.3
46.5 6.2
46.6 7.4
47.0 8.5
47.7 9.5
47.8 10.6
47.2 11.6
46.3 12.5
45.3 13.2
44.1 13.1
43.3 12.4
42.8 11.3
41.8 10.6
40.6 10.5
39.4 10.6
38.1 10.8
36.9 11.2
35.6 11.4
34.4 11.4
33.4 11.2
32.4 10.5
31.6 9.6
30.6 9.2
29.7 9.9
29.3 11.1
28.7 12.1
27.8 13.0
26.8 13.6
25.6 14.0
24.3 14.2
23.1 14.3
21.9 14.6
20.9 15.2
20.0 16.1
19.0 16.7
17.7 17.0
16.4 17.1
15.5 17.6
15.0 19.0
14.7 20.2
14.1 21.3
13.5 22.4
13.3 23.6
13.4 24.9
13.5 26.2
13.6 27.5
13.6 28.7
12.7 29.5
11.5 30.0
10.5 30.6
9.6 31.6
8.9 32.6
8.4 33.7
8.1 35.0
7.8 36.3
7.4 37.3
6.5 38.2
5.4 38.8
4.5 39.6
3.7 40.6
3.3 41.6
3.2 42.8
3.4 44.0
4.2 43.4
