45.0 5.0
43.9 5.6
44.9 6.2
46.0 6.8
46.8 7.6
47.3 8.7
47.7 9.9
48.0 11.2
48.3 12.6
48.4 13.7
48.0 14.8
47.2 15.7
46.3 16.5
45.8 17.4
45.1 18.4
44.1 18.5
43.0 18.3
41.8 18.6
41.6 19.8
41.8 21.1
42.0 22.2
41.9 23.3
41.5 24.4
41.6 25.5
42.1 26.6
42.6 27.7
42.6 28.8
42.3 29.9
41.5 30.7
40.2 31.1
39.1 30.9
38.0 30.4
37.0 29.8
36.1 30.8
36.0 32.0
36.3 33.2
35.8 34.1
34.6 34.2
33.3 34.4
32.1 34.7
31.1 35.2
30.2 36.0
29.5 37.0
28.8 37.8
27.7 37.8
26.6 37.3
25.5 36.7
24.3 36.1
23.1 35.6
21.9 35.3
20.9 35.5
19.8 36.0
18.6 36.1
17.5 35.8
16.7 34.9
16.4 33.7
16.4 32.4
15.8 31.4
14.8 30.8
13.7 30.5
12.9 29.6
12.6 28.5
12.6 27.3
12.5 26.2
12.1 25.1
11.4 24.1
10.6 23.2
9.7 22.3
8.9 21.2
8.3 20.1
7.8 18.8
7.2 17.8
6.2 17.4
5.1 17.4
4.5 16.5
