17.5 4.0
17.0 3.0
16.1 2.3
15.0 1.9
13.9 1.8
12.8 2.2
11.6 2.2
10.4 1.9
9.4 1.8
8.3 2.2
7.3 2.9
7.6 4.1
8.2 5.2
9.0 6.2
9.1 7.2
8.5 8.2
7.6 9.1
6.9 10.1
7.1 11.3
7.9 12.3
8.8 13.2
9.3 14.5
9.2 15.7
9.0 16.9
8.6 18.1
8.6 19.2
9.0 20.4
9.5 21.3
9.2 22.5
8.4 23.4
7.4 24.2
6.4 24.5
5.1 24.5
3.9 24.2
2.8 24.4
2.1 25.2
2.0 26.4
2.5 27.4
3.3 28.3
4.3 29.0
5.4 29.2
6.4 28.2
7.5 27.7
8.4 28.3
9.5 28.7
10.7 28.9
11.9 28.8
12.8 28.3
13.7 27.3
14.4 26.2
15.0 25.1
15.6 23.9
16.6 23.8
17.8 24.0
19.0 23.9
20.2 23.5
21.5 23.1
22.6 23.0
23.8 23.2
25.0 23.7
26.1 24.4
26.9 25.3
27.8 26.2
28.8 27.0
29.9 27.8
31.0 28.3
32.2 28.6
33.5 28.9
34.8 28.8
35.7 28.1
36.3 27.2
36.2 26.0
35.5 24.9
35.3 23.8
36.0 23.0
37.1 22.8
38.3 22.9
39.4 22.8
40.3 22.3
40.9 21.1
41.1 20.0
41.7 19.0
42.5 18.3
43.5 18.1
44.8 18.2
