33.5 3.5
34.8 3.5
34.7 4.5
33.7 5.0
32.5 5.3
31.2 5.4
30.0 5.5
29.1 6.0
28.3 6.9
27.8 8.1
27.4 9.3
27.1 10.6
27.0 11.9
27.1 13.1
26.9 14.2
27.0 15.3
27.6 16.3
27.8 17.5
27.1 18.4
26.1 19.1
25.0 19.7
24.0 19.8
22.9 20.0
22.0 20.6
21.2 21.6
20.6 22.7
19.8 23.5
18.6 24.0
17.4 24.3
16.2 24.5
15.2 24.2
14.3 23.4
13.3 22.7
12.1 22.3
10.9 22.0
9.9 22.2
8.8 22.8
7.9 23.7
7.0 24.7
6.5 25.6
6.9 26.6
7.7 27.5
6.8 28.0
5.8 28.8
4.8 29.6
3.9 30.5
3.1 31.4
3.1 32.6
3.7 33.5
3.4 34.5
2.4 35.2
2.1 36.3
2.6 37.4
3.2 38.5
3.5 39.7
3.7 41.0
3.7 42.3
3.7 43.6
3.7 45.0
