45.0 5.0
46.1 5.1
45.7 6.2
44.9 7.1
44.1 8.0
43.4 9.0
43.3 10.2
43.5 11.5
43.8 12.7
43.9 13.8
43.0 14.8
41.8 15.3
40.8 16.0
39.9 16.9
39.1 17.9
38.1 18.7
37.0 19.4
36.1 20.0
35.5 21.0
35.2 22.1
34.4 22.7
33.2 23.0
31.9 23.1
30.6 23.1
29.3 23.1
28.0 23.1
26.9 23.4
26.7 24.6
27.0 25.8
26.4 27.0
25.3 27.5
24.1 27.8
23.1 28.2
22.3 29.3
21.5 30.1
20.3 30.6
19.1 31.1
18.0 31.6
16.8 32.2
15.8 33.0
15.0 34.0
14.1 34.7
12.9 35.3
11.7 35.7
10.5 35.7
9.2 35.4
7.9 35.0
6.8 35.0
6.6 36.0
6.7 37.2
6.9 38.6
7.1 39.9
7.2 41.2
7.1 42.5
7.0 43.8
6.7 45.1
6.5 46.2
5.3 46.4
4.4 45.8
