45.0 35.0
46.0 34.8
46.2 33.7
45.7 32.8
45.3 31.8
45.9 30.7
46.9 30.1
46.8 29.0
45.8 28.4
44.7 28.1
43.8 27.4
43.0 26.4
42.4 25.3
41.9 24.0
41.6 22.8
41.2 21.6
40.6 20.5
39.9 19.4
39.4 18.3
39.3 17.0
39.4 15.7
39.5 14.6
39.0 13.7
38.1 12.8
37.0 12.1
35.9 11.4
34.9 10.6
33.8 9.8
32.6 9.2
31.4 8.8
30.1 8.6
28.8 8.7
27.5 8.7
26.2 8.8
25.0 9.5
24.2 10.5
23.6 11.6
23.1 12.8
22.3 13.4
21.0 13.6
19.7 13.9
18.4 14.3
17.1 14.6
16.2 15.5
15.8 16.6
15.4 17.8
15.0 19.1
14.6 20.3
14.2 21.5
14.2 22.7
14.3 24.0
14.3 25.3
14.1 26.6
13.8 27.8
13.2 29.0
12.7 30.1
12.6 31.2
12.9 32.4
13.3 33.5
13.4 34.7
13.6 35.9
14.1 37.1
14.8 38.2
15.4 39.3
15.9 40.5
16.6 41.5
17.7 41.9
18.9 41.9
20.2 41.8
21.4 41.6
22.4 41.4
23.4 42.3
23.7 43.4
23.8 44.7
24.2 45.9
