4.0 46.0
4.7 44.9
4.7 43.8
4.3 42.6
4.1 41.4
4.2 40.2
4.1 38.9
3.8 37.7
3.4 36.5
3.3 35.5
3.6 34.3
3.9 33.0
4.1 31.7
4.3 30.4
4.7 29.1
5.1 28.1
5.9 27.1
7.0 26.4
8.0 25.6
9.0 24.7
10.1 24.0
11.2 23.4
12.4 23.0
13.7 22.9
15.0 23.0
16.4 23.1
17.7 23.2
18.9 23.0
20.2 22.7
21.2 22.3
22.3 22.5
23.5 23.1
24.4 23.8
25.6 23.8
26.6 23.2
27.8 22.8
29.1 22.6
30.3 22.3
31.5 22.4
32.8 22.6
34.1 22.9
35.3 23.4
36.4 24.0
37.6 24.2
38.9 24.0
40.0 23.7
40.6 22.5
41.1 21.4
41.7 20.3
42.5 19.3
43.3 18.3
44.2 17.3
45.2 17.5
