4.0 46.0
4.5 45.1
4.2 44.1
4.1 42.8
4.3 41.6
4.3 40.3
4.2 39.0
4.0 37.8
4.2 36.6
4.5 35.5
4.5 34.3
4.1 33.1
4.3 31.7
4.9 30.7
5.7 29.7
6.6 28.7
7.4 27.7
7.9 26.7
7.9 25.5
7.9 24.2
8.1 23.1
9.0 22.2
9.9 21.7
10.3 20.4
10.1 19.1
10.1 17.9
9.9 16.7
9.5 15.6
9.4 14.3
9.7 13.0
10.0 11.8
10.0 10.7
9.6 9.5
9.1 8.5
9.7 7.6
10.5 6.7
11.0 5.6
11.2 4.5
11.9 3.7
12.9 3.0
14.1 2.6
15.4 2.3
16.6 2.2
17.6 3.0
18.0 4.2
18.6 5.3
19.5 5.8
20.7 5.8
22.0 5.7
23.2 5.5
24.5 5.2
25.7 4.8
26.9 4.7
28.2 4.8
29.5 5.1
30.7 5.4
32.0 5.5
33.3 5.6
34.5 5.7
35.8 5.7
37.0 6.0
38.1 6.4
39.0 7.3
39.2 8.4
38.9 9.6
38.7 10.8
39.5 11.9
40.4 12.8
41.2 13.8
41.8 14.9
42.5 16.1
43.1 17.0
44.4 17.1
