4.0 46.0
4.0 47.2
5.0 46.4
5.4 45.3
5.6 44.1
5.9 42.8
6.4 41.7
7.4 40.8
8.6 40.5
9.8 40.5
11.0 40.5
12.0 39.8
12.9 39.0
14.1 38.4
15.2 38.1
16.3 38.1
17.6 38.3
18.9 38.4
20.2 38.4
21.5 38.2
22.8 37.9
24.0 37.6
25.3 37.5
26.6 37.5
27.6 38.0
28.3 39.0
29.2 39.9
30.4 40.5
31.5 41.0
32.5 40.9
33.6 40.3
34.7 39.5
35.6 38.6
36.5 37.7
37.6 37.1
38.8 36.6
39.9 36.2
40.9 36.8
41.4 37.9
41.7 39.2
42.7 39.8
43.6 39.1
44.3 38.1
44.7 36.8
45.0 35.5
45.3 34.2
45.3 33.0
45.1 31.7
44.7 30.4
44.5 29.2
44.6 27.9
44.9 26.7
45.0 25.5
44.8 24.2
44.2 23.1
42.9 22.7
41.8 22.3
41.3 21.0
41.5 20.0
42.8 19.7
43.9 19.4
44.8 18.7
