45.0 45.0
46.1 45.4
46.8 46.2
46.3 45.3
45.5 44.6
45.0 43.5
44.8 42.5
45.2 41.5
46.1 40.7
46.9 40.0
47.0 39.0
46.7 37.8
46.3 36.6
46.3 35.5
46.8 34.5
47.4 33.5
47.8 32.3
48.2 31.2
47.9 30.1
47.1 29.1
46.0 28.3
44.9 27.7
43.7 27.2
42.5 26.8
41.5 26.3
41.1 25.2
40.4 24.3
39.4 23.5
38.3 23.4
37.4 23.9
36.7 24.9
35.7 25.4
34.7 25.2
33.7 24.5
32.7 23.6
31.9 22.7
31.1 22.0
30.0 21.6
28.9 21.6
28.0 22.1
27.2 23.0
26.6 24.2
26.1 25.3
25.1 25.6
24.0 25.1
23.1 24.2
21.9 23.7
20.8 23.8
19.8 24.3
18.5 24.3
17.4 23.7
16.2 23.4
14.9 23.2
14.0 22.7
13.9 21.6
14.2 20.4
14.4 19.4
13.8 18.2
12.9 17.4
11.8 16.6
10.8 16.0
9.7 15.8
8.5 15.8
7.5 15.3
6.6 14.5
5.6 13.7
4.6 13.0
3.5 12.3
2.9 11.4
2.5 10.3
2.3 9.1
2.5 7.8
3.0 6.6
3.5 5.5
4.2 4.4
