45.0 45.0
46.1 44.8
47.2 43.9
47.8 43.0
48.1 41.8
48.1 40.5
47.9 39.2
47.7 37.9
47.7 36.6
47.7 35.3
47.6 34.1
47.2 33.0
46.5 31.9
45.6 31.0
44.6 30.2
43.7 29.7
42.7 29.8
41.6 30.2
40.6 30.6
39.6 29.9
38.7 28.9
38.0 27.9
37.1 27.0
36.1 26.2
35.0 25.7
33.8 25.6
32.9 24.9
32.7 23.8
32.8 22.6
33.0 21.4
33.4 20.2
33.4 18.9
32.9 17.8
32.2 16.7
31.4 15.7
30.5 14.8
29.5 14.0
28.4 13.3
27.3 12.7
26.4 12.1
25.9 11.2
25.7 10.0
25.7 8.7
25.9 7.5
24.7 6.8
23.7 7.0
22.7 7.4
21.8 6.4
21.5 5.2
21.2 4.0
20.6 2.9
20.0 2.0
18.8 1.7
17.7 2.0
16.6 2.7
15.8 3.6
15.0 4.2
14.0 4.4
12.8 4.2
11.6 3.8
10.5 4.0
10.6 5.3
10.5 6.5
9.5 6.9
8.5 6.7
7.3 6.1
6.1 5.5
