45.0 5.0
46.1 5.0
45.6 5.9
44.7 6.7
43.6 7.3
42.6 7.5
41.6 7.1
40.6 6.4
39.7 5.8
38.6 5.7
37.4 5.9
36.2 6.4
35.2 6.0
34.6 5.1
34.2 4.0
33.5 3.2
32.5 2.5
31.2 2.4
30.2 2.9
29.1 3.5
28.0 3.8
26.7 3.8
25.4 3.7
24.2 3.4
23.0 3.0
21.8 2.5
20.5 2.1
19.3 2.5
18.7 3.4
17.9 4.2
16.8 4.9
15.6 5.5
14.6 6.2
13.6 7.0
12.5 7.7
11.3 8.3
10.2 9.0
9.0 9.6
7.9 10.4
7.0 11.1
6.2 12.1
5.5 13.2
4.8 14.0
3.7 14.5
2.6 14.8
1.7 15.7
1.3 16.9
1.2 18.1
1.3 19.4
1.4 20.6
1.6 21.9
1.6 23.2
1.6 24.5
1.4 25.7
1.3 27.0
1.5 28.3
1.8 29.6
2.1 30.8
2.1 31.9
1.7 33.1
2.2 34.0
3.5 33.8
4.6 33.8
5.3 34.9
5.4 35.9
4.8 37.1
3.8 37.9
3.5 39.0
3.7 40.1
4.3 41.2
5.0 42.3
5.8 43.3
6.7 44.0
7.8 44.3
9.0 44.3
10.3 44.3
11.5 44.6
12.6 45.1
13.7 45.8
