42.5 25.0
42.7 26.0
43.7 26.3
44.7 26.1
45.2 27.3
44.9 28.4
44.3 29.5
44.0 30.6
43.3 31.4
42.3 31.9
41.1 32.0
40.2 32.6
39.9 33.6
40.0 34.7
40.1 35.7
39.7 36.7
38.8 37.4
37.7 37.9
36.5 38.1
35.3 37.9
34.5 37.2
34.0 36.0
33.6 34.8
33.4 33.6
34.0 32.5
34.7 31.4
35.5 30.3
35.8 29.2
35.5 28.1
34.8 27.1
33.9 26.2
33.0 25.3
32.1 24.3
31.4 23.2
30.7 22.0
30.0 21.0
29.1 20.3
28.3 19.4
27.3 18.8
26.2 18.4
24.9 18.2
23.7 18.1
22.6 18.6
21.9 19.5
21.0 20.1
19.8 20.6
18.6 21.0
17.5 21.4
16.7 22.3
16.8 23.6
17.6 24.4
18.6 25.3
19.4 26.2
20.5 26.8
21.7 26.8
22.9 26.6
24.1 26.2
