3.5 46.0
4.5 46.2
5.2 45.1
5.2 44.0
4.8 42.8
4.4 41.6
4.0 40.4
3.9 39.1
3.8 37.8
3.5 36.6
2.8 35.5
2.5 34.5
2.9 33.4
3.7 32.5
4.5 31.6
5.1 30.5
5.4 29.4
6.4 28.6
7.7 28.4
9.0 28.4
10.2 28.7
11.4 28.8
12.6 28.6
13.8 28.1
15.0 27.8
16.3 27.6
17.5 27.5
18.8 27.4
20.1 27.4
21.4 27.5
22.6 27.7
23.8 28.1
25.0 28.2
25.9 27.6
26.8 26.9
27.9 26.6
29.1 26.6
30.4 26.9
31.4 27.3
32.3 28.1
33.5 28.5
34.5 28.2
35.4 27.4
36.3 26.8
37.6 27.1
38.5 27.9
39.5 28.3
40.6 28.1
41.7 27.5
42.7 26.7
43.6 25.8
44.9 25.4
46.1 25.7
