45.0 4.0
44.0 4.4
43.0 3.5
41.9 3.0
40.6 2.6
39.4 2.1
38.4 2.2
37.9 3.4
38.0 4.7
38.2 5.9
38.6 7.2
38.9 8.3
38.7 9.5
38.0 10.4
37.0 11.0
36.0 11.6
35.4 12.5
35.0 13.8
34.6 14.9
34.0 16.0
33.1 17.0
32.9 18.0
33.4 19.0
34.2 19.9
35.0 20.6
35.5 21.9
36.1 22.9
36.9 23.8
37.5 24.7
37.7 25.9
37.5 27.0
36.3 27.7
35.2 27.9
34.5 29.0
34.3 30.3
33.8 31.3
32.9 32.1
33.6 33.0
34.8 33.4
35.8 33.7
35.6 34.8
34.9 35.7
33.9 36.4
33.0 37.2
32.4 38.3
32.0 39.4
30.9 39.9
29.8 39.5
28.6 39.0
27.4 38.8
26.4 38.6
25.3 37.9
24.3 37.2
23.1 36.6
22.0 36.1
21.0 36.0
20.1 36.7
19.4 37.7
18.9 38.9
18.4 40.0
17.4 40.6
16.3 40.5
15.3 40.0
14.3 39.4
13.1 39.5
12.1 40.2
11.1 41.1
10.5 42.1
10.3 43.3
10.1 44.5
9.6 45.6
8.9 46.6
8.0 47.6
7.0 47.9
6.1 47.4
5.2 46.5
4.6 45.4
4.0 44.3
3.5 43.1
3.0 41.9
2.5 40.7
2.0 39.5
1.9 38.3
2.0 37.0
2.3 36.0
3.1 35.0
4.0 34.1
5.0 33.3
6.0 32.4
6.9 31.5
7.1 30.4
6.3 29.7
6.1 28.5
6.8 27.6
7.9 26.9
8.9 26.3
9.6 25.4
10.0 24.2
10.4 23.0
10.6 21.8
11.9 21.7
13.0 21.8
13.8 21.0
14.7 20.3
15.9 20.0
16.9 19.5
16.9 18.2
16.7 16.9
16.3 15.9
15.5 15.1
15.0 14.0
