17.5 46.0
18.6 45.6
19.2 44.8
19.5 43.7
19.6 42.4
19.6 41.3
20.3 40.1
21.2 39.3
22.3 38.7
23.5 38.7
24.5 39.3
25.3 40.3
25.9 41.3
27.2 41.4
28.3 40.9
29.4 40.1
30.3 39.2
31.1 38.5
32.3 38.3
33.6 38.2
34.8 38.4
35.9 38.8
37.1 39.3
38.2 39.9
39.3 40.4
40.6 40.7
41.8 40.8
42.7 40.3
43.4 39.5
43.8 38.3
44.1 37.1
44.3 35.8
44.5 34.5
44.7 33.3
45.2 32.2
45.4 31.2
44.8 30.2
44.0 29.3
43.2 28.4
42.8 27.3
42.8 26.1
42.6 24.8
42.2 23.8
41.4 23.0
40.3 22.5
39.3 22.3
38.3 22.7
37.4 23.5
36.4 24.2
35.3 24.8
