32.5 33.0
33.6 33.4
34.3 34.2
34.8 35.4
35.1 36.6
35.2 37.9
35.4 39.2
35.8 40.2
36.6 41.0
37.7 41.5
38.9 41.7
40.1 41.4
41.3 40.9
42.5 40.3
43.7 39.8
44.9 39.2
45.7 38.3
46.0 37.1
45.9 35.9
45.5 34.6
45.2 33.5
45.3 32.2
45.3 31.2
44.8 30.3
43.9 29.5
43.1 28.4
42.4 27.4
41.9 26.3
41.8 25.1
41.9 23.9
41.6 22.7
41.1 21.6
40.4 20.6
39.5 19.7
38.5 18.9
37.5 18.2
36.9 17.3
37.0 16.2
37.5 15.1
38.2 14.1
39.1 13.2
40.2 12.5
41.1 11.9
41.5 10.9
41.5 9.7
41.3 8.5
40.9 7.5
40.0 6.9
38.8 6.6
37.5 6.3
36.3 5.9
35.0 5.4
33.9 5.1
32.8 5.1
31.6 5.5
30.3 6.0
29.2 6.4
28.4 7.2
27.9 8.4
27.5 9.6
27.2 10.9
27.2 12.2
27.4 13.4
27.6 14.7
27.6 16.0
27.6 17.3
27.0 18.5
26.0 19.2
24.8 19.5
23.5 19.8
22.3 20.3
21.4 21.1
21.0 22.2
20.1 22.7
18.8 22.9
17.5 22.9
16.3 23.0
15.0 23.0
13.8 23.2
12.5 23.5
11.5 23.6
10.2 23.4
8.9 23.3
7.8 23.5
6.7 24.2
5.8 25.1
5.0 26.1
4.5 27.2
4.1 28.5
3.9 29.7
3.9 31.0
4.1 32.3
4.4 33.6
4.7 34.7
4.5 35.9
4.0 37.0
3.5 37.9
3.5 39.0
3.9 40.1
3.9 41.3
3.6 42.5
3.1 43.7
2.7 44.9
2.5 46.2
2.7 47.2
3.9 47.2
