32.5 17.5
32.4 18.7
33.5 18.7
34.5 17.9
35.2 16.9
36.3 17.2
36.9 18.3
37.3 19.3
38.2 20.1
39.3 20.6
40.5 20.9
41.1 21.9
40.9 23.1
40.4 24.2
40.0 25.3
40.5 26.3
41.2 27.2
42.3 27.9
43.4 28.5
44.4 29.3
45.3 30.3
46.1 31.3
46.5 32.4
46.7 33.6
47.0 34.9
47.0 36.1
46.2 36.9
45.2 37.6
44.0 38.2
42.9 38.8
42.1 39.6
41.5 40.7
41.1 42.0
40.8 43.3
40.6 44.5
39.8 43.8
39.0 42.8
38.2 41.9
37.2 41.4
36.0 41.2
35.0 41.4
34.0 42.2
32.9 42.9
31.8 43.5
30.7 43.3
30.0 42.3
29.1 41.4
28.0 40.7
27.1 39.7
26.8 38.6
25.8 38.3
24.7 38.6
23.6 39.3
22.6 40.2
21.8 41.0
20.8 41.3
19.6 41.8
18.6 42.5
17.6 43.3
16.8 43.9
17.1 45.1
