15.0 46.0
14.2 46.6
13.4 47.4
12.4 47.0
11.3 47.0
10.1 47.3
8.7 47.1
7.5 46.7
6.2 46.3
5.0 45.9
4.0 45.3
3.2 44.3
2.5 43.2
1.9 42.1
1.5 41.0
1.5 39.7
1.6 38.5
2.1 37.3
2.8 36.4
3.7 35.8
4.7 35.0
5.5 34.0
6.2 33.0
7.0 31.9
7.8 30.8
8.6 29.8
9.5 29.1
10.5 28.5
11.6 28.4
12.5 27.9
12.8 26.8
12.8 25.6
12.4 24.5
12.6 23.5
13.3 22.5
14.2 21.7
15.2 20.8
16.0 19.9
16.5 18.8
16.7 17.6
16.8 16.3
16.9 15.1
17.5 14.2
18.9 14.1
19.9 14.0
20.9 13.3
21.7 12.7
23.0 12.8
24.1 13.4
25.1 14.3
25.8 15.1
26.9 15.0
27.8 14.3
28.6 13.5
29.6 13.0
30.8 12.4
31.9 11.7
32.9 10.8
33.7 10.0
34.8 10.5
35.6 11.4
36.6 11.2
37.5 10.4
38.1 9.3
38.6 8.1
39.1 7.0
39.6 5.8
40.1 4.6
40.8 3.7
41.8 3.0
42.9 2.4
43.9 2.3
44.0 3.3
