18.0 8.5
19.1 8.7
20.3 8.2
21.1 7.3
21.8 6.2
22.7 5.4
23.8 5.5
24.9 6.1
25.8 6.9
26.9 7.6
28.1 8.2
29.2 8.7
30.0 9.4
30.5 10.3
30.4 11.3
29.8 12.4
28.9 13.2
27.9 13.8
26.7 14.3
25.5 14.6
25.6 15.7
26.4 16.5
27.5 17.1
28.7 17.5
29.8 18.1
30.7 18.9
31.2 19.9
31.3 21.1
31.2 22.4
31.0 23.4
31.7 24.5
32.5 25.3
32.5 26.4
31.8 27.3
30.8 28.0
30.0 28.9
29.5 30.0
28.9 31.2
28.4 32.4
28.3 33.5
28.4 34.7
28.8 35.9
28.8 37.1
28.1 37.9
27.0 38.6
26.0 38.8
24.8 38.6
23.6 38.2
22.7 37.7
21.7 38.0
20.5 38.6
19.3 39.1
18.1 39.6
16.9 40.2
15.8 41.0
14.8 41.8
13.7 42.3
12.5 42.6
11.2 42.7
9.9 42.6
8.7 42.4
