35.0 13.0
34.5 11.9
34.5 10.7
33.6 9.8
32.4 9.7
31.2 9.9
29.9 10.4
28.7 10.8
27.4 11.2
26.4 11.7
25.6 12.5
25.1 13.6
24.6 14.6
23.7 15.3
22.5 15.8
21.3 15.7
20.4 14.8
19.4 14.2
18.2 13.8
17.0 13.6
15.7 13.2
14.5 12.8
13.4 12.2
12.4 11.4
11.6 10.5
11.1 9.4
11.0 8.2
11.1 6.9
11.3 5.6
11.5 4.3
10.5 3.6
9.5 3.1
8.7 2.3
7.6 2.7
7.0 3.6
6.7 4.7
6.0 5.7
5.1 6.6
4.1 7.4
3.1 8.2
2.3 8.9
1.9 10.0
1.9 11.2
2.2 12.4
2.9 13.3
3.9 14.2
4.8 14.9
5.4 15.8
5.8 17.0
6.3 18.1
7.2 19.0
8.2 19.9
9.0 20.9
9.7 21.9
9.9 23.0
9.8 24.3
9.6 25.5
9.2 26.8
8.7 28.0
8.1 29.1
7.5 30.2
6.8 31.4
6.1 32.3
5.4 33.2
5.2 34.3
5.1 35.6
5.0 36.9
4.8 37.9
3.9 38.5
2.8 38.7
1.9 39.3
1.8 40.4
2.2 41.5
2.9 42.5
3.8 43.3
4.8 44.0
5.3 45.3
5.3 46.5
5.4 47.5
6.6 48.0
7.8 47.8
8.8 47.2
9.6 46.3
10.2 45.2
10.7 44.0
10.7 42.9
10.3 41.6
9.8 40.4
9.5 39.4
9.7 38.3
10.3 37.2
11.3 36.4
12.4 36.3
13.6 36.6
