45.0 45.0
46.1 45.4
46.7 44.3
46.6 43.1
46.3 41.9
45.8 40.8
45.5 39.6
45.3 38.3
45.2 37.0
44.6 36.0
43.6 35.8
42.4 36.0
41.3 35.5
40.9 34.3
40.9 33.2
39.8 32.8
38.6 33.1
37.5 33.5
36.3 33.7
35.0 33.7
33.9 33.6
32.9 33.0
32.1 32.1
31.4 31.1
30.3 30.6
29.2 30.7
28.1 31.2
27.1 32.0
26.0 32.5
24.7 32.8
23.4 33.0
22.1 33.0
21.4 32.2
21.6 31.0
21.1 30.0
20.1 29.3
19.0 28.9
18.3 27.9
18.0 26.7
18.1 25.4
18.0 24.3
17.5 23.2
16.8 22.1
16.2 21.0
15.5 19.9
15.0 18.7
14.7 17.4
14.6 16.4
15.1 15.5
16.0 14.8
17.2 14.3
17.4 13.2
16.6 12.5
15.5 11.9
15.3 10.9
15.7 9.8
16.2 8.8
16.4 7.6
16.3 6.4
