15.0 17.0
15.8 16.4
16.1 15.2
17.0 14.5
18.1 14.4
19.2 14.5
20.3 14.1
21.1 13.2
21.6 12.1
22.0 10.9
21.2 9.9
20.1 9.8
18.8 10.2
17.8 10.7
16.8 11.5
15.7 12.1
14.6 12.3
13.3 12.2
12.2 12.2
11.1 12.6
10.2 13.4
9.3 14.3
8.7 15.3
8.0 16.4
7.4 17.5
7.0 18.8
6.8 20.0
6.6 21.3
6.4 22.6
6.3 23.9
6.4 24.9
7.0 25.8
8.0 26.6
8.8 27.4
8.7 28.7
8.1 29.7
7.9 30.8
8.6 31.7
9.6 32.5
10.6 33.1
11.4 34.0
12.0 35.1
12.5 36.3
12.9 37.4
13.6 38.4
14.6 39.2
15.7 39.9
16.8 40.4
17.8 39.9
18.4 39.0
18.9 38.0
19.8 37.3
20.9 37.0
22.2 36.7
23.4 36.3
24.5 36.2
25.6 36.6
26.6 37.3
27.5 37.8
28.7 37.2
29.5 36.3
30.4 35.6
31.6 35.0
32.9 34.7
33.9 34.4
