37.5 12.5
37.3 13.5
36.6 14.4
35.9 15.3
35.6 16.5
35.3 17.5
34.5 18.3
33.4 18.9
32.9 19.8
32.8 20.8
33.8 21.6
35.0 22.0
36.3 22.1
37.3 22.2
38.2 22.8
38.8 23.9
39.6 24.9
40.5 25.8
41.5 26.6
42.6 27.3
43.7 27.8
44.9 28.0
46.2 27.9
47.4 27.9
48.3 28.9
48.6 30.0
48.6 31.3
48.4 32.5
48.0 33.8
47.5 35.0
47.1 36.1
46.3 36.8
45.2 37.3
43.9 37.5
42.7 37.8
42.0 38.6
41.3 39.5
40.3 40.1
39.1 40.4
37.9 40.6
36.6 40.7
35.4 40.7
34.1 40.5
32.9 40.3
31.9 40.6
31.0 41.4
30.4 42.5
29.6 43.4
28.6 44.1
27.4 44.7
26.3 45.2
25.2 45.6
24.0 45.4
22.9 45.0
21.7 45.3
20.7 46.1
19.9 47.0
18.6 47.4
17.5 47.4
16.5 46.8
15.4 46.2
14.2 45.6
13.3 44.6
13.0 43.5
13.1 42.2
13.4 40.9
13.8 39.6
13.9 38.6
13.4 37.5
