37.5 12.5
36.7 13.5
36.5 14.5
37.5 15.2
38.7 15.4
39.9 15.4
41.2 15.2
42.4 15.0
43.7 15.0
44.7 15.1
45.5 15.8
46.2 16.9
46.7 18.1
47.1 19.3
47.5 20.6
47.8 21.7
47.7 23.0
47.5 24.3
47.1 25.4
46.5 26.6
45.8 27.6
45.0 28.7
44.3 29.5
44.2 30.5
44.4 31.7
43.3 32.4
42.1 32.2
40.8 32.1
39.7 32.4
38.7 33.1
37.9 34.1
37.3 35.3
36.6 36.4
35.9 37.6
34.7 38.3
33.5 38.1
32.2 38.2
31.0 38.5
29.7 39.0
28.6 39.5
27.5 39.7
26.2 39.7
25.0 39.9
23.8 39.6
22.7 39.1
21.8 38.3
21.3 37.2
20.7 36.2
19.7 35.5
18.6 34.7
17.7 33.8
16.7 32.9
16.1 32.0
15.7 30.8
15.2 29.7
14.5 28.7
13.6 27.8
12.7 26.9
11.8 26.1
10.7 26.1
9.9 26.8
9.2 27.8
8.8 29.0
8.4 30.3
8.3 31.6
8.4 32.9
8.9 34.0
9.9 34.8
11.0 35.2
11.9 36.0
