37.5 12.5
36.9 11.7
37.9 11.0
38.7 10.1
39.2 9.0
39.8 8.0
40.5 6.9
41.2 5.7
41.9 4.6
42.1 3.4
41.6 2.4
40.5 2.6
39.3 3.0
38.2 3.7
37.0 4.2
35.8 4.5
34.6 4.8
33.3 5.0
32.1 5.0
30.9 4.7
29.7 4.3
28.5 3.7
27.4 3.2
26.3 3.3
25.3 3.9
24.5 4.9
23.8 5.9
23.5 7.1
23.4 8.3
23.4 9.5
23.1 10.7
22.6 11.9
22.0 13.0
21.3 14.0
20.4 14.7
19.2 15.0
18.0 15.3
16.9 15.8
15.8 16.5
14.7 17.3
14.0 18.1
13.8 19.2
13.7 20.5
13.5 21.7
13.3 23.1
13.3 24.4
13.2 25.7
13.3 27.0
13.2 28.2
12.8 29.4
12.2 30.4
11.6 31.6
11.2 32.8
11.0 34.0
11.0 35.2
11.4 36.2
