45.0 46.0
44.0 46.6
43.2 47.3
42.0 47.5
40.8 47.4
39.7 47.0
38.9 46.3
38.8 45.2
39.2 44.1
39.3 43.0
39.2 41.8
38.9 40.5
38.8 39.3
38.5 38.0
38.1 36.8
38.0 35.6
38.0 34.5
37.1 33.5
35.9 33.3
34.8 33.6
33.7 33.3
33.2 32.3
33.0 31.1
32.9 30.0
32.0 29.1
31.3 28.2
31.4 27.2
31.7 26.2
30.6 25.4
29.5 25.4
28.2 25.6
26.9 25.8
25.8 25.7
24.8 25.1
23.8 24.7
22.6 24.7
21.4 24.8
20.1 24.6
19.0 24.2
18.2 23.4
17.7 22.4
17.2 21.2
16.3 20.4
15.2 20.5
14.1 20.9
13.1 21.3
11.9 21.3
10.7 21.1
9.5 20.6
8.3 20.1
7.3 19.4
6.5 18.4
5.6 17.4
4.9 16.4
4.2 15.4
3.8 14.2
