45.0 46.0
45.5 46.9
44.5 47.8
43.3 48.0
42.0 47.9
40.9 47.1
40.2 46.0
39.6 44.8
39.2 43.6
38.7 42.4
38.0 41.4
37.0 40.6
35.9 39.9
34.8 39.2
33.6 38.6
32.6 37.9
31.5 37.1
30.6 36.5
29.6 36.6
28.5 37.1
27.4 37.0
26.6 36.2
25.7 35.3
24.7 34.6
23.7 34.3
23.3 35.5
23.4 36.7
22.3 36.9
21.2 36.3
20.3 35.5
19.4 34.5
18.5 33.5
17.6 32.6
16.7 31.6
15.9 30.7
14.9 29.8
14.0 28.9
13.0 28.0
12.0 27.1
11.3 26.3
10.9 25.2
10.9 24.0
11.1 22.7
10.3 21.7
9.1 21.5
8.2 20.8
7.7 19.7
7.2 18.7
6.3 17.8
5.4 16.9
4.7 15.9
4.2 14.7
