45.0 46.0
46.3 46.0
47.3 45.6
47.4 44.5
47.0 43.4
47.0 42.0
47.4 40.8
47.9 39.6
48.1 38.5
47.9 37.3
47.0 36.4
46.0 36.1
45.1 35.3
44.5 34.2
44.0 33.0
43.6 31.8
43.3 30.5
43.0 29.2
42.8 28.0
42.2 26.8
41.4 25.9
40.4 25.1
39.3 24.4
38.1 23.8
37.0 23.2
36.0 22.4
35.0 21.6
34.1 20.7
33.2 19.9
32.1 19.2
31.2 18.4
30.3 17.5
29.4 16.7
28.3 16.2
27.1 15.7
25.8 15.3
24.6 14.8
23.4 14.4
22.4 13.7
21.3 13.0
20.2 12.8
19.3 13.6
18.3 14.4
17.3 15.2
16.7 16.4
16.6 17.6
16.1 18.7
15.1 19.3
13.9 19.7
12.6 19.9
11.3 20.1
10.0 20.2
8.7 20.4
7.4 20.6
6.4 20.8
5.9 19.9
6.1 18.7
5.6 17.7
4.8 17.0
3.7 16.7
2.9 15.7
2.5 14.6
2.5 13.3
