45.0 46.0
43.8 46.4
42.8 47.0
41.8 47.4
40.7 47.0
39.7 46.3
38.8 45.4
38.3 44.4
38.6 43.4
39.1 42.4
39.2 41.3
38.8 40.2
37.8 39.4
36.6 39.2
35.6 39.5
34.6 40.1
33.4 40.5
32.4 40.7
31.3 40.4
30.3 39.8
29.1 40.5
28.6 41.6
28.3 42.7
27.6 43.6
26.5 44.3
25.5 44.7
24.2 44.1
23.0 43.5
22.0 42.9
21.3 41.9
20.8 40.8
20.0 40.1
18.9 39.6
17.8 39.3
17.6 38.3
18.0 37.2
18.7 36.2
19.5 35.4
19.5 34.2
18.9 33.2
18.0 32.4
16.8 31.7
15.6 31.2
14.4 30.8
13.2 30.3
12.1 29.7
11.1 29.0
11.0 28.0
11.5 26.9
11.4 25.5
10.7 24.5
9.8 23.6
8.7 23.0
7.6 22.4
6.5 21.7
5.6 21.1
5.2 20.1
5.1 19.0
5.4 17.8
5.3 16.8
4.7 15.7
3.9 14.7
4.8 14.1
