45.0 13.0
46.0 13.6
45.2 14.6
44.2 15.0
43.8 16.1
44.1 17.2
44.8 18.1
45.1 19.3
44.5 20.3
43.8 21.2
43.3 22.3
42.8 23.2
41.9 23.8
40.7 23.7
39.7 23.1
38.8 22.2
37.9 21.4
36.8 20.9
35.5 20.8
34.4 20.4
33.9 19.5
33.8 18.2
33.9 16.9
33.9 15.8
33.5 14.6
33.0 13.7
32.0 12.9
30.9 12.4
29.7 12.1
28.6 12.1
27.5 12.5
26.4 13.2
25.3 13.9
24.2 14.7
23.2 15.5
22.2 16.3
21.1 17.1
20.0 17.8
18.8 18.4
18.0 19.3
17.5 20.2
16.7 20.8
15.5 21.0
14.6 21.8
14.4 23.0
14.5 24.2
14.8 25.4
15.2 26.7
15.7 27.9
15.9 29.1
16.0 30.4
16.1 31.8
16.2 33.1
16.1 34.3
15.8 35.5
