8.5 41.0
7.7 41.8
7.2 40.9
6.1 40.4
4.8 40.3
3.5 40.4
2.5 40.3
1.8 39.3
1.9 38.2
2.4 37.1
3.1 36.1
3.3 35.0
2.9 34.0
2.3 32.9
2.1 31.6
2.1 30.4
2.3 29.1
2.6 27.8
3.0 26.6
3.1 25.3
3.2 24.0
3.3 22.7
4.1 21.7
4.6 20.6
5.0 19.6
6.1 18.8
7.2 18.7
8.3 18.7
8.9 17.7
9.3 16.5
9.5 15.3
10.1 14.3
11.0 13.4
12.0 12.6
12.9 12.0
13.4 11.1
14.2 10.1
15.3 9.7
16.6 9.6
17.8 9.7
18.8 10.5
19.2 11.5
19.6 12.5
20.7 13.2
21.9 13.3
23.1 13.0
24.1 12.9
25.3 13.3
26.4 13.7
27.5 13.7
28.7 13.4
29.7 13.3
30.6 14.2
31.1 15.4
31.9 16.5
32.6 17.4
32.6 18.6
32.1 19.6
31.2 20.5
