8.5 41.0
7.9 39.7
7.2 38.8
6.2 38.0
5.3 37.4
4.9 36.2
4.9 34.8
4.9 33.5
4.7 32.5
4.1 31.4
4.0 30.4
4.1 29.3
3.2 28.8
2.1 28.3
1.8 27.0
1.8 25.6
1.8 24.3
1.9 23.1
2.4 22.0
3.3 21.1
4.3 20.4
5.4 20.2
6.7 20.3
7.8 20.6
8.9 19.9
9.5 18.8
9.9 17.6
10.1 16.4
9.9 15.2
10.0 13.8
10.6 12.7
11.4 11.7
12.1 10.7
12.7 9.5
13.1 8.3
13.4 7.0
13.6 6.0
14.6 5.6
15.7 5.8
16.8 5.3
17.8 4.4
18.7 3.9
19.7 4.7
20.2 5.8
21.1 6.7
22.2 7.0
23.3 6.9
24.2 7.4
24.6 8.4
24.8 9.6
25.2 10.8
25.7 12.0
26.3 13.1
26.9 14.2
27.1 15.4
27.1 16.5
27.5 17.5
28.4 18.3
29.3 19.2
