45.0 13.0
45.5 14.0
45.4 15.2
45.0 16.3
44.3 17.4
43.4 18.3
42.3 19.0
41.4 19.7
40.6 20.6
39.9 21.8
39.3 22.9
38.8 24.2
38.2 25.4
37.6 26.2
36.6 26.8
35.7 27.4
35.2 28.3
34.9 29.5
34.5 30.7
33.9 31.9
33.3 33.0
32.7 34.1
31.9 34.9
30.8 35.3
29.5 35.4
28.2 35.3
26.9 35.2
25.6 35.1
24.3 35.1
23.2 35.2
22.2 35.8
21.3 36.6
20.2 37.1
19.1 36.8
18.0 36.0
17.0 35.2
16.4 34.0
16.4 32.9
16.7 31.7
17.1 30.6
16.9 29.6
16.3 28.6
15.4 27.7
14.6 26.7
13.7 25.8
12.6 25.2
11.5 24.7
11.7 23.7
12.7 23.1
13.8 22.5
14.8 21.8
15.7 20.9
16.3 20.0
16.5 18.8
17.4 17.9
18.5 17.5
19.7 17.4
20.6 16.9
21.3 15.9
21.8 14.7
22.6 14.0
23.8 14.3
25.1 14.4
26.2 13.8
26.4 12.5
25.6 11.8
