33.5 35.0
32.3 35.3
31.3 35.6
30.5 36.6
30.3 37.7
30.5 38.9
29.6 39.5
28.4 39.3
27.5 38.8
26.8 37.9
26.4 36.7
26.2 35.4
26.0 34.2
25.5 33.1
25.6 31.7
26.1 30.6
26.7 29.7
26.1 28.5
25.0 28.0
23.8 27.5
22.6 27.1
21.5 26.5
20.4 25.9
19.2 25.2
18.1 24.6
17.0 23.9
15.7 24.1
15.1 25.1
14.9 26.3
14.9 27.5
14.3 28.4
13.0 28.4
11.9 27.9
10.9 27.1
10.0 26.4
11.0 25.8
9.9 25.0
9.2 24.1
8.8 23.0
9.1 21.7
9.3 20.7
8.4 19.7
7.3 19.4
6.7 18.4
7.2 17.5
8.1 16.8
8.4 15.7
8.5 14.4
8.8 13.1
8.7 12.0
8.0 11.0
7.8 9.8
8.2 8.8
9.0 7.9
9.3 6.7
9.1 5.5
8.6 4.5
7.7 3.6
6.6 2.8
5.6 2.5
4.5 2.7
