33.5 35.0
33.7 36.1
33.2 37.2
32.5 38.1
32.2 39.1
32.0 40.1
31.1 40.9
30.1 41.0
28.9 40.7
27.8 40.1
26.8 39.4
26.1 38.5
25.6 37.4
25.4 36.2
25.8 35.0
26.7 34.3
27.5 33.4
27.4 32.0
26.8 30.9
26.0 30.0
25.5 28.9
25.4 27.7
25.6 26.5
26.1 25.3
26.7 24.1
27.5 23.0
27.8 21.8
27.1 20.7
26.1 20.0
25.1 19.5
24.4 18.5
23.8 17.3
23.5 16.1
23.4 14.9
23.4 13.7
23.1 12.5
22.5 11.4
21.9 10.2
21.4 9.0
21.2 7.8
21.1 6.7
20.6 5.8
19.7 5.1
18.6 4.5
17.6 4.3
16.4 4.5
15.3 5.0
14.1 5.2
12.8 5.1
11.5 4.8
10.3 4.4
9.0 4.2
7.7 4.0
6.3 3.8
5.0 3.7
