33.5 35.0
32.7 35.7
31.9 36.7
31.0 37.6
30.1 38.5
29.1 39.3
27.9 40.0
26.7 40.6
25.5 41.2
24.4 41.3
23.4 40.4
22.8 39.2
22.4 38.0
22.1 36.7
22.0 35.4
21.9 34.1
21.9 32.8
21.9 31.5
22.0 30.2
22.1 28.9
22.3 27.6
21.3 27.0
20.4 27.6
19.5 28.3
18.4 27.8
17.5 26.9
16.9 25.8
16.4 24.5
16.1 23.3
15.1 22.8
14.0 23.0
12.9 23.6
11.9 24.4
10.8 24.3
10.1 23.3
9.7 22.1
9.4 20.8
9.2 19.5
9.1 18.3
9.4 17.2
10.1 16.1
10.9 15.2
11.6 14.2
12.1 13.1
12.5 11.9
12.8 10.7
11.7 10.3
10.6 10.0
9.9 8.9
9.9 7.8
9.1 7.0
8.0 6.4
6.9 5.9
5.7 5.4
4.8 4.6
