17.5 33.0
16.5 33.4
15.9 34.4
15.8 35.5
15.8 36.8
15.9 37.8
15.3 38.7
14.3 39.2
13.4 38.2
12.9 37.3
11.7 37.0
10.5 37.4
9.5 38.0
8.6 38.6
7.5 38.5
6.5 37.8
5.7 36.9
5.0 35.8
4.4 34.6
4.2 33.5
4.8 32.5
5.5 31.6
5.7 30.5
5.4 29.3
5.5 28.2
6.4 27.5
7.5 27.1
8.8 26.9
10.1 26.9
11.3 27.1
12.5 27.1
13.4 26.2
13.9 25.2
15.0 25.0
16.0 24.7
16.8 23.9
17.8 23.3
19.0 23.4
20.2 22.9
21.0 22.0
22.1 22.0
22.9 23.1
23.2 24.3
23.6 25.5
24.3 26.6
25.0 27.6
25.8 28.6
26.6 29.7
27.1 30.9
27.3 32.2
27.6 33.5
27.8 34.8
27.7 36.0
27.5 37.3
27.5 38.4
28.0 39.5
28.7 40.6
29.5 41.6
30.4 42.5
31.4 43.3
32.5 44.0
33.4 44.6
33.6 45.6
