25.0 47.5
26.1 47.9
27.2 48.4
28.3 48.7
29.4 48.3
30.4 47.6
31.3 46.7
32.6 46.5
33.8 46.5
34.9 46.1
36.1 45.5
37.2 44.8
38.3 44.2
39.3 43.7
40.4 43.7
41.5 43.6
42.8 43.4
44.0 43.1
44.8 42.3
45.1 41.1
45.2 39.9
45.4 38.6
45.2 37.5
44.7 36.4
44.4 35.2
44.8 34.2
45.6 33.3
46.3 32.4
46.6 31.2
46.6 29.9
46.5 28.6
46.5 27.5
47.0 26.4
47.3 25.2
47.5 24.0
47.4 22.7
47.4 21.4
47.3 20.2
47.2 19.2
46.1 18.7
45.0 18.9
43.8 19.4
42.6 19.8
41.7 20.3
41.2 21.2
41.0 22.5
41.0 23.8
40.8 24.9
39.7 25.5
38.5 26.0
37.3 26.5
36.0 27.0
35.0 26.9
34.1 26.2
33.1 26.1
32.2 26.7
31.5 27.7
31.0 28.9
30.6 30.2
30.3 31.5
29.4 32.5
28.3 33.0
27.3 33.5
26.6 34.4
26.1 35.6
25.5 36.6
24.5 37.5
23.6 38.3
22.8 39.3
22.0 40.1
20.8 40.6
19.6 41.0
18.4 41.2
17.4 40.7
16.3 40.0
15.2 39.2
14.0 38.6
12.9 37.9
11.8 37.6
10.6 37.7
9.5 38.3
9.0 39.4
8.8 40.6
8.8 41.9
8.4 43.0
7.8 44.0
6.7 44.1
5.7 43.6
4.8 42.7
5.1 43.8
