35.0 46.0
36.0 45.7
36.7 44.8
37.4 43.7
38.1 42.7
38.4 41.6
38.3 40.4
37.9 39.1
37.7 37.7
37.4 36.7
36.7 35.7
35.8 34.6
35.0 33.6
34.3 32.5
33.9 31.5
34.0 30.4
34.5 29.3
35.3 28.3
36.2 27.4
37.2 27.3
37.4 26.3
37.2 25.2
38.1 24.5
37.9 23.1
37.3 22.1
36.5 21.3
35.3 20.7
34.1 20.4
32.8 20.2
31.5 20.1
30.2 20.0
28.8 19.9
27.6 19.8
26.6 19.7
25.8 18.7
25.4 17.5
24.7 16.7
23.8 16.0
23.7 14.8
24.3 13.8
25.1 12.9
26.2 12.1
27.3 11.3
28.3 10.5
29.4 9.7
30.6 9.4
31.7 9.7
32.7 10.4
33.9 10.4
35.0 9.8
36.1 9.3
37.3 9.0
38.5 8.6
39.3 7.5
39.6 6.3
39.7 5.0
39.6 3.7
40.4 3.0
41.5 3.0
42.6 3.3
43.6 4.1
