35.0 46.0
36.1 46.2
37.0 45.6
37.2 44.3
37.6 43.1
38.0 41.9
38.4 40.7
38.7 39.6
38.2 38.5
37.2 37.7
36.2 36.8
35.4 35.8
34.7 34.7
34.0 33.7
33.3 32.6
32.3 31.7
31.1 31.5
29.9 31.5
28.7 31.3
27.4 31.0
26.5 30.3
26.2 29.2
26.1 28.0
26.3 26.7
26.4 25.7
25.9 24.6
25.8 23.6
26.2 22.4
26.8 21.3
27.4 20.4
27.0 19.3
26.1 18.6
25.0 18.3
23.8 18.2
22.7 18.1
21.8 17.5
22.2 16.5
23.3 16.2
24.5 16.3
25.3 15.7
25.9 14.6
26.2 13.4
26.8 12.5
27.9 12.4
29.0 12.8
30.0 13.5
31.2 13.9
32.5 14.1
33.8 14.2
35.0 14.0
36.2 13.4
37.2 13.3
38.4 13.5
39.5 14.1
40.4 13.3
40.4 12.2
40.1 11.0
39.8 9.8
39.9 8.5
40.1 7.3
40.4 6.0
40.7 4.7
41.0 3.4
41.6 2.5
42.6 2.2
43.7 2.2
44.6 2.8
