8.0 25.0
9.1 25.2
9.6 24.1
9.1 23.1
8.5 22.2
8.3 21.0
8.5 19.9
9.1 18.7
9.8 17.7
9.8 16.6
9.2 15.7
8.1 15.0
7.0 15.1
5.9 15.7
4.8 15.3
4.8 14.2
5.2 13.0
5.8 11.9
6.5 10.8
7.4 9.9
8.5 9.2
9.6 8.4
10.9 7.8
12.1 7.0
13.1 6.0
14.1 5.3
15.3 4.8
16.4 4.3
17.4 3.6
18.4 2.8
19.7 2.5
20.8 2.8
21.6 3.7
22.0 4.7
22.1 5.9
22.9 7.0
23.9 7.7
25.1 8.2
26.1 8.3
27.3 7.9
28.4 7.4
29.6 7.5
30.4 8.2
30.8 9.5
30.9 10.8
31.0 12.0
31.2 13.0
32.1 13.7
33.1 14.3
34.0 15.2
34.7 16.3
35.3 17.4
35.9 18.6
36.4 19.8
36.8 21.0
37.1 22.2
37.7 23.3
38.5 24.0
39.8 24.4
40.9 24.2
42.0 23.6
43.1 23.1
43.9 23.8
44.0 25.0
43.6 26.0
