5.0 35.0
5.1 34.0
4.6 33.1
4.1 32.0
3.8 30.8
3.8 29.5
3.9 28.2
4.1 26.9
4.2 25.6
4.3 24.3
4.0 23.1
3.6 21.9
3.4 20.7
3.5 19.4
3.9 18.1
4.3 16.9
4.9 15.8
5.5 14.7
6.1 13.5
6.7 12.7
7.7 12.2
8.9 12.0
10.0 11.6
10.6 10.6
10.9 9.4
10.9 8.3
12.0 7.7
13.1 7.8
14.2 8.1
15.2 7.7
16.0 6.9
16.5 5.8
17.0 4.8
17.9 4.0
19.0 3.4
20.2 3.0
21.5 2.7
22.6 2.7
23.8 3.0
25.0 3.6
26.3 3.6
27.4 3.1
28.6 2.7
29.8 2.4
31.0 2.1
31.9 2.6
32.5 3.5
32.8 4.7
33.0 5.9
33.5 7.0
34.6 7.6
35.8 7.8
37.1 7.7
38.3 7.4
39.3 7.2
40.4 7.9
41.2 8.9
41.7 10.0
42.0 11.2
42.1 12.4
41.8 13.4
41.6 14.5
42.3 15.3
43.0 16.3
43.4 17.4
43.8 18.6
44.4 19.7
45.3 20.7
46.2 21.6
47.1 22.5
47.8 23.3
