5.0 35.0
6.0 34.6
6.9 33.8
8.1 33.5
9.3 33.7
10.5 34.1
11.7 34.3
12.8 34.3
13.8 35.2
14.3 36.3
14.6 37.6
14.8 38.9
15.3 40.0
16.0 41.0
17.2 41.4
18.3 41.1
19.4 40.7
20.4 40.9
21.5 41.4
22.6 42.0
23.7 42.7
24.8 43.1
26.0 43.3
27.2 43.2
28.5 43.1
29.7 43.1
31.0 43.3
32.2 43.6
33.5 43.9
34.6 44.4
35.7 45.1
36.7 45.6
37.8 45.7
39.1 45.5
40.3 45.1
41.4 44.6
42.6 44.1
43.6 43.4
44.0 42.4
43.8 41.3
43.2 40.2
42.5 39.1
42.2 37.8
42.6 36.8
43.4 35.8
44.4 35.1
45.6 34.4
46.7 33.8
47.6 33.0
47.7 31.8
47.6 30.6
47.1 29.4
46.9 28.3
47.1 27.1
47.6 26.0
