30.0 40.0
29.3 40.8
28.4 41.5
27.2 42.0
25.9 42.4
24.9 42.6
23.8 42.2
22.8 41.5
21.8 40.7
20.9 39.8
19.9 38.9
19.3 37.7
19.4 36.6
19.9 35.5
20.4 34.2
20.6 33.0
20.5 31.9
19.9 30.9
19.0 30.1
18.3 29.2
18.1 28.1
18.0 26.8
17.6 25.6
17.2 24.3
16.9 23.0
16.7 22.0
17.7 21.1
18.8 20.9
20.1 21.1
21.1 21.0
21.6 19.9
21.6 18.7
22.1 17.7
23.0 16.9
23.6 15.7
23.7 14.4
23.7 13.1
23.7 11.9
24.0 10.8
24.9 10.1
24.0 10.7
22.8 10.9
21.6 10.9
20.3 10.7
19.0 10.4
17.8 10.1
16.7 9.7
15.6 8.9
14.7 8.4
13.5 8.3
12.3 8.6
11.1 9.0
