30.0 40.0
29.1 40.6
28.1 41.1
26.9 41.3
25.6 41.4
24.3 41.6
23.1 41.6
22.1 41.3
21.2 40.5
20.5 39.5
20.8 38.2
21.4 37.1
22.2 36.1
23.1 35.1
24.0 34.4
24.3 33.2
23.7 32.0
22.7 31.2
21.6 30.6
20.4 30.0
19.2 29.6
18.0 29.4
16.8 29.2
15.6 29.5
14.4 30.0
13.4 30.7
12.2 31.0
11.2 30.7
10.2 29.9
9.5 29.0
10.4 28.0
10.3 26.7
9.6 25.7
8.7 24.8
7.8 24.0
7.3 23.0
7.0 21.8
6.8 20.5
6.7 19.4
6.2 18.5
5.3 17.6
4.3 17.0
3.2 16.4
2.4 15.4
2.0 14.2
1.7 13.2
1.8 12.0
2.2 11.0
3.3 10.5
4.5 10.4
5.8 10.6
7.1 10.7
8.4 10.7
