4.0 4.0
4.4 5.0
5.4 4.9
6.4 5.4
7.6 5.9
8.9 6.3
10.2 6.5
11.2 6.6
12.3 5.9
12.9 4.8
13.3 3.7
14.3 2.9
15.5 2.8
16.7 3.1
17.9 3.6
19.0 4.1
19.9 4.9
21.1 5.3
22.3 5.1
23.5 4.6
24.4 3.9
25.0 2.9
25.8 2.2
27.0 1.8
28.0 1.6
28.8 2.7
29.5 3.8
30.1 4.6
31.1 5.0
32.4 5.1
33.7 5.3
35.0 5.7
36.2 5.9
37.5 6.0
38.8 6.2
40.1 6.5
41.1 6.8
41.7 7.9
41.7 9.1
41.4 10.3
41.4 11.5
41.7 12.7
41.8 13.7
41.4 14.8
40.7 15.8
39.8 16.7
39.1 17.8
39.1 19.0
39.5 20.3
40.0 21.5
40.7 22.5
41.6 23.4
42.3 24.5
43.1 25.6
43.8 26.6
44.5 27.7
45.1 28.7
45.2 29.9
45.0 31.2
44.7 32.4
44.6 33.7
44.6 35.0
44.7 36.3
44.9 37.6
44.4 38.7
43.5 39.5
42.5 40.1
41.4 40.2
40.2 39.9
39.0 39.5
37.7 39.3
36.5 39.4
35.7 40.2
35.3 41.3
35.1 42.5
34.7 43.7
34.2 44.9
33.3 44.3
