45.0 35.0
44.8 33.9
45.7 33.0
46.6 32.1
47.5 31.2
47.7 30.0
47.1 29.0
46.6 27.9
46.4 26.6
46.1 25.6
45.4 24.8
44.4 24.3
43.4 24.2
42.4 24.8
41.5 25.6
40.4 25.3
39.7 24.4
39.3 23.3
38.4 22.6
37.4 22.8
36.3 23.4
35.2 22.9
34.5 22.0
34.0 20.9
33.9 19.7
33.9 18.4
33.6 17.3
33.2 16.3
33.4 15.1
34.2 14.1
35.2 13.2
36.3 12.5
36.2 11.4
35.1 11.0
34.4 10.0
34.3 8.9
33.9 7.8
32.6 7.3
31.3 6.9
30.0 6.6
28.9 6.2
28.0 5.4
27.2 4.5
26.2 3.7
25.1 3.1
23.9 2.6
22.7 2.2
21.5 1.9
20.5 1.7
19.6 2.3
19.0 3.3
18.5 4.2
17.5 4.6
16.4 4.5
