45.0 35.0
45.1 36.0
44.6 37.0
43.8 38.0
42.9 39.0
42.5 40.2
42.5 41.5
42.7 42.7
43.0 43.9
43.6 45.0
43.2 46.0
42.1 46.2
40.8 46.1
39.6 45.8
38.4 45.2
37.4 44.5
36.4 43.7
35.4 42.8
34.3 42.1
33.2 41.4
32.1 41.0
30.9 40.8
29.6 40.9
28.5 40.7
27.9 39.9
27.6 38.8
26.7 37.9
25.5 37.7
24.7 37.0
24.8 35.9
25.3 34.7
26.0 33.6
25.9 32.3
25.1 31.6
24.0 31.1
22.7 30.9
21.5 30.8
20.6 30.0
20.9 28.9
21.6 27.8
22.5 26.9
23.4 26.0
24.4 25.2
25.4 24.4
26.3 23.8
26.1 22.8
25.7 21.5
25.3 20.3
24.6 19.4
23.7 18.4
22.7 17.7
21.6 17.5
20.4 17.6
19.3 17.8
18.2 17.2
17.5 16.2
17.1 15.0
16.9 13.8
16.7 12.5
16.5 11.2
16.3 9.9
16.4 8.6
16.7 7.3
17.0 6.0
16.4 5.2
