25.0 12.5
25.7 11.7
26.7 11.5
27.8 11.8
28.7 12.5
29.4 13.6
30.0 14.7
30.8 15.6
31.8 16.3
32.7 16.9
33.9 17.0
35.0 17.3
35.9 18.1
36.6 19.1
37.2 20.2
37.3 21.2
36.9 22.3
36.3 23.4
36.1 24.5
36.1 25.8
36.4 27.0
36.8 28.2
37.2 29.5
37.4 30.6
36.6 31.5
35.5 32.0
34.3 32.3
33.4 33.0
32.5 34.0
31.9 35.1
31.1 35.8
30.0 36.6
29.2 37.5
28.5 38.6
27.2 38.9
25.9 38.7
24.7 38.2
23.5 37.7
22.4 37.0
21.3 36.3
20.2 35.6
19.2 34.9
17.9 34.8
16.8 34.8
15.9 34.3
15.2 33.4
14.1 33.0
12.9 33.1
11.7 33.6
10.6 33.9
9.4 34.0
8.4 34.9
7.5 35.9
6.6 36.8
5.8 37.9
5.1 39.0
4.4 40.1
3.9 41.3
3.4 42.5
3.0 43.8
3.2 44.8
4.2 44.9
