25.0 12.5
26.2 12.4
27.5 12.5
28.5 13.0
29.5 13.8
30.5 14.5
31.8 15.0
32.8 15.3
33.7 16.1
34.3 17.2
34.6 18.4
35.1 19.4
35.9 20.4
36.4 21.4
36.8 22.7
37.1 24.0
37.4 25.3
37.6 26.5
37.4 27.6
36.9 28.7
36.3 29.9
35.9 31.1
35.3 32.2
34.5 33.2
33.6 34.2
32.8 35.2
31.9 35.8
30.8 35.9
29.7 36.2
28.6 36.8
27.6 37.6
26.7 38.3
25.7 38.5
24.5 38.3
23.5 37.7
22.5 37.3
21.4 37.3
20.2 37.8
19.2 38.5
18.4 39.4
17.2 39.8
16.0 39.6
15.0 39.7
14.0 40.4
13.1 41.4
12.4 42.5
11.8 43.6
11.0 44.3
9.9 44.8
8.6 45.0
7.4 45.1
6.2 45.3
