25.0 12.5
24.3 13.5
23.4 14.4
22.6 15.3
21.3 15.7
20.0 16.0
18.9 16.4
18.1 17.2
17.3 18.3
16.5 19.4
15.7 20.4
14.8 21.4
13.9 22.3
13.1 23.3
12.2 24.2
11.2 25.1
10.4 25.8
10.2 26.9
9.8 28.1
9.1 29.2
8.3 30.2
7.4 31.2
6.7 32.1
6.3 33.3
6.1 34.6
6.1 35.8
5.8 37.0
4.9 37.7
3.7 38.1
2.9 38.7
2.3 39.6
2.3 40.7
3.2 41.3
4.3 41.5
5.6 41.3
6.3 42.4
6.3 43.6
6.6 44.8
6.8 46.0
7.3 47.1
8.3 47.7
9.5 48.1
10.8 48.2
11.9 48.0
12.2 46.8
11.9 45.5
11.4 44.3
10.8 43.1
10.2 42.2
10.8 41.2
11.8 40.7
13.0 40.4
14.3 40.4
15.5 40.4
16.7 40.1
18.0 40.1
19.2 40.3
20.6 40.2
21.5 39.5
22.4 38.6
23.1 37.5
23.6 36.4
24.5 35.9
