32.0 41.0
32.8 40.2
33.1 39.0
33.6 38.1
34.6 37.4
35.7 36.8
36.7 36.3
37.6 35.4
38.2 34.2
38.7 33.1
39.4 32.0
40.2 31.0
41.2 30.2
42.0 29.2
42.7 28.1
43.0 27.0
42.5 26.1
41.7 25.3
40.6 24.6
39.7 24.1
40.5 23.3
41.6 22.7
42.6 21.9
42.8 20.8
41.9 19.9
41.8 18.7
42.4 17.8
43.3 17.0
43.9 16.0
44.2 14.8
44.4 13.6
44.3 12.3
43.3 11.3
42.3 10.8
41.5 10.0
40.8 9.0
40.4 7.8
39.8 6.7
38.6 5.9
37.4 5.6
36.1 5.5
34.8 5.5
33.6 5.3
32.4 5.0
31.4 4.3
30.5 3.4
29.6 2.9
28.4 2.7
27.2 2.9
26.0 3.2
24.7 3.4
23.4 3.5
22.2 3.5
21.0 3.6
20.0 4.2
19.0 5.0
18.1 6.0
17.3 6.9
16.5 7.9
16.0 9.0
15.5 10.1
14.7 11.2
13.9 12.2
13.0 13.1
12.2 14.1
11.5 15.2
10.9 16.4
10.5 17.6
10.2 18.7
