46.0 4.0
44.8 4.6
43.6 4.3
42.5 3.8
41.8 2.9
41.1 2.1
40.1 1.7
38.8 1.7
37.6 2.0
36.3 2.3
35.0 2.7
33.8 3.1
32.6 3.5
31.4 3.9
30.2 4.3
29.3 4.8
28.7 5.8
28.3 7.0
28.1 8.3
28.0 9.6
28.0 10.9
27.9 12.1
27.4 13.2
26.6 14.2
25.8 15.2
25.3 16.2
24.8 17.2
23.9 18.1
22.9 18.9
21.9 19.6
21.6 20.6
22.4 21.6
23.4 22.2
22.7 23.4
21.5 23.8
20.2 24.1
19.3 24.8
19.2 25.9
18.4 26.9
17.3 27.3
16.1 27.6
14.9 27.9
13.6 27.8
12.4 27.5
11.4 27.4
10.2 27.7
8.9 27.9
7.6 27.8
6.3 27.7
5.1 28.2
4.4 29.1
4.1 30.2
4.1 31.5
