25.0 7.5
24.6 7.9
23.9 7.8
23.4 7.7
22.7 7.8
21.9 8.2
21.2 8.7
20.5 9.2
19.8 9.6
19.0 9.9
18.2 10.2
17.4 10.5
16.7 11.0
16.0 11.5
15.4 12.0
14.8 12.6
14.3 13.2
14.1 13.9
14.3 14.6
14.6 15.2
15.1 15.5
15.8 15.5
16.5 15.3
17.2 14.9
17.9 14.4
18.5 13.8
19.1 13.2
19.7 12.6
20.1 12.3
20.8 12.2
21.5 12.3
22.3 12.6
23.0 12.9
23.8 13.0
24.6 12.9
25.4 12.7
26.1 12.4
26.7 12.3
27.5 12.5
28.2 12.8
28.9 13.3
29.4 13.9
29.9 14.6
30.4 15.2
31.0 15.8
31.6 16.2
32.4 16.6
33.1 17.0
33.8 17.5
34.5 18.0
35.1 18.6
35.7 19.2
36.3 19.8
36.8 20.5
37.4 21.2
37.9 21.9
38.3 22.5
38.5 23.2
38.5 24.0
38.3 24.8
38.0 25.6
38.2 26.2
38.8 26.4
39.5 26.4
40.3 26.2
41.1 25.9
42.5 25.0
