15.0 46.0
13.9 46.2
12.9 46.1
12.1 45.5
11.5 44.5
11.1 43.2
10.9 41.9
11.5 41.0
12.6 40.4
13.9 40.1
15.1 39.6
16.2 39.0
17.2 38.6
18.6 38.8
19.6 39.4
20.5 40.3
21.7 40.3
22.5 39.6
23.2 38.5
23.6 37.3
24.0 36.1
24.5 35.0
25.3 34.3
26.4 33.8
27.5 33.3
27.1 32.3
26.7 31.2
27.3 30.4
28.3 29.7
29.5 29.2
30.6 28.5
31.0 27.4
31.1 26.2
31.0 24.8
30.8 23.5
30.6 22.5
31.2 21.3
32.0 20.5
32.5 19.6
32.5 18.4
32.4 17.3
32.7 16.2
33.4 15.2
34.3 14.3
35.2 13.4
36.2 12.6
37.2 11.8
38.3 11.1
38.9 10.1
38.9 8.9
38.6 7.8
38.0 6.7
37.2 5.7
36.3 4.8
