5.0 5.0
6.0 4.5
6.1 3.2
6.3 2.2
7.4 2.1
8.2 2.8
8.9 3.8
9.4 5.0
10.3 5.9
11.2 6.5
11.9 7.5
12.3 8.7
12.8 9.8
13.7 10.4
14.9 10.5
16.2 11.1
17.0 12.0
17.7 13.0
18.3 14.2
18.8 15.4
19.2 16.6
18.9 17.9
18.0 18.7
16.9 19.2
15.9 19.8
15.1 20.7
14.4 21.8
13.7 22.9
12.9 23.8
12.5 25.1
12.6 26.3
12.5 27.4
12.0 28.4
10.7 28.6
9.7 28.1
8.6 27.8
8.1 28.8
7.4 29.7
6.4 30.2
5.5 30.8
5.7 31.9
6.3 33.0
6.6 34.2
6.7 35.4
6.4 36.6
5.8 37.5
4.7 37.9
3.4 38.1
2.4 38.3
1.8 39.1
1.7 40.1
2.1 41.2
2.7 42.4
3.3 43.5
3.8 44.7
