5.0 5.0
4.5 6.2
4.6 5.2
5.3 4.2
6.3 3.4
7.6 3.2
8.8 3.4
10.1 3.8
9.9 4.9
9.6 6.1
10.0 7.2
10.7 8.2
11.7 9.0
12.8 9.5
14.0 9.8
15.3 9.9
16.6 9.8
16.2 11.0
15.2 11.8
14.1 12.4
13.5 13.6
13.6 14.7
14.1 15.9
15.1 16.6
16.2 17.1
17.2 17.8
17.2 19.0
16.6 19.9
15.6 20.5
14.4 20.8
13.2 20.8
12.0 20.5
10.9 20.2
9.9 21.0
9.6 22.2
10.0 23.4
10.3 24.7
10.1 25.8
9.2 26.3
8.1 26.5
7.2 27.2
6.8 28.3
6.9 29.5
7.0 30.7
6.7 31.9
6.2 33.1
5.4 34.1
4.9 35.3
4.5 36.4
3.5 36.9
2.4 37.2
1.7 38.4
1.6 39.5
2.1 40.6
2.7 41.7
3.5 42.8
4.3 43.7
