47.0 3.5
46.4 4.5
45.3 5.1
44.0 5.1
42.8 4.8
41.6 4.4
40.3 3.8
39.2 3.3
38.2 3.1
37.0 3.4
36.0 4.0
34.8 4.2
33.5 4.1
32.3 4.0
31.2 4.3
30.2 4.9
29.2 5.5
28.0 5.7
26.7 5.9
25.5 6.2
24.2 6.6
23.0 7.1
21.9 7.7
21.6 8.7
21.6 10.0
21.9 11.3
22.3 12.5
22.7 13.8
23.6 14.7
24.7 15.0
25.9 15.0
27.1 14.8
28.2 15.1
28.4 16.1
28.3 17.3
27.9 18.6
27.6 19.6
28.0 20.6
28.9 21.4
30.0 22.2
31.1 22.8
32.2 23.5
33.3 24.2
34.3 25.0
35.2 25.9
36.3 26.6
37.4 27.1
38.6 27.6
39.8 27.9
41.0 28.3
42.3 28.6
43.6 28.8
44.6 29.2
45.6 29.9
46.4 30.9
47.2 32.0
47.9 33.0
47.0 33.5
