45.0 15.0
44.7 13.9
43.7 14.2
42.5 14.2
41.3 13.8
40.2 13.3
39.1 13.1
38.2 13.7
37.4 14.7
37.0 15.7
37.2 16.8
37.8 17.7
38.7 18.4
39.0 19.4
38.8 20.6
38.2 21.8
37.6 22.8
37.6 24.2
37.6 25.4
37.4 26.7
36.9 27.7
36.1 28.5
35.5 29.4
35.9 30.4
35.6 31.6
34.7 32.5
34.2 33.6
33.9 34.8
33.2 35.6
32.2 35.4
31.3 34.7
30.5 33.7
29.4 33.1
28.3 33.1
27.1 33.5
25.9 33.8
24.7 34.3
23.7 35.0
22.7 35.9
21.8 36.6
20.7 36.9
19.4 37.0
18.2 36.9
17.1 36.5
16.6 35.6
16.6 34.5
16.6 33.4
16.2 32.4
15.3 31.6
14.3 31.0
13.8 30.1
14.0 28.9
14.6 27.8
15.3 26.8
16.2 25.8
