45.0 45.0
46.0 44.8
45.3 43.9
44.1 43.9
42.9 44.0
41.7 43.4
41.0 42.5
40.0 41.7
39.1 40.9
38.4 39.8
37.9 38.6
37.6 37.3
37.3 36.0
37.0 34.8
36.1 34.2
34.8 34.0
33.5 34.0
32.3 34.2
31.2 34.8
30.1 35.2
29.0 34.9
28.1 34.0
27.2 33.3
26.0 32.8
24.9 32.5
24.0 31.8
23.1 31.0
22.0 30.6
20.8 30.4
19.8 30.3
18.9 29.6
18.2 28.6
17.6 27.4
17.4 26.3
17.6 25.1
18.0 23.8
18.5 22.6
19.0 21.4
19.6 20.2
19.5 19.1
18.6 18.4
17.9 17.5
17.9 16.3
18.2 15.2
18.8 14.1
19.7 13.3
20.9 12.7
22.1 12.3
23.1 12.7
23.3 13.8
23.2 15.0
22.9 16.2
23.6 17.2
24.6 18.0
25.6 18.7
26.8 19.1
28.0 19.2
28.8 18.5
29.7 19.6
30.7 20.4
30.8 21.4
30.7 22.5
30.9 23.8
31.3 25.0
31.6 26.0
31.1 27.2
30.3 27.9
29.1 27.9
28.0 27.4
27.1 26.5
26.3 25.5
