33.5 17.5
34.5 16.6
35.1 15.8
36.0 15.3
37.3 15.3
38.6 15.5
39.7 15.8
39.9 14.8
39.5 13.7
38.8 12.7
38.1 11.6
37.8 10.6
37.8 9.3
37.8 8.1
37.8 6.9
37.3 5.8
36.5 4.8
35.5 4.1
34.5 4.3
33.2 4.7
31.9 4.9
30.6 5.0
29.3 5.1
28.0 5.1
26.8 4.9
25.6 5.3
24.7 6.1
24.1 7.2
23.7 8.2
23.8 9.4
24.1 10.6
24.8 11.5
25.7 12.4
26.8 13.1
27.9 13.7
27.2 14.8
26.1 15.1
25.3 15.9
24.9 17.0
24.8 18.2
24.8 19.5
25.0 20.7
25.4 21.9
25.9 23.0
26.6 24.1
27.0 25.1
26.9 26.3
26.6 27.6
26.8 28.9
27.4 29.9
27.6 30.9
27.2 32.0
26.9 33.1
26.9 34.3
27.3 35.5
27.5 36.5
27.5 37.6
28.3 38.4
29.5 38.6
30.7 38.4
32.0 38.1
33.2 37.8
34.3 37.8
35.5 38.3
36.4 39.0
37.2 39.9
38.3 40.1
39.4 39.7
40.4 39.0
41.5 38.7
42.5 39.4
43.6 39.4
44.7 39.0
45.3 38.0
45.4 36.9
45.2 35.7
44.8 34.5
44.4 33.3
44.2 32.1
44.1 30.8
44.1 29.5
44.4 28.3
45.0 27.1
45.8 26.1
