12.0 22.0
12.1 20.9
13.0 20.0
14.2 19.6
15.4 19.4
16.4 19.3
17.3 18.5
18.0 17.5
19.0 16.8
20.1 17.6
20.6 18.6
21.0 19.9
21.3 21.0
22.1 21.9
23.2 22.6
24.3 23.0
25.4 22.9
26.5 22.5
27.7 22.5
28.9 22.9
30.1 23.3
31.4 23.4
32.7 23.3
34.0 23.1
35.3 22.9
36.3 23.0
37.0 23.8
37.4 24.9
37.6 26.1
38.2 27.1
39.2 27.9
40.2 28.6
41.4 29.1
42.5 29.6
43.3 30.5
43.7 31.6
43.9 32.8
43.7 34.1
43.5 35.5
43.3 36.5
44.3 37.0
45.5 36.9
46.6 37.3
47.5 38.2
47.9 39.3
48.2 40.6
48.2 41.9
48.2 43.2
48.0 44.2
47.3 45.1
46.3 45.7
