47.0 3.5
45.8 3.2
44.7 2.8
43.7 2.4
43.2 3.6
42.2 4.3
41.0 4.5
40.1 4.0
39.3 3.2
38.3 2.7
37.3 3.2
36.4 4.1
35.7 5.2
34.7 5.1
33.9 4.4
32.9 3.8
32.0 4.3
30.9 4.9
29.7 5.2
28.7 5.4
27.9 6.1
27.5 7.2
27.4 8.3
27.9 9.2
28.5 10.1
28.4 11.4
27.9 12.5
27.1 13.5
26.1 14.3
25.1 15.1
24.0 15.8
23.2 16.7
22.5 17.8
21.9 19.0
21.4 20.2
20.9 21.4
20.2 22.2
19.2 22.9
18.1 23.3
16.9 23.1
15.9 22.4
14.8 22.2
13.5 22.3
12.2 22.6
11.0 23.0
9.8 23.4
8.7 24.1
7.7 24.9
7.0 26.0
6.4 27.2
6.0 28.4
5.6 29.7
5.0 30.8
4.2 31.8
3.2 32.6
2.5 33.5
2.0 34.6
1.8 35.8
1.7 37.1
1.8 38.3
1.9 39.5
2.3 40.5
3.3 41.3
4.0 42.5
4.0 43.7
3.8 44.9
