47.0 3.5
46.0 3.3
44.9 2.6
43.7 2.5
42.5 2.9
41.3 3.4
40.1 3.8
38.8 4.2
37.6 4.5
36.3 4.9
35.2 5.0
34.1 4.6
33.1 4.0
32.2 3.4
31.1 3.8
30.3 4.8
29.5 5.9
28.6 6.8
27.8 7.8
27.4 8.9
27.0 10.1
26.8 11.4
26.5 12.6
26.3 13.8
26.7 14.9
27.5 15.8
27.6 17.1
27.1 18.2
26.3 19.2
25.3 20.0
24.3 20.8
23.7 22.0
23.8 23.2
24.0 24.4
23.9 25.6
23.4 26.8
22.8 28.0
22.4 29.2
22.1 30.4
22.0 31.7
22.1 33.1
22.3 34.4
22.5 35.6
22.3 36.8
22.1 38.1
22.1 39.4
21.3 40.0
20.3 39.5
19.4 38.7
18.7 37.7
17.5 37.9
16.7 38.8
15.8 39.5
14.7 40.0
13.5 40.2
12.4 40.6
11.4 41.4
10.3 42.1
9.3 42.6
8.0 42.1
6.8 42.0
5.8 42.5
4.9 43.4
4.2 44.5
