32.0 39.0
33.2 39.3
34.2 40.0
35.4 40.5
36.6 41.0
37.9 41.5
39.0 41.9
39.7 43.0
39.6 44.1
39.3 45.3
38.9 46.3
39.7 47.1
40.8 47.4
42.1 47.4
43.4 47.3
44.6 47.1
45.3 46.3
45.4 45.2
45.0 44.1
44.3 43.0
44.6 41.9
45.7 41.5
46.9 41.4
47.9 40.8
48.4 39.8
48.4 38.7
48.1 37.5
48.1 36.2
48.4 34.9
48.5 33.6
48.5 32.4
48.0 31.5
47.1 30.8
45.9 30.3
44.7 29.8
43.6 29.2
42.5 28.5
41.7 27.8
41.3 26.8
41.3 25.6
41.6 24.3
42.1 23.1
42.6 22.1
41.9 21.2
40.8 20.7
39.6 20.4
38.3 20.3
37.1 20.2
36.0 19.6
34.9 18.9
33.8 18.2
32.7 17.6
31.8 16.7
30.9 16.1
29.7 15.9
28.5 16.1
27.3 16.2
26.1 16.1
24.8 15.9
23.6 15.6
22.4 15.3
21.3 15.3
20.0 15.6
19.1 16.1
18.4 17.0
17.9 18.2
17.4 19.3
16.6 20.3
15.6 21.2
15.4 22.3
15.7 23.4
16.2 24.6
16.6 25.8
16.8 27.1
17.0 28.3
17.3 29.6
17.7 30.8
18.2 32.0
18.8 32.9
18.7 34.3
18.1 35.4
17.3 36.4
16.8 37.5
16.6 38.7
16.6 39.8
17.6 40.3
18.6 40.2
