15.0 4.0
14.0 4.4
13.2 3.8
12.2 3.0
11.2 2.2
9.9 1.7
8.6 1.8
7.4 2.2
6.4 2.8
5.6 3.8
5.0 4.9
4.6 6.2
4.3 7.2
3.5 7.9
2.4 8.5
1.8 9.4
2.0 10.6
2.5 11.7
3.3 12.7
3.8 13.8
4.2 15.0
4.7 16.2
5.5 17.2
6.4 18.1
7.4 19.0
8.2 20.0
8.9 21.1
9.2 22.3
9.2 23.6
9.2 24.7
9.9 25.7
11.0 26.3
12.2 26.7
13.5 26.9
14.7 27.1
15.7 27.6
16.5 28.6
17.2 29.7
17.7 30.8
18.5 31.7
19.6 32.5
20.7 33.0
21.7 33.5
22.4 34.5
22.8 35.7
23.1 36.8
23.9 37.8
24.8 38.5
25.9 38.9
27.2 39.0
28.5 38.9
29.8 39.0
31.2 39.2
32.5 39.4
33.7 39.5
34.7 39.2
35.6 38.4
36.4 37.4
37.1 36.3
38.3 36.2
39.3 37.1
40.1 38.0
40.6 39.1
40.7 40.3
40.7 41.6
40.6 42.9
40.5 44.1
40.8 45.3
41.3 46.4
42.1 47.1
43.2 46.6
43.9 45.6
