4.0 46.0
5.1 46.3
6.0 47.0
7.1 47.2
8.4 47.1
9.6 46.8
10.8 46.5
11.3 45.5
10.7 44.6
9.8 43.8
9.6 42.6
10.0 41.5
10.6 40.4
11.4 39.5
12.0 38.3
12.3 37.1
12.5 35.8
13.2 34.6
14.2 33.9
15.4 33.3
16.5 32.8
17.1 31.9
17.1 30.7
16.9 29.6
16.4 28.4
15.8 27.2
15.2 26.1
14.6 24.9
14.4 23.9
14.7 22.8
15.3 21.7
16.1 20.7
16.6 19.6
17.1 18.3
17.4 17.1
17.7 15.8
17.0 14.8
15.8 14.8
14.6 15.2
13.4 15.9
12.3 15.7
11.8 14.7
11.6 13.5
11.6 12.2
11.8 11.2
11.2 10.3
10.2 9.8
9.4 8.7
9.5 7.5
9.6 6.2
9.7 5.0
9.8 3.7
9.2 2.6
8.1 2.2
7.1 2.3
6.1 2.9
5.0 3.6
4.1 4.4
3.4 5.5
2.9 6.6
2.5 7.8
2.2 9.0
2.3 10.2
2.6 11.5
3.0 12.7
