32.0 41.0
31.4 42.0
32.4 41.8
33.5 41.3
34.5 40.7
35.3 39.7
35.8 38.5
36.1 37.2
36.6 36.3
37.4 35.5
38.5 34.9
39.4 34.3
40.0 33.3
40.7 32.2
41.4 31.1
41.9 30.2
41.9 29.0
41.5 27.9
41.3 26.9
41.5 25.8
42.2 24.8
42.7 23.9
42.6 22.8
42.2 21.6
41.9 20.4
41.7 19.1
41.6 17.8
41.3 16.6
40.8 15.3
40.3 14.2
39.6 13.4
38.4 13.0
37.2 12.9
36.0 13.4
35.2 14.3
34.0 14.6
32.9 14.1
31.9 13.3
31.0 12.5
30.0 11.9
28.8 11.4
27.8 11.5
26.7 12.1
25.7 12.8
24.6 13.5
23.6 13.9
22.4 14.0
21.2 13.7
20.0 13.2
18.7 13.0
17.4 12.8
16.4 12.4
15.4 11.6
14.8 10.6
15.4 9.7
16.5 9.1
