5.0 5.0
5.9 3.9
6.8 3.2
7.9 3.0
9.1 3.4
10.0 4.3
11.0 5.2
11.8 6.0
12.2 7.0
12.3 8.3
12.2 9.4
13.1 10.4
14.3 10.6
15.5 10.4
16.8 10.6
17.7 11.4
18.8 12.1
19.9 12.7
20.9 13.3
21.2 14.4
21.2 15.6
20.7 16.5
19.8 17.3
18.7 18.0
17.6 18.5
16.4 19.0
15.5 19.7
14.7 20.7
14.2 21.9
13.6 23.0
13.3 24.1
12.5 24.9
11.3 25.1
10.1 25.2
8.9 25.6
7.7 26.2
6.9 26.8
6.6 28.1
6.5 29.3
6.4 30.5
6.6 31.7
6.1 32.8
5.5 33.6
5.3 34.8
5.5 36.0
6.0 37.2
5.2 38.2
4.0 38.3
2.9 38.8
2.3 39.7
2.1 40.9
2.5 42.1
3.3 42.9
4.4 43.6
5.6 44.0
6.5 44.8
6.6 45.9
6.9 46.9
7.7 47.8
8.7 48.4
9.8 48.2
10.7 47.4
11.6 46.5
12.5 45.5
13.0 44.5
12.0 43.7
10.9 43.3
10.5 42.3
10.9 41.2
11.6 40.1
12.4 39.2
13.3 38.4
14.5 37.9
15.7 37.7
16.4 38.5
16.2 39.5
17.3 39.9
