20.0 40.0
20.3 41.1
19.4 40.4
18.8 39.5
18.8 38.4
18.3 37.2
18.0 36.1
17.9 34.9
17.5 33.8
16.7 33.0
15.7 32.2
14.4 32.1
13.3 32.5
12.1 32.5
11.4 31.6
11.0 30.4
10.8 29.2
10.8 28.1
10.4 27.0
10.0 25.9
9.9 24.6
10.1 23.3
10.3 22.1
10.6 20.8
10.8 19.5
11.1 18.2
11.4 16.9
11.6 15.6
11.7 14.3
11.8 13.0
11.9 11.7
11.9 10.5
11.9 9.2
12.1 8.2
13.0 7.4
13.8 6.3
14.4 5.2
14.8 4.0
16.0 4.2
16.6 5.1
16.8 6.2
17.6 6.9
18.8 7.2
20.0 7.2
21.2 7.9
22.0 8.8
22.6 10.0
23.4 10.9
24.4 11.7
25.5 12.4
26.6 13.0
27.7 13.5
28.7 14.0
29.1 15.1
29.0 16.3
28.7 17.4
28.6 18.7
28.8 19.8
