4.0 46.0
5.0 45.6
5.3 44.5
5.2 43.2
4.8 41.9
4.3 40.7
3.6 39.8
2.7 39.1
2.0 38.1
1.6 37.0
1.5 35.7
1.8 34.6
2.4 33.6
3.3 32.9
4.4 32.1
5.3 31.3
5.9 30.2
6.6 29.1
7.3 28.0
8.0 26.9
9.0 26.2
10.2 26.2
11.4 26.6
12.5 27.2
13.6 27.8
14.8 28.3
16.0 28.7
17.3 28.8
18.6 28.8
19.9 28.6
21.2 28.5
22.3 28.2
23.1 27.5
23.6 26.5
24.0 25.2
24.4 24.0
24.9 22.8
25.5 21.7
26.1 20.6
26.9 19.8
27.9 19.1
28.4 17.8
28.2 16.6
27.7 15.4
27.1 14.3
26.5 13.1
25.9 11.9
25.2 11.1
24.2 10.5
23.5 9.6
23.0 8.5
22.8 7.2
22.8 5.9
22.8 4.8
21.7 4.5
20.7 4.8
19.5 5.0
18.6 4.5
