34.0 17.5
34.5 17.0
34.9 16.3
35.4 16.1
36.0 16.1
36.7 16.4
37.3 16.9
37.8 17.6
38.2 18.3
38.4 19.1
38.5 19.6
38.7 20.4
38.7 21.3
38.8 22.2
38.9 23.0
38.5 23.5
37.9 23.7
37.1 23.7
36.3 23.5
35.6 23.1
34.9 23.0
34.2 23.0
33.5 23.3
32.8 23.6
32.1 24.0
31.6 24.1
30.9 24.0
30.2 23.8
29.8 24.3
29.6 25.1
29.4 26.0
29.1 26.8
28.8 27.6
28.4 28.2
27.9 28.8
27.2 29.2
26.4 29.5
25.6 29.8
24.9 30.2
24.3 30.6
23.7 31.3
23.3 31.9
22.9 32.7
22.6 33.5
22.3 34.3
22.2 35.1
22.2 36.0
22.3 36.8
22.4 37.7
22.6 38.5
22.0 38.8
21.4 38.7
20.8 38.3
20.2 37.8
19.6 37.4
18.8 37.1
18.1 36.9
17.5 36.5
17.1 35.9
16.7 35.2
16.5 34.4
16.4 33.9
16.4 33.2
17.5 33.0
