34.0 17.5
34.6 17.5
35.3 18.0
35.8 18.5
36.3 18.9
37.1 19.1
37.7 19.3
38.2 19.8
38.7 20.4
38.9 21.2
39.2 21.9
39.8 21.7
39.9 22.3
39.9 22.9
40.2 23.3
40.9 23.7
41.6 23.8
41.3 24.3
41.3 25.0
41.4 25.6
41.9 26.3
42.1 26.8
41.8 27.4
41.2 27.8
40.5 28.1
39.7 28.3
38.8 28.4
38.0 28.4
37.2 28.3
36.4 28.0
35.7 27.6
35.0 27.2
34.3 26.9
33.5 26.8
32.7 26.8
31.9 27.0
31.1 27.3
30.3 27.7
29.6 28.2
28.9 28.7
28.2 29.2
27.7 29.5
27.1 29.5
26.5 29.3
25.7 28.9
25.2 28.7
24.6 28.8
24.0 29.1
23.4 29.6
22.9 30.2
22.6 31.0
22.4 31.8
22.2 32.6
22.2 33.5
22.1 34.3
22.1 35.2
22.1 36.0
22.2 36.8
22.5 37.5
22.9 38.2
22.5 38.8
21.8 39.1
21.1 39.1
20.4 39.0
19.8 38.6
19.3 38.0
18.8 37.3
18.4 36.5
18.1 35.7
17.8 34.9
17.5 34.1
17.5 33.0
