25.0 3.0
23.8 3.3
22.7 3.4
21.7 2.9
21.0 4.0
20.0 4.8
19.2 5.7
18.5 6.7
18.2 7.9
18.2 9.2
18.8 10.3
19.8 11.0
20.2 12.2
19.8 13.2
19.0 14.1
17.9 14.9
16.9 15.5
16.2 16.4
15.7 17.6
15.4 18.9
15.1 19.9
14.3 20.9
13.3 21.6
12.4 22.1
12.1 23.2
12.4 24.3
13.0 25.4
13.5 26.5
13.6 27.8
13.8 28.9
14.4 29.9
15.3 30.7
16.4 31.5
17.3 32.3
17.8 33.2
17.9 34.5
17.7 35.7
18.6 36.4
19.6 36.2
20.7 36.5
21.5 37.5
22.4 38.4
23.3 39.3
24.0 40.3
24.7 41.3
25.7 42.0
26.9 42.6
28.0 43.2
29.2 43.8
30.4 44.0
31.7 43.9
33.0 43.7
34.3 43.4
34.9 44.3
34.8 45.4
35.0 46.6
35.7 47.4
36.8 48.1
37.9 48.5
38.9 48.4
39.8 47.8
40.6 46.9
41.2 45.8
42.2 45.0
43.1 44.5
43.7 43.5
44.0 42.3
44.4 41.0
44.6 39.8
44.6 38.5
44.6 37.2
44.5 35.9
