25.0 3.0
24.2 2.3
23.4 1.7
22.2 1.5
20.9 1.6
19.6 1.8
18.4 2.1
17.3 2.6
16.4 3.5
15.7 4.6
14.9 5.5
13.9 6.1
12.7 6.5
11.6 6.6
10.4 6.3
9.2 5.9
8.0 5.7
6.7 5.8
5.6 6.1
4.8 7.1
4.4 8.3
4.2 9.5
4.2 10.8
4.5 11.9
5.1 13.0
5.9 14.0
6.9 14.7
8.1 15.1
9.4 15.4
10.6 15.7
11.5 14.8
11.6 13.7
12.3 12.7
13.4 12.6
14.6 12.9
15.7 13.4
16.9 13.5
18.1 13.7
19.3 14.3
20.4 15.0
21.4 15.8
22.4 16.3
23.5 16.1
24.5 15.4
25.5 14.6
26.3 13.6
27.6 13.3
28.6 13.7
29.7 14.4
30.8 15.0
31.9 15.6
33.1 16.1
34.2 16.7
35.2 17.5
35.4 18.6
35.4 19.8
35.7 20.8
36.4 21.9
37.3 22.8
38.2 23.6
38.4 24.8
37.9 25.8
37.3 26.6
37.5 27.8
38.2 28.6
39.2 29.3
40.3 29.7
41.6 30.0
42.8 30.2
44.1 30.5
45.3 31.0
46.3 31.7
47.1 32.6
47.3 33.8
46.9 35.0
46.3 35.9
