17.5 33.0
17.7 34.2
17.3 35.3
16.6 36.2
15.8 37.1
14.9 37.9
13.8 38.3
12.6 38.5
11.4 38.3
10.2 37.9
9.2 37.8
8.0 38.1
6.9 38.6
5.8 38.1
5.3 37.0
5.0 35.7
4.6 34.4
4.2 33.2
4.0 32.2
4.3 31.0
5.0 30.0
5.8 29.1
6.9 28.5
8.1 28.0
9.3 27.5
10.5 27.0
11.6 26.9
12.8 27.2
14.0 27.7
15.1 28.3
16.2 28.5
17.4 28.4
18.4 27.9
19.4 27.0
20.2 26.1
20.9 25.1
21.7 24.5
22.9 24.3
24.0 24.5
25.0 24.6
26.0 24.1
27.0 23.4
28.2 22.9
29.4 22.5
30.7 22.3
31.9 22.1
33.1 22.3
34.4 22.6
35.6 22.5
36.8 22.2
37.9 21.7
39.1 21.5
40.2 21.4
41.1 20.7
42.1 20.2
43.3 20.0
43.9 19.2
44.2 18.2
45.0 17.4
