17.5 33.0
16.7 33.9
16.0 34.8
15.4 35.7
15.0 36.8
14.7 37.8
14.9 39.0
15.9 39.7
17.0 39.7
18.0 39.3
19.0 39.0
20.1 39.3
21.1 40.0
22.0 40.9
22.8 41.7
23.9 42.1
25.1 42.2
26.4 42.1
27.4 41.8
28.2 41.1
29.0 40.0
29.9 39.1
31.0 38.4
32.2 37.9
33.4 37.8
34.6 37.9
35.8 38.3
36.9 38.4
38.1 38.1
39.2 37.5
40.4 37.2
41.5 37.6
42.2 38.5
42.7 39.5
43.7 39.2
44.3 38.3
44.7 37.1
44.6 36.0
44.3 34.8
44.1 33.5
44.1 32.4
44.3 31.2
44.1 30.1
43.6 29.0
42.8 28.0
42.2 27.0
41.9 26.0
42.1 24.8
42.3 23.7
41.5 22.7
40.4 22.2
40.6 21.1
41.4 20.3
42.4 19.6
43.6 19.0
44.8 18.5
