18.0 8.5
19.3 8.5
20.3 8.4
21.3 8.9
21.9 9.9
22.3 11.0
23.2 11.6
24.4 11.7
25.6 11.7
26.8 11.8
28.1 12.2
29.3 12.2
30.6 12.1
31.9 11.9
33.2 11.7
34.4 11.5
35.7 11.7
37.0 11.9
38.1 12.4
39.2 13.0
40.1 13.8
40.7 14.8
41.0 16.0
41.1 17.3
40.9 18.6
40.7 19.9
40.9 21.1
41.8 21.6
42.8 22.0
43.3 23.1
43.4 24.4
43.3 25.7
42.9 26.9
42.3 28.0
41.7 29.1
42.6 29.9
41.8 30.9
41.2 32.0
40.7 33.0
39.6 33.8
38.4 34.2
37.2 34.2
36.0 34.2
35.1 33.2
34.9 31.9
34.9 30.7
35.1 29.5
35.5 28.5
36.4 27.7
36.5 26.5
36.1 25.4
35.3 24.6
34.2 24.1
33.0 23.7
31.9 23.5
31.1 22.7
30.6 21.6
30.3 20.4
29.7 19.4
28.5 18.8
27.4 18.9
26.0 19.0
24.7 19.0
23.4 18.9
22.1 18.9
20.8 19.0
19.5 19.1
18.6 19.9
18.4 21.0
18.6 22.2
18.9 23.5
19.1 24.8
19.2 26.0
19.1 27.3
19.1 28.6
19.0 29.9
18.8 31.2
18.3 32.3
17.5 33.4
16.6 34.3
15.4 34.5
14.3 33.9
13.1 33.6
11.9 33.5
10.8 33.1
9.7 32.3
8.9 31.5
8.4 30.2
8.4 28.9
8.2 27.5
7.6 26.5
6.7 25.7
6.5 24.7
7.1 23.8
8.0 23.0
8.5 22.1
8.1 21.0
