5.0 45.0
6.1 45.2
7.2 45.3
8.5 45.3
9.8 45.4
11.0 45.5
11.8 44.9
12.5 43.9
12.8 42.7
12.9 41.4
12.8 40.1
12.7 38.9
13.1 37.7
13.7 36.6
14.4 35.5
15.1 34.5
15.9 33.5
16.7 32.5
17.5 31.6
18.8 31.2
20.0 31.3
20.7 32.1
20.8 33.3
21.7 33.8
22.7 33.5
23.6 32.7
24.6 32.2
25.8 32.0
27.0 31.9
27.9 31.3
28.7 30.4
29.9 30.0
31.1 30.1
32.3 30.5
33.5 31.0
34.5 31.4
35.4 30.7
35.5 29.6
35.2 28.4
34.7 27.2
34.7 26.0
35.3 24.9
35.9 24.0
36.0 23.0
35.4 22.2
34.3 21.6
33.1 21.3
32.7 20.2
33.5 19.5
34.6 19.0
35.7 18.8
