30.0 40.0
30.2 38.9
30.6 37.7
30.9 36.5
30.7 35.5
30.1 34.3
29.6 33.1
28.7 32.2
27.5 31.9
26.3 31.7
25.2 31.6
24.3 32.1
23.5 33.1
23.0 34.3
22.5 35.5
22.0 36.7
21.3 37.6
20.3 38.2
19.3 38.3
18.1 38.0
16.9 37.7
15.6 37.5
14.4 37.5
14.1 36.2
14.6 35.1
14.5 33.8
13.7 32.7
12.6 32.3
11.5 32.0
10.7 31.3
10.0 30.2
9.6 29.0
9.3 27.8
9.4 26.6
9.7 25.4
10.2 24.2
10.9 23.2
11.8 22.3
12.9 21.7
14.1 21.3
15.3 21.0
16.6 20.9
17.7 20.8
18.5 20.1
19.2 19.1
19.8 18.1
20.8 17.4
22.0 17.0
23.1 16.7
23.4 15.7
23.2 14.6
22.6 13.4
21.9 12.3
21.1 11.3
