25.0 12.5
26.1 12.1
27.2 12.1
28.0 12.9
28.5 14.0
29.4 14.8
30.5 15.4
31.7 15.8
32.9 16.3
34.1 16.9
35.2 17.6
36.1 18.5
36.9 19.5
37.6 20.6
38.1 21.5
37.9 22.6
37.4 23.7
36.7 24.7
35.9 25.5
35.6 26.6
34.8 27.3
33.9 26.7
33.2 25.8
32.2 26.0
31.4 26.8
30.9 27.9
30.5 29.2
30.1 30.4
29.5 31.2
28.5 31.7
27.3 31.8
26.0 31.5
24.7 31.2
23.5 30.7
22.3 30.4
21.1 30.3
19.7 30.1
18.9 29.4
18.3 28.4
18.2 27.3
18.4 26.0
18.7 24.8
18.7 23.7
18.3 22.5
18.5 21.5
19.4 20.8
20.1 19.9
20.0 18.5
19.3 17.5
18.2 17.1
16.9 16.9
15.6 17.0
