15.0 33.5
16.1 33.7
16.7 35.0
17.2 36.0
18.1 36.9
19.1 37.4
20.3 37.6
21.6 37.4
22.9 37.2
24.1 36.8
25.4 36.7
26.7 36.5
27.9 36.3
28.9 35.4
29.4 34.4
29.6 33.3
28.7 32.4
27.5 31.8
26.3 31.3
25.1 31.1
23.8 31.1
22.7 31.2
21.7 30.7
20.9 29.8
20.2 28.9
19.3 28.2
18.1 27.9
17.2 27.1
17.1 25.9
17.2 24.6
17.6 23.4
18.1 22.3
18.2 21.1
17.9 20.0
17.3 19.0
16.3 18.1
15.2 17.5
14.1 16.8
13.0 16.1
11.9 16.2
10.9 16.8
9.9 17.7
8.9 18.6
7.9 19.5
7.0 20.4
6.5 21.7
6.5 22.9
6.6 24.2
6.5 25.3
5.6 25.9
4.6 25.5
4.0 24.7
