25.0 37.5
24.0 37.8
25.0 38.2
26.3 38.5
27.4 38.1
28.5 37.4
29.4 36.5
30.4 35.7
31.5 34.9
32.7 34.3
33.6 33.5
34.4 32.5
35.1 31.4
35.6 30.2
36.1 28.9
36.2 27.9
36.0 26.9
36.1 25.8
36.7 24.8
37.5 23.9
37.9 22.7
37.7 21.5
37.2 20.3
36.8 19.2
36.6 18.0
36.5 17.0
35.8 16.2
34.7 15.6
33.5 15.2
32.3 14.7
31.1 14.6
29.9 14.8
28.6 14.7
27.3 14.4
26.1 14.1
24.9 14.0
23.6 14.2
22.4 14.4
21.1 14.7
19.9 15.2
18.7 15.8
17.6 16.5
16.4 17.2
15.2 17.8
14.0 18.3
13.1 18.8
13.6 20.1
14.0 21.1
13.5 22.0
12.6 22.8
12.1 23.8
12.0 25.1
12.2 26.2
12.6 27.2
11.7 27.9
10.6 28.2
9.4 28.1
8.5 28.8
8.3 30.1
8.3 31.4
8.2 32.4
7.4 33.1
6.3 33.4
6.4 34.5
6.9 35.5
6.0 36.0
