16.0 17.5
15.3 16.6
14.2 16.2
13.1 15.7
12.1 15.0
11.4 14.1
12.3 13.2
13.4 12.7
13.1 11.6
12.3 10.6
11.8 9.6
11.5 8.4
11.5 7.1
11.6 5.8
11.9 4.8
13.0 4.4
14.2 4.6
15.4 5.0
16.6 5.3
17.6 4.8
18.6 4.1
19.6 4.5
20.4 5.3
21.1 4.5
21.4 3.3
21.9 2.4
22.9 2.0
24.1 1.9
25.3 2.1
26.4 2.7
27.4 3.5
28.3 4.3
29.2 4.8
30.4 4.7
31.6 4.4
32.8 4.1
34.1 4.2
35.4 4.3
36.7 4.6
37.8 5.2
38.9 5.7
39.6 6.5
39.9 7.6
40.3 8.8
40.9 9.9
41.2 11.0
40.4 12.1
39.4 12.8
38.8 13.7
38.5 14.8
38.0 15.9
37.1 16.7
36.1 17.5
35.0 18.2
