35.0 17.0
35.1 18.0
35.1 19.2
35.8 20.0
36.8 20.3
36.4 21.6
36.6 22.7
37.1 23.9
37.5 25.1
37.3 26.3
36.5 27.2
35.8 28.2
35.4 29.4
35.1 30.7
34.9 32.0
34.8 33.2
34.3 34.2
33.4 35.0
32.3 35.6
31.1 35.9
29.9 35.8
28.6 35.8
27.3 36.0
26.0 36.3
24.8 36.7
23.5 37.0
22.2 37.3
21.0 37.5
19.8 37.2
18.6 36.7
17.5 36.1
16.3 35.6
15.2 35.4
14.1 35.7
12.9 35.8
11.6 35.7
10.4 35.2
9.3 34.6
8.3 33.8
7.2 33.5
6.3 34.1
5.7 35.2
5.9 36.4
6.6 37.4
7.5 38.3
8.3 39.2
8.9 40.3
9.6 41.3
10.5 42.1
11.6 42.9
12.7 43.6
13.9 44.3
