38.0 22.0
38.3 23.3
38.4 24.3
37.3 25.0
36.5 25.9
36.0 27.0
35.5 28.2
34.8 29.2
33.7 30.0
32.8 30.5
32.5 31.5
32.1 32.5
31.2 33.2
30.0 33.6
28.8 34.1
27.6 34.4
26.5 35.0
25.4 35.7
24.3 36.4
23.2 37.1
22.3 37.6
21.1 37.0
20.4 36.0
19.9 34.9
19.0 33.9
18.0 33.2
16.9 32.5
16.1 31.5
15.6 30.6
14.3 30.4
13.1 30.6
11.9 30.7
10.7 30.6
9.5 30.2
8.3 29.7
7.3 29.6
6.5 30.3
5.9 31.4
5.6 32.6
5.5 33.9
4.5 34.5
3.4 34.5
2.6 35.5
2.5 36.6
2.6 37.9
2.4 39.1
2.0 40.2
1.8 41.5
1.8 42.8
2.1 44.0
2.8 45.0
3.7 45.7
4.8 46.1
5.9 46.4
6.9 46.9
8.0 46.9
9.2 46.4
10.4 45.8
11.6 45.2
12.8 44.6
14.0 44.8
