29
13
22.61034 32.84383 22.62913 32.84953 23.39068 33.04029 23.40993 33.04412 24.18652 33.15931 24.20605 33.16124 24.99019 33.19976 25.00981 32.80024 24.23549 32.7622 23.47834 32.64989 22.73585 32.4639 22.00591 32.20273 21.87115 32.57935 

10
19.80571 18.65527 19.79054 18.66773 19.20883 19.19496 19.19496 19.20883 18.66773 19.79054 18.96411 20.05917 19.48474 19.48474 20.05189 18.9707 20.67458 18.50888 20.4363 18.1876 

10
33.15931 25.81348 33.16124 25.79395 33.19976 25.00981 33.19976 24.99019 33.16124 24.20605 32.76172 24.22568 32.79976 25.0 32.7622 25.76451 32.64845 26.53138 33.04412 26.59007 

16
25.00981 16.80024 24.99019 16.80024 24.20605 16.83876 24.18652 16.84069 23.40993 16.95588 23.39068 16.95971 22.62913 17.15047 22.61034 17.15617 21.87115 17.42065 22.00591 17.79727 22.73585 17.5361 23.47834 17.35011 24.23549 17.2378 25.0 17.20024 25.77432 17.23828 25.79395 16.83876 

31
27.37087 32.84953 27.38966 32.84383 28.12885 32.57935 28.14698 32.57183 28.85668 32.23617 28.87399 32.22692 29.54738 31.8233 29.5637 31.8124 30.19429 31.34473 30.20946 31.33227 30.79117 30.80504 30.80504 30.79117 31.33227 30.20946 31.34473 30.19429 31.8124 29.5637 31.8233 29.54738 32.22692 28.87399 32.23617 28.85668 32.57183 28.14698 32.21024 27.97596 31.87877 28.67678 31.48526 29.33331 31.0293 29.94811 30.51526 30.51526 29.94811 31.0293 29.33331 31.48526 28.67678 31.87877 27.98484 32.20604 27.26415 32.4639 26.51213 32.65228 26.60932 33.04029 

22
32.57935 21.87115 32.57183 21.85302 32.23617 21.14332 32.22692 21.12601 31.8233 20.45262 31.8124 20.4363 31.34473 19.80571 31.33227 19.79054 30.80504 19.20883 30.79117 19.19496 30.20946 18.66773 30.19429 18.65527 29.5637 18.1876 29.32542 18.50888 29.94811 18.9707 30.51526 19.48474 31.0293 20.05189 31.48526 20.66669 31.87877 21.32322 32.20604 22.01516 32.46721 22.7451 32.84383 22.61034 

13
17.42817 21.85302 17.42065 21.87115 17.15617 22.61034 17.15047 22.62913 16.95971 23.39068 16.95588 23.40993 16.84069 24.18652 17.23636 24.24521 17.35011 23.47834 17.5361 22.73585 17.79396 22.01516 18.12543 21.31434 17.76383 21.14332 

19
16.95588 26.59007 16.95971 26.60932 17.15047 27.37087 17.15617 27.38966 17.42065 28.12885 17.42817 28.14698 17.76383 28.85668 17.77308 28.87399 18.1767 29.54738 18.1876 29.5637 18.65527 30.19429 18.97656 29.95601 18.51474 29.33331 18.12123 28.67678 17.79396 27.98484 17.5361 27.26415 17.35011 26.52166 17.23636 25.75479 16.84069 25.81348 

89
7.7 32.0 7.7 39.7 3.0 39.7 3.0 40.3 7.7 40.3 7.7 46.0 7.70144 46.02941 7.70576 46.05853 7.71292 46.08709 7.72284 46.11481 7.73542 46.14142 7.75056 46.16667 7.7681 46.19032 7.78787 46.21213 7.80968 46.2319 7.83333 46.24944 7.85858 46.26458 7.88519 46.27716 7.91291 46.28708 7.94147 46.29424 7.97059 46.29856 8.0 46.3 8.02941 46.29856 8.05853 46.29424 8.08709 46.28708 8.11481 46.27716 8.14142 46.26458 8.16667 46.24944 8.19032 46.2319 8.21213 46.21213 8.2319 46.19032 8.24944 46.16667 8.26458 46.14142 8.27716 46.11481 8.28708 46.08709 8.29424 46.05853 8.29856 46.02941 8.3 46.0 8.3 40.0 8.3 32.3 15.0 32.3 15.02941 32.29856 15.05853 32.29424 15.08709 32.28708 15.11481 32.27716 15.14142 32.26458 15.16667 32.24944 15.19032 32.2319 15.21213 32.21213 15.2319 32.19032 15.24944 32.16667 15.26458 32.14142 15.27716 32.11481 15.28708 32.08709 15.29424 32.05853 15.29856 32.02941 15.3 32.0 15.29856 31.97059 15.29424 31.94147 15.28708 31.91291 15.27716 31.88519 15.26458 31.85858 15.24944 31.83333 15.2319 31.80968 15.21213 31.78787 15.19032 31.7681 15.16667 31.75056 15.14142 31.73542 15.11481 31.72284 15.08709 31.71292 15.05853 31.70576 15.02941 31.70144 15.0 31.7 8.0 31.7 7.97059 31.70144 7.94147 31.70576 7.91291 31.71292 7.88519 31.72284 7.85858 31.73542 7.83333 31.75056 7.80968 31.7681 7.78787 31.78787 7.7681 31.80968 7.75056 31.83333 7.73542 31.85858 7.72284 31.88519 7.71292 31.91291 7.70576 31.94147 7.70144 31.97059 

89
34.7 32.0 34.70144 32.02941 34.70576 32.05853 34.71292 32.08709 34.72284 32.11481 34.73542 32.14142 34.75056 32.16667 34.7681 32.19032 34.78787 32.21213 34.80968 32.2319 34.83333 32.24944 34.85858 32.26458 34.88519 32.27716 34.91291 32.28708 34.94147 32.29424 34.97059 32.29856 35.0 32.3 41.7 32.3 41.7 40.0 41.7 46.0 41.70144 46.02941 41.70576 46.05853 41.71292 46.08709 41.72284 46.11481 41.73542 46.14142 41.75056 46.16667 41.7681 46.19032 41.78787 46.21213 41.80968 46.2319 41.83333 46.24944 41.85858 46.26458 41.88519 46.27716 41.91291 46.28708 41.94147 46.29424 41.97059 46.29856 42.0 46.3 42.02941 46.29856 42.05853 46.29424 42.08709 46.28708 42.11481 46.27716 42.14142 46.26458 42.16667 46.24944 42.19032 46.2319 42.21213 46.21213 42.2319 46.19032 42.24944 46.16667 42.26458 46.14142 42.27716 46.11481 42.28708 46.08709 42.29424 46.05853 42.29856 46.02941 42.3 46.0 42.3 40.3 47.0 40.3 47.0 39.7 42.3 39.7 42.3 32.0 42.29856 31.97059 42.29424 31.94147 42.28708 31.91291 42.27716 31.88519 42.26458 31.85858 42.24944 31.83333 42.2319 31.80968 42.21213 31.78787 42.19032 31.7681 42.16667 31.75056 42.14142 31.73542 42.11481 31.72284 42.08709 31.71292 42.05853 31.70576 42.02941 31.70144 42.0 31.7 35.0 31.7 34.97059 31.70144 34.94147 31.70576 34.91291 31.71292 34.88519 31.72284 34.85858 31.73542 34.83333 31.75056 34.80968 31.7681 34.78787 31.78787 34.7681 31.80968 34.75056 31.83333 34.73542 31.85858 34.72284 31.88519 34.71292 31.91291 34.70576 31.94147 34.70144 31.97059 

89
7.7 4.0 7.7 9.7 3.0 9.7 3.0 10.3 7.7 10.3 7.7 18.0 7.70144 18.02941 7.70576 18.05853 7.71292 18.08709 7.72284 18.11481 7.73542 18.14142 7.75056 18.16667 7.7681 18.19032 7.78787 18.21213 7.80968 18.2319 7.83333 18.24944 7.85858 18.26458 7.88519 18.27716 7.91291 18.28708 7.94147 18.29424 7.97059 18.29856 8.0 18.3 15.0 18.3 15.02941 18.29856 15.05853 18.29424 15.08709 18.28708 15.11481 18.27716 15.14142 18.26458 15.16667 18.24944 15.19032 18.2319 15.21213 18.21213 15.2319 18.19032 15.24944 18.16667 15.26458 18.14142 15.27716 18.11481 15.28708 18.08709 15.29424 18.05853 15.29856 18.02941 15.3 18.0 15.29856 17.97059 15.29424 17.94147 15.28708 17.91291 15.27716 17.88519 15.26458 17.85858 15.24944 17.83333 15.2319 17.80968 15.21213 17.78787 15.19032 17.7681 15.16667 17.75056 15.14142 17.73542 15.11481 17.72284 15.08709 17.71292 15.05853 17.70576 15.02941 17.70144 15.0 17.7 8.3 17.7 8.3 10.0 8.3 4.0 8.29856 3.97059 8.29424 3.94147 8.28708 3.91291 8.27716 3.88519 8.26458 3.85858 8.24944 3.83333 8.2319 3.80968 8.21213 3.78787 8.19032 3.7681 8.16667 3.75056 8.14142 3.73542 8.11481 3.72284 8.08709 3.71292 8.05853 3.70576 8.02941 3.70144 8.0 3.7 7.97059 3.70144 7.94147 3.70576 7.91291 3.71292 7.88519 3.72284 7.85858 3.73542 7.83333 3.75056 7.80968 3.7681 7.78787 3.78787 7.7681 3.80968 7.75056 3.83333 7.73542 3.85858 7.72284 3.88519 7.71292 3.91291 7.70576 3.94147 7.70144 3.97059 

89
34.7 18.0 34.70144 18.02941 34.70576 18.05853 34.71292 18.08709 34.72284 18.11481 34.73542 18.14142 34.75056 18.16667 34.7681 18.19032 34.78787 18.21213 34.80968 18.2319 34.83333 18.24944 34.85858 18.26458 34.88519 18.27716 34.91291 18.28708 34.94147 18.29424 34.97059 18.29856 35.0 18.3 42.0 18.3 42.02941 18.29856 42.05853 18.29424 42.08709 18.28708 42.11481 18.27716 42.14142 18.26458 42.16667 18.24944 42.19032 18.2319 42.21213 18.21213 42.2319 18.19032 42.24944 18.16667 42.26458 18.14142 42.27716 18.11481 42.28708 18.08709 42.29424 18.05853 42.29856 18.02941 42.3 18.0 42.3 10.3 47.0 10.3 47.0 9.7 42.3 9.7 42.3 4.0 42.29856 3.97059 42.29424 3.94147 42.28708 3.91291 42.27716 3.88519 42.26458 3.85858 42.24944 3.83333 42.2319 3.80968 42.21213 3.78787 42.19032 3.7681 42.16667 3.75056 42.14142 3.73542 42.11481 3.72284 42.08709 3.71292 42.05853 3.70576 42.02941 3.70144 42.0 3.7 41.97059 3.70144 41.94147 3.70576 41.91291 3.71292 41.88519 3.72284 41.85858 3.73542 41.83333 3.75056 41.80968 3.7681 41.78787 3.78787 41.7681 3.80968 41.75056 3.83333 41.73542 3.85858 41.72284 3.88519 41.71292 3.91291 41.70576 3.94147 41.70144 3.97059 41.7 4.0 41.7 10.0 41.7 17.7 35.0 17.7 34.97059 17.70144 34.94147 17.70576 34.91291 17.71292 34.88519 17.72284 34.85858 17.73542 34.83333 17.75056 34.80968 17.7681 34.78787 17.78787 34.7681 17.80968 34.75056 17.83333 34.73542 17.85858 34.72284 17.88519 34.71292 17.91291 34.70576 17.94147 34.70144 17.97059 

22
20.3 42.0 20.29856 41.97059 20.29424 41.94147 20.28708 41.91291 20.27716 41.88519 20.26458 41.85858 20.24944 41.83333 20.2319 41.80968 20.21213 41.78787 20.19032 41.7681 20.16667 41.75056 20.14142 41.73542 20.11481 41.72284 20.08709 41.71292 20.05853 41.70576 20.02941 41.70144 20.0 41.7 13.0 41.7 13.0 42.3 19.7 42.3 19.7 50 20.3 50 

22
30.3 42.3 37.0 42.3 37.0 41.7 30.0 41.7 29.97059 41.70144 29.94147 41.70576 29.91291 41.71292 29.88519 41.72284 29.85858 41.73542 29.83333 41.75056 29.80968 41.7681 29.78787 41.78787 29.7681 41.80968 29.75056 41.83333 29.73542 41.85858 29.72284 41.88519 29.71292 41.91291 29.70576 41.94147 29.70144 41.97059 29.7 42.0 29.7 50 30.3 50 

22
19.7 7.7 13.0 7.7 13.0 8.3 20.0 8.3 20.02941 8.29856 20.05853 8.29424 20.08709 8.28708 20.11481 8.27716 20.14142 8.26458 20.16667 8.24944 20.19032 8.2319 20.21213 8.21213 20.2319 8.19032 20.24944 8.16667 20.26458 8.14142 20.27716 8.11481 20.28708 8.08709 20.29424 8.05853 20.29856 8.02941 20.3 8.0 20.3 0 19.7 0 

22
29.7 8.0 29.70144 8.02941 29.70576 8.05853 29.71292 8.08709 29.72284 8.11481 29.73542 8.14142 29.75056 8.16667 29.7681 8.19032 29.78787 8.21213 29.80968 8.2319 29.83333 8.24944 29.85858 8.26458 29.88519 8.27716 29.91291 8.28708 29.94147 8.29424 29.97059 8.29856 30.0 8.3 37.0 8.3 37.0 7.7 30.3 7.7 30.3 0 29.7 0 

74
3.7 21.0 3.7 24.7 0 24.7 0 25.3 3.7 25.3 3.7 29.0 3.70144 29.02941 3.70576 29.05853 3.71292 29.08709 3.72284 29.11481 3.73542 29.14142 3.75056 29.16667 3.7681 29.19032 3.78787 29.21213 3.80968 29.2319 3.83333 29.24944 3.85858 29.26458 3.88519 29.27716 3.91291 29.28708 3.94147 29.29424 3.97059 29.29856 4.0 29.3 4.02941 29.29856 4.05853 29.29424 4.08709 29.28708 4.11481 29.27716 4.14142 29.26458 4.16667 29.24944 4.19032 29.2319 4.21213 29.21213 4.2319 29.19032 4.24944 29.16667 4.26458 29.14142 4.27716 29.11481 4.28708 29.08709 4.29424 29.05853 4.29856 29.02941 4.3 29.0 4.3 25.3 8.0 25.3 8.0 24.7 4.3 24.7 4.3 21.0 4.29856 20.97059 4.29424 20.94147 4.28708 20.91291 4.27716 20.88519 4.26458 20.85858 4.24944 20.83333 4.2319 20.80968 4.21213 20.78787 4.19032 20.7681 4.16667 20.75056 4.14142 20.73542 4.11481 20.72284 4.08709 20.71292 4.05853 20.70576 4.02941 20.70144 4.0 20.7 3.97059 20.70144 3.94147 20.70576 3.91291 20.71292 3.88519 20.72284 3.85858 20.73542 3.83333 20.75056 3.80968 20.7681 3.78787 20.78787 3.7681 20.80968 3.75056 20.83333 3.73542 20.85858 3.72284 20.88519 3.71292 20.91291 3.70576 20.94147 3.70144 20.97059 

74
45.7 21.0 45.7 24.7 42.0 24.7 42.0 25.3 45.7 25.3 45.7 29.0 45.70144 29.02941 45.70576 29.05853 45.71292 29.08709 45.72284 29.11481 45.73542 29.14142 45.75056 29.16667 45.7681 29.19032 45.78787 29.21213 45.80968 29.2319 45.83333 29.24944 45.85858 29.26458 45.88519 29.27716 45.91291 29.28708 45.94147 29.29424 45.97059 29.29856 46.0 29.3 46.02941 29.29856 46.05853 29.29424 46.08709 29.28708 46.11481 29.27716 46.14142 29.26458 46.16667 29.24944 46.19032 29.2319 46.21213 29.21213 46.2319 29.19032 46.24944 29.16667 46.26458 29.14142 46.27716 29.11481 46.28708 29.08709 46.29424 29.05853 46.29856 29.02941 46.3 29.0 46.3 25.3 50 25.3 50 24.7 46.3 24.7 46.3 21.0 46.29856 20.97059 46.29424 20.94147 46.28708 20.91291 46.27716 20.88519 46.26458 20.85858 46.24944 20.83333 46.2319 20.80968 46.21213 20.78787 46.19032 20.7681 46.16667 20.75056 46.14142 20.73542 46.11481 20.72284 46.08709 20.71292 46.05853 20.70576 46.02941 20.70144 46.0 20.7 45.97059 20.70144 45.94147 20.70576 45.91291 20.71292 45.88519 20.72284 45.85858 20.73542 45.83333 20.75056 45.80968 20.7681 45.78787 20.78787 45.7681 20.80968 45.75056 20.83333 45.73542 20.85858 45.72284 20.88519 45.71292 20.91291 45.70576 20.94147 45.70144 20.97059 

4
21.55446 42.93545 25.24762 43.66627 25.97844 39.97312 22.28528 39.2423 

4
33.34495 10.20059 29.59942 9.8205 29.21933 13.56603 32.96486 13.94612 

3
17.29048 35.33788 20.66231 37.91291 22.2462 34.67388 

3
35.56352 34.38927 32.52293 31.67682 30.76932 34.66272 

3
40.99438 5.27152 37.47735 7.16248 39.63932 9.77817 

136
19.70173 25.36638 20.84757 25.04299 21.17095 26.18883 21.17877 26.21209 21.18882 26.23447 21.20102 26.25575 21.21525 26.27574 21.23137 26.29424 21.24923 26.31106 21.26864 26.32606 21.28944 26.33908 21.31141 26.35 21.33434 26.35871 21.35802 26.36513 21.38221 26.3692 21.40669 26.37088 21.43121 26.37016 21.45555 26.36703 21.47946 26.36153 21.50271 26.35372 21.52509 26.34366 21.54638 26.33146 21.56636 26.31723 21.58486 26.30111 21.60168 26.28326 21.61668 26.26384 21.6297 26.24305 21.64062 26.22108 21.64933 26.19814 21.65575 26.17446 21.65983 26.15027 21.66151 26.12579 21.66078 26.10127 21.65765 26.07694 21.65216 26.05303 21.32877 24.90719 22.47461 24.5838 22.49787 24.57599 22.52025 24.56593 22.54153 24.55373 22.56152 24.5395 22.58001 24.52338 22.59684 24.50553 22.61184 24.48611 22.62486 24.46532 22.63577 24.44335 22.64449 24.42041 22.65091 24.39674 22.65498 24.37254 22.65666 24.34807 22.65594 24.32354 22.65281 24.29921 22.64731 24.2753 22.6395 24.25204 22.62944 24.22966 22.61724 24.20838 22.60301 24.18839 22.58689 24.1699 22.56904 24.15307 22.54962 24.13808 22.52883 24.12506 22.50686 24.11414 22.48392 24.10542 22.46024 24.099 22.43605 24.09493 22.41157 24.09325 22.38705 24.09398 22.36272 24.0971 22.33881 24.1026 21.19296 24.42598 20.86958 23.28014 20.86177 23.25689 20.85171 23.23451 20.83951 23.21322 20.82528 23.19324 20.80916 23.17474 20.79131 23.15792 20.77189 23.14292 20.7511 23.1299 20.72913 23.11898 20.70619 23.11027 20.68251 23.10385 20.65832 23.09977 20.63384 23.09809 20.60932 23.09882 20.58499 23.10195 20.56108 23.10744 20.53782 23.11526 20.51544 23.12531 20.49416 23.13752 20.47417 23.15174 20.45568 23.16786 20.43885 23.18572 20.42385 23.20514 20.41083 23.22593 20.39992 23.2479 20.3912 23.27083 20.38478 23.29451 20.38071 23.31871 20.37903 23.34318 20.37975 23.36771 20.38288 23.39204 20.38838 23.41595 20.71176 24.56179 19.56592 24.88517 19.54266 24.89299 19.52029 24.90304 19.499 24.91525 19.47902 24.92947 19.46052 24.94559 19.44369 24.96345 19.4287 24.98287 19.41568 25.00366 19.40476 25.02563 19.39605 25.04856 19.38962 25.07224 19.38555 25.09644 19.38387 25.12091 19.3846 25.14544 19.38773 25.16977 19.39322 25.19368 19.40104 25.21693 19.41109 25.23931 19.42329 25.2606 19.43752 25.28058 19.45364 25.29908 19.4715 25.31591 19.49091 25.3309 19.51171 25.34392 19.53368 25.35484 19.55661 25.36355 19.58029 25.36998 19.60448 25.37405 19.62896 25.37573 19.65348 25.375 19.67782 25.37187 

84
29.34433 39.86653 29.18404 36.43079 29.18169 36.40637 29.17697 36.3823 29.1699 36.3588 29.16057 36.33611 29.14906 36.31445 29.13548 36.29402 29.11996 36.27501 29.10266 36.25762 29.08373 36.24201 29.06336 36.22833 29.04176 36.21671 29.01911 36.20727 28.99565 36.20009 28.9716 36.19524 28.94719 36.19278 28.92266 36.19272 28.89824 36.19506 28.87416 36.19979 28.85067 36.20685 28.82798 36.21618 28.80631 36.2277 28.78588 36.24128 28.76688 36.25679 28.74949 36.2741 28.73388 36.29302 28.72019 36.31339 28.70858 36.335 28.69913 36.35764 28.69195 36.3811 28.68711 36.40515 28.68464 36.42956 28.68458 36.4541 28.85652 40.13956 28.85887 40.16398 28.86359 40.18806 28.87066 40.21155 28.87999 40.23424 28.8915 40.2559 28.90508 40.27634 28.9206 40.29534 28.9379 40.31273 28.95683 40.32834 28.9772 40.34202 28.9988 40.35364 29.02145 40.36309 29.04491 40.37027 29.06896 40.37511 29.09337 40.37758 29.1179 40.37764 32.80336 40.2057 32.82779 40.20335 32.85186 40.19862 32.87536 40.19156 32.89805 40.18223 32.91971 40.17072 32.94014 40.15714 32.95915 40.14162 32.97654 40.12431 32.99215 40.10539 33.00583 40.08502 33.01745 40.06341 33.02689 40.04077 33.03407 40.01731 33.03892 39.99326 33.04138 39.96885 33.04144 39.94432 33.0391 39.9199 33.03437 39.89582 33.02731 39.87233 33.01797 39.84964 33.00646 39.82797 32.99288 39.80754 32.97737 39.78854 32.96006 39.77114 32.94113 39.75553 32.92077 39.74185 32.89916 39.73023 32.87652 39.72079 32.85306 39.71361 32.82901 39.70876 32.8046 39.7063 32.78006 39.70624 

66
30.83169 24.18747 30.82884 24.1631 30.82362 24.13913 30.81607 24.11578 30.80628 24.09329 30.79432 24.07187 30.78032 24.05172 30.76442 24.03304 30.74676 24.01601 30.72751 24.00079 30.70687 23.98753 30.68503 23.97636 30.6622 23.96738 30.63859 23.96069 30.61445 23.95634 30.58999 23.95438 30.56546 23.95482 30.54109 23.95767 30.51712 23.96289 30.49378 23.97044 30.47129 23.98024 30.44986 23.99219 30.42971 24.00619 30.41103 24.02209 30.394 24.03975 30.37879 24.059 30.36553 24.07964 30.35436 24.10148 30.34538 24.12432 30.33868 24.14792 30.33434 24.17207 30.33237 24.19652 30.33282 24.22105 30.51867 26.98191 30.52152 27.00627 30.52674 27.03025 30.53429 27.05359 30.54409 27.07608 30.55604 27.09751 30.57004 27.11766 30.58595 27.13633 30.6036 27.15337 30.62285 27.16858 30.64349 27.18184 30.66533 27.19301 30.68817 27.20199 30.71177 27.20868 30.73592 27.21303 30.76037 27.21499 30.7849 27.21455 30.80927 27.2117 30.83324 27.20648 30.85658 27.19894 30.87908 27.18914 30.9005 27.17718 30.92065 27.16318 30.93933 27.14728 30.95636 27.12962 30.97158 27.11037 30.98484 27.08973 30.99601 27.06789 31.00498 27.04506 31.01168 27.02145 31.01603 26.99731 31.01799 26.97285 31.01754 26.94832 

66
1.20876 12.91691 1.20844 12.94145 1.21053 12.96589 1.21501 12.99001 1.22183 13.01358 1.23093 13.03637 1.24221 13.05815 1.25558 13.07872 1.2709 13.09789 1.28802 13.11546 1.30679 13.13126 1.32701 13.14515 1.34849 13.157 1.37104 13.16667 1.39442 13.1741 1.41842 13.17919 1.4428 13.18191 1.46734 13.18223 1.49178 13.18014 1.5159 13.17566 1.53947 13.16884 1.56225 13.15974 1.58404 13.14846 1.60461 13.13509 1.62377 13.11977 1.64134 13.10265 1.65715 13.08389 1.67104 13.06366 1.68288 13.04218 1.69256 13.01963 1.69999 12.99625 1.70508 12.97225 1.7078 12.94787 1.8791 10.18607 1.87941 10.16154 1.87732 10.13709 1.87285 10.11297 1.86603 10.0894 1.85693 10.06662 1.84564 10.04484 1.83228 10.02426 1.81696 10.0051 1.79983 9.98753 1.78107 9.97172 1.76085 9.95783 1.73936 9.94599 1.71682 9.93631 1.69343 9.92889 1.66944 9.92379 1.64505 9.92107 1.62052 9.92076 1.59608 9.92285 1.57195 9.92732 1.54839 9.93414 1.5256 9.94324 1.50382 9.95453 1.48325 9.96789 1.46408 9.98321 1.44651 10.00034 1.43071 10.0191 1.41681 10.03932 1.40497 10.06081 1.39529 10.08335 1.38787 10.10674 1.38277 10.13073 1.38006 10.15512 

66
27.97507 38.85981 27.97515 38.83527 27.97281 38.81085 27.9681 38.78677 27.96105 38.76328 27.95172 38.74058 27.94022 38.71891 27.92665 38.69847 27.91115 38.67946 27.89385 38.66206 27.87493 38.64644 27.85457 38.63275 27.83297 38.62112 27.81033 38.61166 27.78688 38.60447 27.76283 38.59961 27.73842 38.59714 27.71389 38.59706 27.68946 38.5994 27.66539 38.60411 27.64189 38.61116 27.61919 38.62048 27.59752 38.63198 27.57708 38.64555 27.55807 38.66106 27.54067 38.67836 27.52505 38.69728 27.51136 38.71764 27.49973 38.73924 27.49028 38.76188 27.48308 38.78533 27.47823 38.80938 27.47575 38.83379 27.33464 41.54188 27.33457 41.56641 27.3369 41.59083 27.34162 41.61491 27.34867 41.63841 27.35799 41.6611 27.36949 41.68277 27.38306 41.70321 27.39857 41.72223 27.41586 41.73962 27.43478 41.75525 27.45514 41.76894 27.47674 41.78057 27.49938 41.79002 27.52284 41.79721 27.54689 41.80207 27.57129 41.80455 27.59583 41.80462 27.62025 41.80229 27.64433 41.79757 27.66783 41.79052 27.69052 41.7812 27.71219 41.7697 27.73263 41.75613 27.75164 41.74062 27.76904 41.72333 27.78466 41.70441 27.79835 41.68405 27.80998 41.66245 27.81944 41.63981 27.82663 41.61635 27.83149 41.5923 27.83396 41.5679 

66
25.9683 27.75423 25.94421 27.75891 25.9207 27.76592 25.89799 27.7752 25.8763 27.78667 25.85584 27.8002 25.8368 27.81568 25.81937 27.83294 25.80372 27.85184 25.78999 27.87217 25.77833 27.89375 25.76883 27.91638 25.7616 27.93982 25.7567 27.96386 25.75418 27.98826 25.75407 28.0128 25.75636 28.03722 25.76103 28.06131 25.76805 28.08482 25.77733 28.10753 25.78879 28.12922 25.80233 28.14968 25.8178 28.16872 25.83507 28.18615 25.85396 28.2018 25.8743 28.21553 25.89588 28.22719 25.9185 28.23669 25.94195 28.24392 25.96599 28.24882 25.99039 28.25133 26.01492 28.25145 26.03935 28.24916 28.72359 27.86379 28.74768 27.85912 28.77119 27.85211 28.7939 27.84282 28.81559 27.83136 28.83605 27.81783 28.85509 27.80235 28.87252 27.78508 28.88817 27.76619 28.90189 27.74586 28.91356 27.72427 28.92305 27.70165 28.93029 27.67821 28.93518 27.65417 28.9377 27.62976 28.93782 27.60523 28.93553 27.5808 28.93085 27.55672 28.92384 27.53321 28.91456 27.5105 28.90309 27.48881 28.88956 27.46835 28.87408 27.44931 28.85682 27.43188 28.83792 27.41623 28.81759 27.4025 28.79601 27.39084 28.77338 27.38134 28.74994 27.37411 28.7259 27.36921 28.7015 27.36669 28.67696 27.36658 28.65254 27.36887 

