27
10
24.20605 16.83876 24.18652 16.84069 23.40993 16.95588 23.39068 16.95971 22.62913 17.15047 22.72632 17.53848 23.47834 17.35011 24.23549 17.2378 25.00981 17.19976 24.99019 16.80024 

7
20.45262 18.1767 20.4363 18.1876 19.80571 18.65527 20.04399 18.97656 20.66669 18.51474 21.33165 18.11618 21.12601 17.77308 

22
28.85668 32.23617 28.87399 32.22692 29.54738 31.8233 29.5637 31.8124 30.19429 31.34473 30.20946 31.33227 30.79117 30.80504 30.80504 30.79117 31.33227 30.20946 31.34473 30.19429 31.8124 29.5637 31.8233 29.54738 32.22692 28.87399 31.88382 28.66835 31.48526 29.33331 31.0293 29.94811 30.51526 30.51526 29.94811 31.0293 29.33331 31.48526 28.67678 31.87877 27.97596 32.21024 28.14698 32.57183 

22
33.04029 26.60932 33.04412 26.59007 33.15931 25.81348 33.16124 25.79395 33.19976 25.00981 33.19976 24.99019 33.16124 24.20605 33.15931 24.18652 33.04412 23.40993 33.04029 23.39068 32.84953 22.62913 32.84383 22.61034 32.57935 21.87115 32.20273 22.00591 32.4639 22.73585 32.64989 23.47834 32.7622 24.23549 32.79976 25.0 32.7622 25.76451 32.64989 26.52166 32.46152 27.27368 32.84953 27.37087 

25
31.34473 19.80571 31.33227 19.79054 30.80504 19.20883 30.79117 19.19496 30.20946 18.66773 30.19429 18.65527 29.5637 18.1876 29.54738 18.1767 28.87399 17.77308 28.85668 17.76383 28.14698 17.42817 28.12885 17.42065 27.38966 17.15617 27.37087 17.15047 26.60932 16.95971 26.51213 17.34772 27.26415 17.5361 27.98484 17.79396 28.67678 18.12123 29.33331 18.51474 29.94811 18.9707 30.51526 19.48474 31.0293 20.05189 31.49112 20.67458 31.8124 20.4363 

28
18.1876 20.4363 18.1767 20.45262 17.77308 21.12601 17.76383 21.14332 17.42817 21.85302 17.42065 21.87115 17.15617 22.61034 17.15047 22.62913 16.95971 23.39068 16.95588 23.40993 16.84069 24.18652 16.83876 24.20605 16.80024 24.99019 16.80024 25.00981 16.83876 25.79395 16.84069 25.81348 16.95588 26.59007 17.35155 26.53138 17.2378 25.76451 17.20024 25.0 17.2378 24.23549 17.35011 23.47834 17.5361 22.73585 17.79396 22.01516 18.12123 21.32322 18.51474 20.66669 18.97656 20.04399 18.65527 19.80571 

19
20.4363 31.8124 20.45262 31.8233 21.12601 32.22692 21.14332 32.23617 21.85302 32.57183 21.87115 32.57935 22.61034 32.84383 22.62913 32.84953 23.39068 33.04029 23.40993 33.04412 24.18652 33.15931 24.24521 32.76364 23.47834 32.64989 22.73585 32.4639 22.01516 32.20604 21.32322 31.87877 20.66669 31.48526 20.04399 31.02344 19.80571 31.34473 

89
7.7 32.0 7.7 39.7 3.0 39.7 3.0 40.3 7.7 40.3 7.7 46.0 7.70144 46.02941 7.70576 46.05853 7.71292 46.08709 7.72284 46.11481 7.73542 46.14142 7.75056 46.16667 7.7681 46.19032 7.78787 46.21213 7.80968 46.2319 7.83333 46.24944 7.85858 46.26458 7.88519 46.27716 7.91291 46.28708 7.94147 46.29424 7.97059 46.29856 8.0 46.3 8.02941 46.29856 8.05853 46.29424 8.08709 46.28708 8.11481 46.27716 8.14142 46.26458 8.16667 46.24944 8.19032 46.2319 8.21213 46.21213 8.2319 46.19032 8.24944 46.16667 8.26458 46.14142 8.27716 46.11481 8.28708 46.08709 8.29424 46.05853 8.29856 46.02941 8.3 46.0 8.3 40.0 8.3 32.3 15.0 32.3 15.02941 32.29856 15.05853 32.29424 15.08709 32.28708 15.11481 32.27716 15.14142 32.26458 15.16667 32.24944 15.19032 32.2319 15.21213 32.21213 15.2319 32.19032 15.24944 32.16667 15.26458 32.14142 15.27716 32.11481 15.28708 32.08709 15.29424 32.05853 15.29856 32.02941 15.3 32.0 15.29856 31.97059 15.29424 31.94147 15.28708 31.91291 15.27716 31.88519 15.26458 31.85858 15.24944 31.83333 15.2319 31.80968 15.21213 31.78787 15.19032 31.7681 15.16667 31.75056 15.14142 31.73542 15.11481 31.72284 15.08709 31.71292 15.05853 31.70576 15.02941 31.70144 15.0 31.7 8.0 31.7 7.97059 31.70144 7.94147 31.70576 7.91291 31.71292 7.88519 31.72284 7.85858 31.73542 7.83333 31.75056 7.80968 31.7681 7.78787 31.78787 7.7681 31.80968 7.75056 31.83333 7.73542 31.85858 7.72284 31.88519 7.71292 31.91291 7.70576 31.94147 7.70144 31.97059 

89
34.7 32.0 34.70144 32.02941 34.70576 32.05853 34.71292 32.08709 34.72284 32.11481 34.73542 32.14142 34.75056 32.16667 34.7681 32.19032 34.78787 32.21213 34.80968 32.2319 34.83333 32.24944 34.85858 32.26458 34.88519 32.27716 34.91291 32.28708 34.94147 32.29424 34.97059 32.29856 35.0 32.3 41.7 32.3 41.7 40.0 41.7 46.0 41.70144 46.02941 41.70576 46.05853 41.71292 46.08709 41.72284 46.11481 41.73542 46.14142 41.75056 46.16667 41.7681 46.19032 41.78787 46.21213 41.80968 46.2319 41.83333 46.24944 41.85858 46.26458 41.88519 46.27716 41.91291 46.28708 41.94147 46.29424 41.97059 46.29856 42.0 46.3 42.02941 46.29856 42.05853 46.29424 42.08709 46.28708 42.11481 46.27716 42.14142 46.26458 42.16667 46.24944 42.19032 46.2319 42.21213 46.21213 42.2319 46.19032 42.24944 46.16667 42.26458 46.14142 42.27716 46.11481 42.28708 46.08709 42.29424 46.05853 42.29856 46.02941 42.3 46.0 42.3 40.3 47.0 40.3 47.0 39.7 42.3 39.7 42.3 32.0 42.29856 31.97059 42.29424 31.94147 42.28708 31.91291 42.27716 31.88519 42.26458 31.85858 42.24944 31.83333 42.2319 31.80968 42.21213 31.78787 42.19032 31.7681 42.16667 31.75056 42.14142 31.73542 42.11481 31.72284 42.08709 31.71292 42.05853 31.70576 42.02941 31.70144 42.0 31.7 35.0 31.7 34.97059 31.70144 34.94147 31.70576 34.91291 31.71292 34.88519 31.72284 34.85858 31.73542 34.83333 31.75056 34.80968 31.7681 34.78787 31.78787 34.7681 31.80968 34.75056 31.83333 34.73542 31.85858 34.72284 31.88519 34.71292 31.91291 34.70576 31.94147 34.70144 31.97059 

89
7.7 4.0 7.7 9.7 3.0 9.7 3.0 10.3 7.7 10.3 7.7 18.0 7.70144 18.02941 7.70576 18.05853 7.71292 18.08709 7.72284 18.11481 7.73542 18.14142 7.75056 18.16667 7.7681 18.19032 7.78787 18.21213 7.80968 18.2319 7.83333 18.24944 7.85858 18.26458 7.88519 18.27716 7.91291 18.28708 7.94147 18.29424 7.97059 18.29856 8.0 18.3 15.0 18.3 15.02941 18.29856 15.05853 18.29424 15.08709 18.28708 15.11481 18.27716 15.14142 18.26458 15.16667 18.24944 15.19032 18.2319 15.21213 18.21213 15.2319 18.19032 15.24944 18.16667 15.26458 18.14142 15.27716 18.11481 15.28708 18.08709 15.29424 18.05853 15.29856 18.02941 15.3 18.0 15.29856 17.97059 15.29424 17.94147 15.28708 17.91291 15.27716 17.88519 15.26458 17.85858 15.24944 17.83333 15.2319 17.80968 15.21213 17.78787 15.19032 17.7681 15.16667 17.75056 15.14142 17.73542 15.11481 17.72284 15.08709 17.71292 15.05853 17.70576 15.02941 17.70144 15.0 17.7 8.3 17.7 8.3 10.0 8.3 4.0 8.29856 3.97059 8.29424 3.94147 8.28708 3.91291 8.27716 3.88519 8.26458 3.85858 8.24944 3.83333 8.2319 3.80968 8.21213 3.78787 8.19032 3.7681 8.16667 3.75056 8.14142 3.73542 8.11481 3.72284 8.08709 3.71292 8.05853 3.70576 8.02941 3.70144 8.0 3.7 7.97059 3.70144 7.94147 3.70576 7.91291 3.71292 7.88519 3.72284 7.85858 3.73542 7.83333 3.75056 7.80968 3.7681 7.78787 3.78787 7.7681 3.80968 7.75056 3.83333 7.73542 3.85858 7.72284 3.88519 7.71292 3.91291 7.70576 3.94147 7.70144 3.97059 

89
34.7 18.0 34.70144 18.02941 34.70576 18.05853 34.71292 18.08709 34.72284 18.11481 34.73542 18.14142 34.75056 18.16667 34.7681 18.19032 34.78787 18.21213 34.80968 18.2319 34.83333 18.24944 34.85858 18.26458 34.88519 18.27716 34.91291 18.28708 34.94147 18.29424 34.97059 18.29856 35.0 18.3 42.0 18.3 42.02941 18.29856 42.05853 18.29424 42.08709 18.28708 42.11481 18.27716 42.14142 18.26458 42.16667 18.24944 42.19032 18.2319 42.21213 18.21213 42.2319 18.19032 42.24944 18.16667 42.26458 18.14142 42.27716 18.11481 42.28708 18.08709 42.29424 18.05853 42.29856 18.02941 42.3 18.0 42.3 10.3 47.0 10.3 47.0 9.7 42.3 9.7 42.3 4.0 42.29856 3.97059 42.29424 3.94147 42.28708 3.91291 42.27716 3.88519 42.26458 3.85858 42.24944 3.83333 42.2319 3.80968 42.21213 3.78787 42.19032 3.7681 42.16667 3.75056 42.14142 3.73542 42.11481 3.72284 42.08709 3.71292 42.05853 3.70576 42.02941 3.70144 42.0 3.7 41.97059 3.70144 41.94147 3.70576 41.91291 3.71292 41.88519 3.72284 41.85858 3.73542 41.83333 3.75056 41.80968 3.7681 41.78787 3.78787 41.7681 3.80968 41.75056 3.83333 41.73542 3.85858 41.72284 3.88519 41.71292 3.91291 41.70576 3.94147 41.70144 3.97059 41.7 4.0 41.7 10.0 41.7 17.7 35.0 17.7 34.97059 17.70144 34.94147 17.70576 34.91291 17.71292 34.88519 17.72284 34.85858 17.73542 34.83333 17.75056 34.80968 17.7681 34.78787 17.78787 34.7681 17.80968 34.75056 17.83333 34.73542 17.85858 34.72284 17.88519 34.71292 17.91291 34.70576 17.94147 34.70144 17.97059 

22
20.3 42.0 20.29856 41.97059 20.29424 41.94147 20.28708 41.91291 20.27716 41.88519 20.26458 41.85858 20.24944 41.83333 20.2319 41.80968 20.21213 41.78787 20.19032 41.7681 20.16667 41.75056 20.14142 41.73542 20.11481 41.72284 20.08709 41.71292 20.05853 41.70576 20.02941 41.70144 20.0 41.7 13.0 41.7 13.0 42.3 19.7 42.3 19.7 50 20.3 50 

22
30.3 42.3 37.0 42.3 37.0 41.7 30.0 41.7 29.97059 41.70144 29.94147 41.70576 29.91291 41.71292 29.88519 41.72284 29.85858 41.73542 29.83333 41.75056 29.80968 41.7681 29.78787 41.78787 29.7681 41.80968 29.75056 41.83333 29.73542 41.85858 29.72284 41.88519 29.71292 41.91291 29.70576 41.94147 29.70144 41.97059 29.7 42.0 29.7 50 30.3 50 

22
19.7 7.7 13.0 7.7 13.0 8.3 20.0 8.3 20.02941 8.29856 20.05853 8.29424 20.08709 8.28708 20.11481 8.27716 20.14142 8.26458 20.16667 8.24944 20.19032 8.2319 20.21213 8.21213 20.2319 8.19032 20.24944 8.16667 20.26458 8.14142 20.27716 8.11481 20.28708 8.08709 20.29424 8.05853 20.29856 8.02941 20.3 8.0 20.3 0 19.7 0 

22
29.7 8.0 29.70144 8.02941 29.70576 8.05853 29.71292 8.08709 29.72284 8.11481 29.73542 8.14142 29.75056 8.16667 29.7681 8.19032 29.78787 8.21213 29.80968 8.2319 29.83333 8.24944 29.85858 8.26458 29.88519 8.27716 29.91291 8.28708 29.94147 8.29424 29.97059 8.29856 30.0 8.3 37.0 8.3 37.0 7.7 30.3 7.7 30.3 0 29.7 0 

74
3.7 21.0 3.7 24.7 0 24.7 0 25.3 3.7 25.3 3.7 29.0 3.70144 29.02941 3.70576 29.05853 3.71292 29.08709 3.72284 29.11481 3.73542 29.14142 3.75056 29.16667 3.7681 29.19032 3.78787 29.21213 3.80968 29.2319 3.83333 29.24944 3.85858 29.26458 3.88519 29.27716 3.91291 29.28708 3.94147 29.29424 3.97059 29.29856 4.0 29.3 4.02941 29.29856 4.05853 29.29424 4.08709 29.28708 4.11481 29.27716 4.14142 29.26458 4.16667 29.24944 4.19032 29.2319 4.21213 29.21213 4.2319 29.19032 4.24944 29.16667 4.26458 29.14142 4.27716 29.11481 4.28708 29.08709 4.29424 29.05853 4.29856 29.02941 4.3 29.0 4.3 25.3 8.0 25.3 8.0 24.7 4.3 24.7 4.3 21.0 4.29856 20.97059 4.29424 20.94147 4.28708 20.91291 4.27716 20.88519 4.26458 20.85858 4.24944 20.83333 4.2319 20.80968 4.21213 20.78787 4.19032 20.7681 4.16667 20.75056 4.14142 20.73542 4.11481 20.72284 4.08709 20.71292 4.05853 20.70576 4.02941 20.70144 4.0 20.7 3.97059 20.70144 3.94147 20.70576 3.91291 20.71292 3.88519 20.72284 3.85858 20.73542 3.83333 20.75056 3.80968 20.7681 3.78787 20.78787 3.7681 20.80968 3.75056 20.83333 3.73542 20.85858 3.72284 20.88519 3.71292 20.91291 3.70576 20.94147 3.70144 20.97059 

74
45.7 21.0 45.7 24.7 42.0 24.7 42.0 25.3 45.7 25.3 45.7 29.0 45.70144 29.02941 45.70576 29.05853 45.71292 29.08709 45.72284 29.11481 45.73542 29.14142 45.75056 29.16667 45.7681 29.19032 45.78787 29.21213 45.80968 29.2319 45.83333 29.24944 45.85858 29.26458 45.88519 29.27716 45.91291 29.28708 45.94147 29.29424 45.97059 29.29856 46.0 29.3 46.02941 29.29856 46.05853 29.29424 46.08709 29.28708 46.11481 29.27716 46.14142 29.26458 46.16667 29.24944 46.19032 29.2319 46.21213 29.21213 46.2319 29.19032 46.24944 29.16667 46.26458 29.14142 46.27716 29.11481 46.28708 29.08709 46.29424 29.05853 46.29856 29.02941 46.3 29.0 46.3 25.3 50 25.3 50 24.7 46.3 24.7 46.3 21.0 46.29856 20.97059 46.29424 20.94147 46.28708 20.91291 46.27716 20.88519 46.26458 20.85858 46.24944 20.83333 46.2319 20.80968 46.21213 20.78787 46.19032 20.7681 46.16667 20.75056 46.14142 20.73542 46.11481 20.72284 46.08709 20.71292 46.05853 20.70576 46.02941 20.70144 46.0 20.7 45.97059 20.70144 45.94147 20.70576 45.91291 20.71292 45.88519 20.72284 45.85858 20.73542 45.83333 20.75056 45.80968 20.7681 45.78787 20.78787 45.7681 20.80968 45.75056 20.83333 45.73542 20.85858 45.72284 20.88519 45.71292 20.91291 45.70576 20.94147 45.70144 20.97059 

3
27.12024 19.92553 23.00066 19.36312 23.21858 22.88983 

3
10.06141 41.30423 10.64937 45.25385 13.84272 44.10561 

102
26.06469 41.25491 29.11012 39.65638 29.13126 39.64393 29.15108 39.62946 29.16938 39.61312 29.18599 39.59507 29.20075 39.57547 29.21352 39.55452 29.22418 39.53242 29.23262 39.50939 29.23876 39.48563 29.24254 39.46139 29.24393 39.4369 29.24291 39.41239 29.23949 39.38809 29.23371 39.36425 29.22562 39.34109 29.21529 39.31883 27.50058 36.05204 27.48812 36.0309 27.47365 36.01108 27.45732 35.99278 27.43926 35.97617 27.41967 35.96141 27.39872 35.94864 27.37662 35.93798 27.35358 35.92954 27.32983 35.9234 27.30559 35.91962 27.28109 35.91823 27.25658 35.91925 27.23229 35.92267 27.20844 35.92845 27.18528 35.93654 27.16303 35.94687 27.14189 35.95932 27.12207 35.97379 27.10377 35.99013 27.08716 36.00818 27.0724 36.02778 27.05963 36.04872 27.04897 36.07082 27.04053 36.09386 27.03439 36.11761 27.03061 36.14185 27.02922 36.16635 27.03024 36.19086 27.03366 36.21516 27.03944 36.239 27.04753 36.26216 27.05786 36.28442 28.65639 39.32985 25.61095 40.92838 25.58981 40.94084 25.57 40.9553 25.5517 40.97164 25.53508 40.98969 25.52032 41.00929 25.50755 41.03024 25.49689 41.05234 25.48846 41.07537 25.48232 41.09913 25.47853 41.12337 25.47715 41.14786 25.47817 41.17237 25.48158 41.19667 25.48737 41.22051 25.49546 41.24367 25.50578 41.26593 27.2205 44.53272 27.23295 44.55386 27.24742 44.57368 27.26376 44.59198 27.28181 44.60859 27.30141 44.62335 27.32236 44.63612 27.34445 44.64678 27.36749 44.65522 27.39124 44.66136 27.41549 44.66514 27.43998 44.66653 27.46449 44.66551 27.48879 44.66209 27.51263 44.65631 27.53579 44.64822 27.55805 44.63789 27.57918 44.62544 27.599 44.61097 27.6173 44.59463 27.63391 44.57658 27.64868 44.55698 27.66145 44.53604 27.6721 44.51394 27.68054 44.4909 27.68668 44.46715 27.69046 44.44291 27.69185 44.41841 27.69083 44.3939 27.68741 44.36961 27.68163 44.34576 27.67354 44.3226 27.66322 44.30035 

136
12.56602 36.11348 11.8207 35.18503 12.74916 34.43971 12.76752 34.42343 12.78419 34.40543 12.79901 34.38589 12.81185 34.36498 12.82258 34.34292 12.8311 34.31991 12.83732 34.29617 12.84118 34.27195 12.84265 34.24746 12.84171 34.22294 12.83837 34.19864 12.83267 34.17477 12.82465 34.15159 12.8144 34.1293 12.80202 34.10812 12.78762 34.08825 12.77134 34.0699 12.75334 34.05323 12.73379 34.0384 12.71289 34.02556 12.69082 34.01483 12.66781 34.00632 12.64408 34.0001 12.61985 33.99624 12.59536 33.99477 12.57085 33.99571 12.54654 33.99905 12.52268 34.00475 12.49949 34.01276 12.4772 34.02301 12.45602 34.0354 12.43616 34.0498 11.5077 34.79512 10.76239 33.86666 10.74611 33.8483 10.72811 33.83163 10.70856 33.8168 10.68766 33.80397 10.66559 33.79324 10.64258 33.78472 10.61885 33.7785 10.59462 33.77464 10.57013 33.77317 10.54562 33.77411 10.52131 33.77745 10.49745 33.78315 10.47426 33.79117 10.45197 33.80142 10.43079 33.8138 10.41093 33.8282 10.39258 33.84448 10.37591 33.86248 10.36108 33.88203 10.34824 33.90293 10.33751 33.925 10.329 33.94801 10.32278 33.97174 10.31892 33.99597 10.31745 34.02046 10.31839 34.04497 10.32172 34.06928 10.32743 34.09314 10.33544 34.11633 10.34569 34.13862 10.35808 34.1598 10.37248 34.17966 11.11779 35.10812 10.18934 35.85343 10.17098 35.86971 10.15431 35.88771 10.13948 35.90726 10.12664 35.92816 10.11591 35.95023 10.1074 35.97323 10.10118 35.99697 10.09732 36.0212 10.09585 36.04569 10.09679 36.0702 10.10013 36.09451 10.10583 36.11837 10.11385 36.14156 10.12409 36.16385 10.13648 36.18503 10.15088 36.20489 10.16716 36.22324 10.18516 36.23991 10.2047 36.25474 10.22561 36.26758 10.24767 36.27831 10.27068 36.28682 10.29442 36.29304 10.31864 36.2969 10.34313 36.29837 10.36765 36.29743 10.39196 36.2941 10.41582 36.28839 10.439 36.28038 10.4613 36.27013 10.48247 36.25774 10.50234 36.24334 11.43079 35.49803 12.17611 36.42648 12.19239 36.44484 12.21039 36.46151 12.22993 36.47634 12.25084 36.48918 12.2729 36.49991 12.29591 36.50842 12.31964 36.51464 12.34387 36.5185 12.36836 36.51997 12.39288 36.51903 12.41718 36.51569 12.44105 36.50999 12.46423 36.50197 12.48652 36.49172 12.5077 36.47934 12.52757 36.46494 12.54592 36.44866 12.56259 36.43066 12.57742 36.41111 12.59026 36.39021 12.60099 36.36815 12.6095 36.34514 12.61572 36.3214 12.61958 36.29718 12.62105 36.27269 12.62011 36.24817 12.61677 36.22386 12.61107 36.2 12.60306 36.17681 12.59281 36.15452 12.58042 36.13335 

136
47.93867 31.01119 47.11822 31.83375 46.29566 31.01329 46.27746 30.99684 46.25773 30.98225 46.23667 30.96966 46.21448 30.9592 46.19137 30.95097 46.16757 30.94503 46.14329 30.94147 46.11879 30.94029 46.09428 30.94153 46.07002 30.94516 46.04623 30.95115 46.02314 30.95945 46.00098 30.96996 45.97995 30.9826 45.96026 30.99724 45.9421 31.01374 45.92565 31.03194 45.91106 31.05167 45.89848 31.07273 45.88801 31.09492 45.87978 31.11803 45.87385 31.14183 45.87028 31.16611 45.86911 31.19061 45.87034 31.21512 45.87397 31.23938 45.87996 31.26317 45.88826 31.28626 45.89878 31.30842 45.91142 31.32945 45.92606 31.34914 45.94256 31.3673 46.76511 32.18775 45.94466 33.01031 45.92821 33.02851 45.91362 33.04823 45.90103 33.06929 45.89057 33.09149 45.88233 33.1146 45.8764 33.1384 45.87283 33.16268 45.87166 33.18718 45.8729 33.21168 45.87653 33.23595 45.88252 33.25974 45.89081 33.28283 45.90133 33.30499 45.91397 33.32602 45.92861 33.34571 45.94511 33.36386 45.96331 33.38032 45.98303 33.39491 46.00409 33.40749 46.02629 33.41795 46.0494 33.42619 46.0732 33.43212 46.09747 33.43569 46.12198 33.43686 46.14648 33.43563 46.17075 33.432 46.19454 33.426 46.21763 33.41771 46.23979 33.40719 46.26082 33.39455 46.28051 33.37991 46.29866 33.36341 47.11912 32.54085 47.94168 33.36131 47.95988 33.37776 47.9796 33.39235 48.00066 33.40494 48.02285 33.4154 48.04596 33.42364 48.06977 33.42957 48.09404 33.43314 48.11855 33.43431 48.14305 33.43307 48.16731 33.42944 48.19111 33.42345 48.21419 33.41516 48.23636 33.40464 48.25739 33.392 48.27707 33.37736 48.29523 33.36086 48.31168 33.34266 48.32627 33.32293 48.33886 33.30187 48.34932 33.27968 48.35756 33.25657 48.36349 33.23277 48.36706 33.20849 48.36823 33.18399 48.36699 33.15949 48.36336 33.13522 48.35737 33.11143 48.34908 33.08834 48.33856 33.06618 48.32592 33.04515 48.31128 33.02546 48.29478 33.00731 47.47222 32.18685 48.29268 31.36429 48.30913 31.34609 48.32372 31.32637 48.33631 31.30531 48.34677 31.28312 48.355 31.26 48.36093 31.2362 48.3645 31.21193 48.36567 31.18742 48.36444 31.16292 48.36081 31.13865 48.35482 31.11486 48.34652 31.09177 48.336 31.06961 48.32336 31.04858 48.30872 31.02889 48.29223 31.01074 48.27403 30.99428 48.2543 30.97969 48.23324 30.96711 48.21105 30.95665 48.18794 30.94841 48.16413 30.94248 48.13986 30.93891 48.11536 30.93774 48.09085 30.93898 48.06659 30.94261 48.0428 30.9486 48.01971 30.95689 47.99754 30.96741 47.97652 30.98005 47.95683 30.99469 

136
26.87438 27.73373 26.6715 28.84897 25.55625 28.64609 25.53193 28.64289 25.5074 28.64209 25.48292 28.6437 25.45872 28.64769 25.43502 28.65405 25.41206 28.66269 25.39006 28.67354 25.36922 28.6865 25.34976 28.70143 25.33185 28.7182 25.31568 28.73665 25.30139 28.75659 25.28912 28.77784 25.279 28.80019 25.27111 28.82342 25.26554 28.84731 25.26234 28.87164 25.26154 28.89616 25.26314 28.92064 25.26714 28.94485 25.27349 28.96854 25.28214 28.9915 25.29299 29.01351 25.30594 29.03434 25.32088 29.0538 25.33765 29.07171 25.3561 29.08789 25.37604 29.10218 25.39729 29.11444 25.41964 29.12457 25.44287 29.13245 25.46676 29.13802 26.58201 29.3409 26.37913 30.45615 26.37593 30.48047 26.37513 30.50499 26.37673 30.52948 26.38073 30.55368 26.38708 30.57738 26.39572 30.60034 26.40658 30.62234 26.41953 30.64318 26.43447 30.66264 26.45124 30.68055 26.46969 30.69672 26.48963 30.71101 26.51088 30.72328 26.53322 30.7334 26.55646 30.74129 26.58035 30.74686 26.60467 30.75006 26.62919 30.75086 26.65368 30.74926 26.67788 30.74526 26.70158 30.73891 26.72454 30.73026 26.74654 30.71941 26.76738 30.70646 26.78684 30.69152 26.80475 30.67475 26.82092 30.6563 26.83521 30.63636 26.84748 30.61511 26.8576 30.59276 26.86549 30.56953 26.87106 30.54564 27.07394 29.43039 28.18919 29.63327 28.21351 29.63647 28.23803 29.63727 28.26251 29.63567 28.28672 29.63167 28.31042 29.62532 28.33338 29.61668 28.35538 29.60582 28.37621 29.59287 28.39568 29.57793 28.41358 29.56116 28.42976 29.54271 28.44405 29.52277 28.45631 29.50152 28.46644 29.47918 28.47432 29.45594 28.47989 29.43205 28.48309 29.40773 28.4839 29.38321 28.48229 29.35872 28.47829 29.33452 28.47194 29.31082 28.4633 29.28786 28.45245 29.26586 28.43949 29.24502 28.42456 29.22556 28.40778 29.20765 28.38934 29.19148 28.36939 29.17719 28.34815 29.16492 28.3258 29.1548 28.30257 29.14691 28.27867 29.14134 27.16343 28.93846 27.36631 27.82321 27.36951 27.79889 27.37031 27.77437 27.3687 27.74989 27.36471 27.72568 27.35835 27.70198 27.34971 27.67902 27.33886 27.65702 27.3259 27.63619 27.31097 27.61672 27.2942 27.59882 27.27575 27.58264 27.25581 27.56835 27.23456 27.55609 27.21221 27.54596 27.18898 27.53808 27.16509 27.53251 27.14076 27.5293 27.11624 27.5285 27.09176 27.53011 27.06755 27.53411 27.04386 27.54046 27.0209 27.5491 26.99889 27.55995 26.97806 27.57291 26.9586 27.58784 26.94069 27.60462 26.92451 27.62306 26.91022 27.64301 26.89796 27.66425 26.88783 27.6866 26.87995 27.70983 

66
19.90886 33.14868 19.88893 33.13438 19.86768 33.12211 19.84534 33.11197 19.82211 33.10408 19.79822 33.0985 19.7739 33.09528 19.74938 33.09447 19.7249 33.09606 19.70069 33.10005 19.67699 33.10639 19.65402 33.11502 19.63202 33.12586 19.61118 33.13881 19.59171 33.15374 19.57379 33.1705 19.55761 33.18894 19.54331 33.20888 19.53103 33.23012 19.5209 33.25246 19.513 33.27569 19.50742 33.29958 19.50421 33.3239 19.5034 33.34842 19.50499 33.3729 19.50898 33.39711 19.51532 33.42081 19.52395 33.44378 19.53479 33.46579 19.54774 33.48663 19.56266 33.5061 19.57943 33.52401 19.59787 33.54019 21.85391 35.33228 21.87384 35.34658 21.89509 35.35886 21.91743 35.36899 21.94066 35.37689 21.96455 35.38247 21.98887 35.38568 22.01339 35.38649 22.03787 35.3849 22.06208 35.38091 22.08578 35.37457 22.10875 35.36594 22.13076 35.3551 22.15159 35.34215 22.17107 35.32723 22.18898 35.31046 22.20516 35.29202 22.21946 35.27209 22.23174 35.25085 22.24187 35.2285 22.24977 35.20528 22.25535 35.18139 22.25856 35.15706 22.25938 35.13254 22.25778 35.10806 22.2538 35.08385 22.24746 35.06015 22.23882 35.03719 22.22798 35.01518 22.21503 34.99434 22.20011 34.97487 22.18334 34.95696 22.16491 34.94077 

66
5.75077 29.46016 5.72827 29.46992 5.70683 29.48185 5.68666 29.49582 5.66796 29.5117 5.6509 29.52933 5.63566 29.54856 5.62237 29.56918 5.61117 29.59101 5.60216 29.61383 5.59543 29.63742 5.59105 29.66156 5.58905 29.68601 5.58946 29.71054 5.59228 29.73491 5.59746 29.75889 5.60498 29.78225 5.61474 29.80476 5.62667 29.8262 5.64064 29.84636 5.65652 29.86507 5.67415 29.88212 5.69338 29.89737 5.714 29.91065 5.73583 29.92185 5.75865 29.93086 5.78224 29.93759 5.80638 29.94197 5.83083 29.94397 5.85536 29.94356 5.87974 29.94075 5.90371 29.93556 5.92707 29.92805 8.56931 28.93248 8.59182 28.92271 8.61326 28.91079 8.63342 28.89682 8.65213 28.88094 8.66918 28.8633 8.68443 28.84408 8.69771 28.82346 8.70892 28.80163 8.71792 28.77881 8.72465 28.75522 8.72904 28.73108 8.73103 28.70663 8.73062 28.6821 8.72781 28.65772 8.72262 28.63374 8.71511 28.61039 8.70534 28.58788 8.69341 28.56644 8.67945 28.54627 8.66357 28.52757 8.64593 28.51052 8.62671 28.49527 8.60608 28.48198 8.58426 28.47078 8.56144 28.46178 8.53784 28.45505 8.5137 28.45066 8.48925 28.44867 8.46472 28.44908 8.44035 28.45189 8.41637 28.45708 8.39301 28.46459 

66
31.13307 12.47316 31.13707 12.44896 31.13867 12.42448 31.13786 12.39996 31.13466 12.37563 31.12909 12.35174 31.1212 12.32851 31.11107 12.30616 31.0988 12.28492 31.08451 12.26498 31.06833 12.24653 31.05042 12.22976 31.03096 12.21483 31.01012 12.20188 30.98812 12.19103 30.96515 12.18239 30.94146 12.17604 30.91725 12.17205 30.89277 12.17045 30.86825 12.17125 30.84392 12.17446 30.82003 12.18003 30.7968 12.18792 30.77445 12.19805 30.75321 12.21031 30.73327 12.22461 30.71482 12.24079 30.69805 12.25869 30.68312 12.27816 30.67017 12.29899 30.65932 12.321 30.65068 12.34396 30.64433 12.36766 30.07213 15.01837 30.06813 15.04257 30.06653 15.06705 30.06734 15.09157 30.07054 15.1159 30.07611 15.13979 30.084 15.16302 30.09413 15.18537 30.1064 15.20661 30.12069 15.22655 30.13687 15.245 30.15478 15.26177 30.17424 15.2767 30.19508 15.28965 30.21708 15.3005 30.24005 15.30914 30.26375 15.31549 30.28795 15.31948 30.31243 15.32108 30.33695 15.32028 30.36128 15.31707 30.38517 15.3115 30.4084 15.30361 30.43075 15.29348 30.45199 15.28122 30.47193 15.26692 30.49038 15.25074 30.50715 15.23284 30.52208 15.21337 30.53503 15.19254 30.54588 15.17053 30.55452 15.14757 30.56087 15.12387 

66
15.73905 23.74405 15.75872 23.72938 15.77685 23.71286 15.79328 23.69464 15.80785 23.67489 15.8204 23.65382 15.83083 23.63161 15.83904 23.60849 15.84494 23.58467 15.84847 23.5604 15.84961 23.53589 15.84834 23.51139 15.84468 23.48713 15.83866 23.46335 15.83033 23.44027 15.81978 23.41812 15.80711 23.39711 15.79245 23.37744 15.77592 23.35931 15.7577 23.34288 15.73796 23.32831 15.71688 23.31576 15.69467 23.30533 15.67155 23.29712 15.64774 23.29122 15.62346 23.28769 15.59895 23.28655 15.57445 23.28782 15.55019 23.29148 15.52641 23.2975 15.50333 23.30583 15.48118 23.31638 15.46017 23.32905 13.25442 24.81131 13.23475 24.82597 13.21662 24.8425 13.20019 24.86072 13.18562 24.88046 13.17307 24.90154 13.16264 24.92375 13.15443 24.94687 13.14853 24.97068 13.145 24.99496 13.14386 25.01947 13.14513 25.04397 13.14879 25.06823 13.15481 25.09201 13.16314 25.11509 13.17369 25.13724 13.18636 25.15825 13.20102 25.17791 13.21755 25.19605 13.23577 25.21248 13.25551 25.22704 13.27659 25.2396 13.2988 25.25003 13.32192 25.25823 13.34573 25.26413 13.37001 25.26767 13.39452 25.26881 13.41902 25.26754 13.44328 25.26387 13.46706 25.25785 13.49014 25.24952 13.51229 25.23898 13.5333 25.22631 

