29
13
24.20605 16.83876 24.18652 16.84069 23.40993 16.95588 23.39068 16.95971 22.62913 17.15047 22.61034 17.15617 21.87115 17.42065 22.00591 17.79727 22.73585 17.5361 23.47834 17.35011 24.23549 17.2378 25.00981 17.19976 24.99019 16.80024 

4
26.60932 16.95971 26.51213 17.34772 27.27368 17.53848 27.37087 17.15047 

7
33.19976 25.00981 33.19976 24.99019 33.16124 24.20605 32.76172 24.22568 32.79976 25.0 32.76172 25.77432 33.16124 25.79395 

34
19.80571 18.65527 19.79054 18.66773 19.20883 19.19496 19.19496 19.20883 18.66773 19.79054 18.65527 19.80571 18.1876 20.4363 18.1767 20.45262 17.77308 21.12601 17.76383 21.14332 17.42817 21.85302 17.42065 21.87115 17.15617 22.61034 17.15047 22.62913 16.95971 23.39068 16.95588 23.40993 16.84069 24.18652 16.83876 24.20605 16.80024 24.99019 16.80024 25.00981 16.83876 25.79395 17.23828 25.77432 17.20024 25.0 17.2378 24.23549 17.35011 23.47834 17.5361 22.73585 17.79396 22.01516 18.12123 21.32322 18.51474 20.66669 18.9707 20.05189 19.48474 19.48474 20.05189 18.9707 20.67458 18.50888 20.4363 18.1876 

25
18.1767 29.54738 18.1876 29.5637 18.65527 30.19429 18.66773 30.20946 19.19496 30.79117 19.20883 30.80504 19.79054 31.33227 19.80571 31.34473 20.4363 31.8124 20.45262 31.8233 21.12601 32.22692 21.14332 32.23617 21.85302 32.57183 21.87115 32.57935 22.61034 32.84383 22.7451 32.46721 22.01516 32.20604 21.32322 31.87877 20.66669 31.48526 20.05189 31.0293 19.48474 30.51526 18.9707 29.94811 18.51474 29.33331 18.11618 28.66835 17.77308 28.87399 

40
26.59007 33.04412 26.60932 33.04029 27.37087 32.84953 27.38966 32.84383 28.12885 32.57935 28.14698 32.57183 28.85668 32.23617 28.87399 32.22692 29.54738 31.8233 29.5637 31.8124 30.19429 31.34473 30.20946 31.33227 30.79117 30.80504 30.80504 30.79117 31.33227 30.20946 31.34473 30.19429 31.8124 29.5637 31.8233 29.54738 32.22692 28.87399 32.23617 28.85668 32.57183 28.14698 32.57935 28.12885 32.84383 27.38966 32.84953 27.37087 33.04029 26.60932 32.65228 26.51213 32.4639 27.26415 32.20604 27.98484 31.87877 28.67678 31.48526 29.33331 31.0293 29.94811 30.51526 30.51526 29.94811 31.0293 29.33331 31.48526 28.67678 31.87877 27.98484 32.20604 27.26415 32.4639 26.52166 32.64989 25.75479 32.76364 25.81348 33.15931 

22
32.23617 21.14332 32.22692 21.12601 31.8233 20.45262 31.8124 20.4363 31.34473 19.80571 31.33227 19.79054 30.80504 19.20883 30.79117 19.19496 30.20946 18.66773 30.19429 18.65527 29.5637 18.1876 29.54738 18.1767 28.87399 17.77308 28.66835 18.11618 29.33331 18.51474 29.94811 18.9707 30.51526 19.48474 31.0293 20.05189 31.48526 20.66669 31.87877 21.32322 32.21024 22.02404 32.57183 21.85302 

89
7.7 32.0 7.7 39.7 3.0 39.7 3.0 40.3 7.7 40.3 7.7 46.0 7.70144 46.02941 7.70576 46.05853 7.71292 46.08709 7.72284 46.11481 7.73542 46.14142 7.75056 46.16667 7.7681 46.19032 7.78787 46.21213 7.80968 46.2319 7.83333 46.24944 7.85858 46.26458 7.88519 46.27716 7.91291 46.28708 7.94147 46.29424 7.97059 46.29856 8.0 46.3 8.02941 46.29856 8.05853 46.29424 8.08709 46.28708 8.11481 46.27716 8.14142 46.26458 8.16667 46.24944 8.19032 46.2319 8.21213 46.21213 8.2319 46.19032 8.24944 46.16667 8.26458 46.14142 8.27716 46.11481 8.28708 46.08709 8.29424 46.05853 8.29856 46.02941 8.3 46.0 8.3 40.0 8.3 32.3 15.0 32.3 15.02941 32.29856 15.05853 32.29424 15.08709 32.28708 15.11481 32.27716 15.14142 32.26458 15.16667 32.24944 15.19032 32.2319 15.21213 32.21213 15.2319 32.19032 15.24944 32.16667 15.26458 32.14142 15.27716 32.11481 15.28708 32.08709 15.29424 32.05853 15.29856 32.02941 15.3 32.0 15.29856 31.97059 15.29424 31.94147 15.28708 31.91291 15.27716 31.88519 15.26458 31.85858 15.24944 31.83333 15.2319 31.80968 15.21213 31.78787 15.19032 31.7681 15.16667 31.75056 15.14142 31.73542 15.11481 31.72284 15.08709 31.71292 15.05853 31.70576 15.02941 31.70144 15.0 31.7 8.0 31.7 7.97059 31.70144 7.94147 31.70576 7.91291 31.71292 7.88519 31.72284 7.85858 31.73542 7.83333 31.75056 7.80968 31.7681 7.78787 31.78787 7.7681 31.80968 7.75056 31.83333 7.73542 31.85858 7.72284 31.88519 7.71292 31.91291 7.70576 31.94147 7.70144 31.97059 

89
34.7 32.0 34.70144 32.02941 34.70576 32.05853 34.71292 32.08709 34.72284 32.11481 34.73542 32.14142 34.75056 32.16667 34.7681 32.19032 34.78787 32.21213 34.80968 32.2319 34.83333 32.24944 34.85858 32.26458 34.88519 32.27716 34.91291 32.28708 34.94147 32.29424 34.97059 32.29856 35.0 32.3 41.7 32.3 41.7 40.0 41.7 46.0 41.70144 46.02941 41.70576 46.05853 41.71292 46.08709 41.72284 46.11481 41.73542 46.14142 41.75056 46.16667 41.7681 46.19032 41.78787 46.21213 41.80968 46.2319 41.83333 46.24944 41.85858 46.26458 41.88519 46.27716 41.91291 46.28708 41.94147 46.29424 41.97059 46.29856 42.0 46.3 42.02941 46.29856 42.05853 46.29424 42.08709 46.28708 42.11481 46.27716 42.14142 46.26458 42.16667 46.24944 42.19032 46.2319 42.21213 46.21213 42.2319 46.19032 42.24944 46.16667 42.26458 46.14142 42.27716 46.11481 42.28708 46.08709 42.29424 46.05853 42.29856 46.02941 42.3 46.0 42.3 40.3 47.0 40.3 47.0 39.7 42.3 39.7 42.3 32.0 42.29856 31.97059 42.29424 31.94147 42.28708 31.91291 42.27716 31.88519 42.26458 31.85858 42.24944 31.83333 42.2319 31.80968 42.21213 31.78787 42.19032 31.7681 42.16667 31.75056 42.14142 31.73542 42.11481 31.72284 42.08709 31.71292 42.05853 31.70576 42.02941 31.70144 42.0 31.7 35.0 31.7 34.97059 31.70144 34.94147 31.70576 34.91291 31.71292 34.88519 31.72284 34.85858 31.73542 34.83333 31.75056 34.80968 31.7681 34.78787 31.78787 34.7681 31.80968 34.75056 31.83333 34.73542 31.85858 34.72284 31.88519 34.71292 31.91291 34.70576 31.94147 34.70144 31.97059 

89
7.7 4.0 7.7 9.7 3.0 9.7 3.0 10.3 7.7 10.3 7.7 18.0 7.70144 18.02941 7.70576 18.05853 7.71292 18.08709 7.72284 18.11481 7.73542 18.14142 7.75056 18.16667 7.7681 18.19032 7.78787 18.21213 7.80968 18.2319 7.83333 18.24944 7.85858 18.26458 7.88519 18.27716 7.91291 18.28708 7.94147 18.29424 7.97059 18.29856 8.0 18.3 15.0 18.3 15.02941 18.29856 15.05853 18.29424 15.08709 18.28708 15.11481 18.27716 15.14142 18.26458 15.16667 18.24944 15.19032 18.2319 15.21213 18.21213 15.2319 18.19032 15.24944 18.16667 15.26458 18.14142 15.27716 18.11481 15.28708 18.08709 15.29424 18.05853 15.29856 18.02941 15.3 18.0 15.29856 17.97059 15.29424 17.94147 15.28708 17.91291 15.27716 17.88519 15.26458 17.85858 15.24944 17.83333 15.2319 17.80968 15.21213 17.78787 15.19032 17.7681 15.16667 17.75056 15.14142 17.73542 15.11481 17.72284 15.08709 17.71292 15.05853 17.70576 15.02941 17.70144 15.0 17.7 8.3 17.7 8.3 10.0 8.3 4.0 8.29856 3.97059 8.29424 3.94147 8.28708 3.91291 8.27716 3.88519 8.26458 3.85858 8.24944 3.83333 8.2319 3.80968 8.21213 3.78787 8.19032 3.7681 8.16667 3.75056 8.14142 3.73542 8.11481 3.72284 8.08709 3.71292 8.05853 3.70576 8.02941 3.70144 8.0 3.7 7.97059 3.70144 7.94147 3.70576 7.91291 3.71292 7.88519 3.72284 7.85858 3.73542 7.83333 3.75056 7.80968 3.7681 7.78787 3.78787 7.7681 3.80968 7.75056 3.83333 7.73542 3.85858 7.72284 3.88519 7.71292 3.91291 7.70576 3.94147 7.70144 3.97059 

89
34.7 18.0 34.70144 18.02941 34.70576 18.05853 34.71292 18.08709 34.72284 18.11481 34.73542 18.14142 34.75056 18.16667 34.7681 18.19032 34.78787 18.21213 34.80968 18.2319 34.83333 18.24944 34.85858 18.26458 34.88519 18.27716 34.91291 18.28708 34.94147 18.29424 34.97059 18.29856 35.0 18.3 42.0 18.3 42.02941 18.29856 42.05853 18.29424 42.08709 18.28708 42.11481 18.27716 42.14142 18.26458 42.16667 18.24944 42.19032 18.2319 42.21213 18.21213 42.2319 18.19032 42.24944 18.16667 42.26458 18.14142 42.27716 18.11481 42.28708 18.08709 42.29424 18.05853 42.29856 18.02941 42.3 18.0 42.3 10.3 47.0 10.3 47.0 9.7 42.3 9.7 42.3 4.0 42.29856 3.97059 42.29424 3.94147 42.28708 3.91291 42.27716 3.88519 42.26458 3.85858 42.24944 3.83333 42.2319 3.80968 42.21213 3.78787 42.19032 3.7681 42.16667 3.75056 42.14142 3.73542 42.11481 3.72284 42.08709 3.71292 42.05853 3.70576 42.02941 3.70144 42.0 3.7 41.97059 3.70144 41.94147 3.70576 41.91291 3.71292 41.88519 3.72284 41.85858 3.73542 41.83333 3.75056 41.80968 3.7681 41.78787 3.78787 41.7681 3.80968 41.75056 3.83333 41.73542 3.85858 41.72284 3.88519 41.71292 3.91291 41.70576 3.94147 41.70144 3.97059 41.7 4.0 41.7 10.0 41.7 17.7 35.0 17.7 34.97059 17.70144 34.94147 17.70576 34.91291 17.71292 34.88519 17.72284 34.85858 17.73542 34.83333 17.75056 34.80968 17.7681 34.78787 17.78787 34.7681 17.80968 34.75056 17.83333 34.73542 17.85858 34.72284 17.88519 34.71292 17.91291 34.70576 17.94147 34.70144 17.97059 

22
20.3 42.0 20.29856 41.97059 20.29424 41.94147 20.28708 41.91291 20.27716 41.88519 20.26458 41.85858 20.24944 41.83333 20.2319 41.80968 20.21213 41.78787 20.19032 41.7681 20.16667 41.75056 20.14142 41.73542 20.11481 41.72284 20.08709 41.71292 20.05853 41.70576 20.02941 41.70144 20.0 41.7 13.0 41.7 13.0 42.3 19.7 42.3 19.7 50 20.3 50 

22
30.3 42.3 37.0 42.3 37.0 41.7 30.0 41.7 29.97059 41.70144 29.94147 41.70576 29.91291 41.71292 29.88519 41.72284 29.85858 41.73542 29.83333 41.75056 29.80968 41.7681 29.78787 41.78787 29.7681 41.80968 29.75056 41.83333 29.73542 41.85858 29.72284 41.88519 29.71292 41.91291 29.70576 41.94147 29.70144 41.97059 29.7 42.0 29.7 50 30.3 50 

22
19.7 7.7 13.0 7.7 13.0 8.3 20.0 8.3 20.02941 8.29856 20.05853 8.29424 20.08709 8.28708 20.11481 8.27716 20.14142 8.26458 20.16667 8.24944 20.19032 8.2319 20.21213 8.21213 20.2319 8.19032 20.24944 8.16667 20.26458 8.14142 20.27716 8.11481 20.28708 8.08709 20.29424 8.05853 20.29856 8.02941 20.3 8.0 20.3 0 19.7 0 

22
29.7 8.0 29.70144 8.02941 29.70576 8.05853 29.71292 8.08709 29.72284 8.11481 29.73542 8.14142 29.75056 8.16667 29.7681 8.19032 29.78787 8.21213 29.80968 8.2319 29.83333 8.24944 29.85858 8.26458 29.88519 8.27716 29.91291 8.28708 29.94147 8.29424 29.97059 8.29856 30.0 8.3 37.0 8.3 37.0 7.7 30.3 7.7 30.3 0 29.7 0 

74
3.7 21.0 3.7 24.7 0 24.7 0 25.3 3.7 25.3 3.7 29.0 3.70144 29.02941 3.70576 29.05853 3.71292 29.08709 3.72284 29.11481 3.73542 29.14142 3.75056 29.16667 3.7681 29.19032 3.78787 29.21213 3.80968 29.2319 3.83333 29.24944 3.85858 29.26458 3.88519 29.27716 3.91291 29.28708 3.94147 29.29424 3.97059 29.29856 4.0 29.3 4.02941 29.29856 4.05853 29.29424 4.08709 29.28708 4.11481 29.27716 4.14142 29.26458 4.16667 29.24944 4.19032 29.2319 4.21213 29.21213 4.2319 29.19032 4.24944 29.16667 4.26458 29.14142 4.27716 29.11481 4.28708 29.08709 4.29424 29.05853 4.29856 29.02941 4.3 29.0 4.3 25.3 8.0 25.3 8.0 24.7 4.3 24.7 4.3 21.0 4.29856 20.97059 4.29424 20.94147 4.28708 20.91291 4.27716 20.88519 4.26458 20.85858 4.24944 20.83333 4.2319 20.80968 4.21213 20.78787 4.19032 20.7681 4.16667 20.75056 4.14142 20.73542 4.11481 20.72284 4.08709 20.71292 4.05853 20.70576 4.02941 20.70144 4.0 20.7 3.97059 20.70144 3.94147 20.70576 3.91291 20.71292 3.88519 20.72284 3.85858 20.73542 3.83333 20.75056 3.80968 20.7681 3.78787 20.78787 3.7681 20.80968 3.75056 20.83333 3.73542 20.85858 3.72284 20.88519 3.71292 20.91291 3.70576 20.94147 3.70144 20.97059 

74
45.7 21.0 45.7 24.7 42.0 24.7 42.0 25.3 45.7 25.3 45.7 29.0 45.70144 29.02941 45.70576 29.05853 45.71292 29.08709 45.72284 29.11481 45.73542 29.14142 45.75056 29.16667 45.7681 29.19032 45.78787 29.21213 45.80968 29.2319 45.83333 29.24944 45.85858 29.26458 45.88519 29.27716 45.91291 29.28708 45.94147 29.29424 45.97059 29.29856 46.0 29.3 46.02941 29.29856 46.05853 29.29424 46.08709 29.28708 46.11481 29.27716 46.14142 29.26458 46.16667 29.24944 46.19032 29.2319 46.21213 29.21213 46.2319 29.19032 46.24944 29.16667 46.26458 29.14142 46.27716 29.11481 46.28708 29.08709 46.29424 29.05853 46.29856 29.02941 46.3 29.0 46.3 25.3 50 25.3 50 24.7 46.3 24.7 46.3 21.0 46.29856 20.97059 46.29424 20.94147 46.28708 20.91291 46.27716 20.88519 46.26458 20.85858 46.24944 20.83333 46.2319 20.80968 46.21213 20.78787 46.19032 20.7681 46.16667 20.75056 46.14142 20.73542 46.11481 20.72284 46.08709 20.71292 46.05853 20.70576 46.02941 20.70144 46.0 20.7 45.97059 20.70144 45.94147 20.70576 45.91291 20.71292 45.88519 20.72284 45.85858 20.73542 45.83333 20.75056 45.80968 20.7681 45.78787 20.78787 45.7681 20.80968 45.75056 20.83333 45.73542 20.85858 45.72284 20.88519 45.71292 20.91291 45.70576 20.94147 45.70144 20.97059 

4
17.79828 35.07589 18.77261 38.79187 22.4886 37.81753 21.51426 34.10155 

4
28.13656 25.60261 25.6006 28.17982 28.17781 30.71579 30.71378 28.13857 

3
30.28241 15.77329 31.84052 12.09668 28.51699 11.41102 

102
37.21152 38.61088 40.33712 37.1754 40.35889 37.16408 40.37944 37.15068 40.39858 37.13533 40.41612 37.11818 40.4319 37.09939 40.44575 37.07914 40.45756 37.05764 40.46721 37.03508 40.47459 37.01168 40.47965 36.98768 40.48233 36.96329 40.4826 36.93876 40.48047 36.91432 40.47596 36.8902 40.4691 36.86665 40.45997 36.84387 38.92015 33.49109 38.90883 33.46932 38.89543 33.44877 38.88008 33.42963 38.86293 33.41209 38.84414 33.39631 38.8239 33.38245 38.80239 33.37065 38.77983 33.361 38.75644 33.35362 38.73243 33.34856 38.70804 33.34588 38.68351 33.34561 38.65907 33.34774 38.63495 33.35225 38.6114 33.35911 38.58863 33.36824 38.56686 33.37956 38.54631 33.39296 38.52717 33.40831 38.50963 33.42546 38.49385 33.44425 38.47999 33.4645 38.46819 33.486 38.45854 33.50856 38.45116 33.53196 38.4461 33.55596 38.44342 33.58035 38.44315 33.60488 38.44528 33.62932 38.44979 33.65344 38.45665 33.67699 38.46578 33.69977 39.90126 36.82537 36.77566 38.26084 36.75389 38.27216 36.73334 38.28556 36.7142 38.30091 36.69666 38.31807 36.68088 38.33685 36.66702 38.3571 36.65522 38.3786 36.64557 38.40116 36.63819 38.42456 36.63313 38.44857 36.63045 38.47295 36.63017 38.49748 36.6323 38.52193 36.63682 38.54604 36.64368 38.5696 36.65281 38.59237 38.19263 41.94515 38.20395 41.96692 38.21735 41.98747 38.2327 42.00661 38.24985 42.02415 38.26864 42.03993 38.28888 42.05379 38.31039 42.0656 38.33295 42.07524 38.35634 42.08262 38.38035 42.08768 38.40474 42.09036 38.42927 42.09064 38.45371 42.08851 38.47782 42.08399 38.50138 42.07713 38.52415 42.068 38.54592 42.05668 38.56647 42.04328 38.58561 42.02793 38.60315 42.01078 38.61892 41.99199 38.63278 41.97175 38.64459 41.95024 38.65423 41.92768 38.66162 41.90429 38.66668 41.88028 38.66936 41.85589 38.66963 41.83136 38.6675 41.80692 38.66299 41.7828 38.65613 41.75925 38.647 41.73648 

136
46.49934 18.8133 47.72652 18.57556 47.96425 19.80275 47.9701 19.82658 47.97825 19.84972 47.98862 19.87195 48.00113 19.89306 48.01565 19.91283 48.03203 19.93109 48.05013 19.94766 48.06976 19.96237 48.09074 19.97509 48.11287 19.98569 48.13592 19.99407 48.15969 20.00015 48.18394 20.00387 48.20844 20.0052 48.23295 20.00412 48.25724 20.00064 48.28107 19.9948 48.30421 19.98665 48.32644 19.97627 48.34754 19.96376 48.36732 19.94925 48.38558 19.93286 48.40215 19.91477 48.41686 19.89513 48.42958 19.87415 48.44018 19.85203 48.44856 19.82897 48.45464 19.8052 48.45836 19.78095 48.45969 19.75645 48.45861 19.73194 48.45513 19.70766 48.2174 18.48047 49.44458 18.24274 49.46841 18.2369 49.49155 18.22875 49.51378 18.21837 49.53489 18.20586 49.55467 18.19135 49.57293 18.17496 49.58949 18.15686 49.60421 18.13723 49.61692 18.11625 49.62752 18.09413 49.6359 18.07107 49.64198 18.0473 49.64571 18.02305 49.64703 17.99855 49.64595 17.97404 49.64247 17.94976 49.63663 17.92593 49.62848 17.90279 49.6181 17.88056 49.60559 17.85945 49.59108 17.83967 49.57469 17.82141 49.5566 17.80485 49.53696 17.79013 49.51598 17.77741 49.49386 17.76681 49.4708 17.75843 49.44703 17.75235 49.42278 17.74863 49.39828 17.74731 49.37377 17.74839 49.34949 17.75187 48.1223 17.9896 47.88457 16.76241 47.87873 16.73858 47.87058 16.71544 47.8602 16.69321 47.84769 16.67211 47.83318 16.65233 47.81679 16.63407 47.7987 16.6175 47.77906 16.60279 47.75808 16.59007 47.73596 16.57947 47.7129 16.57109 47.68913 16.56501 47.66488 16.56129 47.64038 16.55996 47.61587 16.56104 47.59159 16.56452 47.56776 16.57036 47.54462 16.57851 47.52239 16.58889 47.50128 16.6014 47.4815 16.61592 47.46324 16.6323 47.44668 16.6504 47.43196 16.67003 47.41925 16.69101 47.40865 16.71313 47.40026 16.73619 47.39418 16.75996 47.39046 16.78421 47.38914 16.80871 47.39022 16.83322 47.3937 16.85751 47.63143 18.08469 46.40424 18.32242 46.38042 18.32826 46.35728 18.33641 46.33504 18.34679 46.31394 18.3593 46.29416 18.37382 46.2759 18.3902 46.25933 18.4083 46.24462 18.42793 46.2319 18.44891 46.2213 18.47104 46.21292 18.49409 46.20684 18.51786 46.20312 18.54211 46.20179 18.56661 46.20287 18.59112 46.20635 18.61541 46.2122 18.63923 46.22035 18.66237 46.23072 18.68461 46.24323 18.70571 46.25775 18.72549 46.27413 18.74375 46.29223 18.76032 46.31186 18.77503 46.33284 18.78775 46.35497 18.79835 46.37802 18.80673 46.40179 18.81281 46.42604 18.81653 46.45054 18.81786 46.47505 18.81678 

136
22.59284 10.39865 23.23938 9.36405 24.27398 10.01059 24.2954 10.02256 24.31789 10.03237 24.34123 10.03992 24.3652 10.04515 24.38956 10.04801 24.41409 10.04847 24.43855 10.04652 24.4627 10.04218 24.4863 10.0355 24.50914 10.02653 24.53099 10.01537 24.55163 10.00212 24.57089 9.98691 24.58855 9.96989 24.60447 9.95122 24.61847 9.93107 24.63044 9.90965 24.64025 9.88717 24.6478 9.86383 24.65304 9.83986 24.65589 9.81549 24.65635 9.79096 24.6544 9.7665 24.65006 9.74236 24.64338 9.71875 24.63441 9.69591 24.62325 9.67407 24.61 9.65342 24.59479 9.63417 24.57777 9.6165 24.5591 9.60059 24.53895 9.58658 23.50436 8.94004 24.1509 7.90544 24.16287 7.88402 24.17267 7.86154 24.18023 7.8382 24.18546 7.81423 24.18832 7.78986 24.18878 7.76533 24.18683 7.74087 24.18249 7.71673 24.1758 7.69312 24.16684 7.67028 24.15568 7.64844 24.14243 7.62779 24.12722 7.60854 24.1102 7.59087 24.09152 7.57496 24.07138 7.56095 24.04996 7.54898 24.02748 7.53917 24.00413 7.53162 23.98017 7.52639 23.9558 7.52353 23.93127 7.52307 23.90681 7.52502 23.88267 7.52936 23.85906 7.53605 23.83622 7.54501 23.81438 7.55617 23.79373 7.56942 23.77448 7.58463 23.75681 7.60165 23.74089 7.62033 23.72689 7.64047 23.08035 8.67506 22.04575 8.02852 22.02433 8.01656 22.00185 8.00675 21.97851 7.99919 21.95454 7.99396 21.93017 7.9911 21.90564 7.99064 21.88118 7.99259 21.85704 7.99693 21.83343 8.00362 21.81059 8.01258 21.78875 8.02374 21.7681 8.03699 21.74885 8.0522 21.73118 8.06923 21.71526 8.0879 21.70126 8.10804 21.68929 8.12946 21.67948 8.15195 21.67193 8.17529 21.66669 8.19926 21.66384 8.22362 21.66338 8.24815 21.66533 8.27261 21.66967 8.29676 21.67635 8.32036 21.68532 8.3432 21.69648 8.36505 21.70973 8.3857 21.72494 8.40495 21.74196 8.42261 21.76063 8.43853 21.78078 8.45253 22.81537 9.09908 22.16883 10.13367 22.15686 10.15509 22.14706 10.17758 22.1395 10.20092 22.13427 10.22489 22.13141 10.24925 22.13095 10.27378 22.1329 10.29824 22.13724 10.32239 22.14393 10.34599 22.15289 10.36883 22.16405 10.39068 22.1773 10.41133 22.19251 10.43058 22.20953 10.44824 22.22821 10.46416 22.24835 10.47816 22.26977 10.49013 22.29226 10.49994 22.3156 10.50749 22.33957 10.51273 22.36393 10.51559 22.38846 10.51604 22.41292 10.51409 22.43707 10.50975 22.46067 10.50307 22.48351 10.4941 22.50536 10.48294 22.52601 10.46969 22.54526 10.45448 22.56292 10.43746 22.57884 10.41879 

84
25.9708 39.98409 28.75984 37.72116 28.77811 37.70478 28.79469 37.6867 28.80941 37.66707 28.82214 37.6461 28.83275 37.62398 28.84115 37.60093 28.84724 37.57716 28.85098 37.55291 28.85232 37.52842 28.85125 37.50391 28.84779 37.47962 28.84196 37.45579 28.83382 37.43264 28.82346 37.41041 28.81096 37.38929 28.79646 37.3695 28.78008 37.35123 28.762 37.33466 28.74238 37.31993 28.7214 37.3072 28.69928 37.29659 28.67623 37.28819 28.65247 37.2821 28.62822 37.27836 28.60372 37.27702 28.57921 37.27809 28.55492 37.28155 28.53109 37.28738 28.50794 37.29552 28.48571 37.30588 28.46459 37.31838 28.44481 37.33288 25.46163 39.75333 25.44336 39.7697 25.42678 39.78779 25.41206 39.80741 25.39933 39.82838 25.38872 39.8505 25.38032 39.87356 25.37423 39.89732 25.37049 39.92157 25.36915 39.94607 25.37022 39.97058 25.37368 39.99487 25.37951 40.0187 25.38765 40.04184 25.39801 40.06408 25.41051 40.08519 25.42501 40.10498 27.84545 43.08816 27.86183 43.10643 27.87991 43.123 27.89954 43.13773 27.92051 43.15046 27.94263 43.16107 27.96568 43.16947 27.98945 43.17556 28.0137 43.1793 28.03819 43.18064 28.0627 43.17957 28.08699 43.17611 28.11082 43.17028 28.13397 43.16214 28.15621 43.15178 28.17732 43.13928 28.19711 43.12478 28.21538 43.1084 28.23195 43.09032 28.24668 43.07069 28.25941 43.04972 28.27002 43.0276 28.27842 43.00455 28.28451 42.98078 28.28825 42.95654 28.28959 42.93204 28.28852 42.90753 28.28506 42.88324 28.27923 42.85941 28.27109 42.83626 28.26073 42.81403 28.24823 42.79291 28.23373 42.77312 

66
27.8551 20.86306 27.87747 20.85298 27.89874 20.84075 27.91871 20.8265 27.93718 20.81036 27.95398 20.79248 27.96896 20.77304 27.98195 20.75223 27.99284 20.73025 28.00152 20.7073 28.00792 20.68362 28.01196 20.65942 28.01361 20.63494 28.01285 20.61042 28.00969 20.58609 28.00417 20.56218 27.99632 20.53894 27.98624 20.51657 27.97401 20.4953 27.95976 20.47534 27.94361 20.45686 27.92574 20.44006 27.9063 20.42509 27.88549 20.41209 27.86351 20.4012 27.84056 20.39252 27.81687 20.38612 27.79268 20.38208 27.7682 20.38043 27.74368 20.38119 27.71935 20.38435 27.69544 20.38988 27.6722 20.39772 24.88013 21.49516 24.85776 21.50524 24.8365 21.51747 24.81653 21.53172 24.79805 21.54787 24.78125 21.56574 24.76628 21.58518 24.75328 21.60599 24.74239 21.62797 24.73371 21.65092 24.72732 21.6746 24.72327 21.6988 24.72162 21.72328 24.72238 21.7478 24.72554 21.77213 24.73107 21.79604 24.73891 21.81928 24.749 21.84165 24.76122 21.86292 24.77548 21.88288 24.79162 21.90136 24.8095 21.91816 24.82893 21.93313 24.84974 21.94613 24.87173 21.95702 24.89467 21.9657 24.91836 21.9721 24.94256 21.97614 24.96704 21.97779 24.99156 21.97703 25.01589 21.97387 25.03979 21.96834 25.06304 21.9605 

66
22.73626 21.13628 22.75394 21.11927 22.76986 21.1006 22.78388 21.08047 22.79585 21.05905 22.80567 21.03657 22.81324 21.01323 22.81848 20.98927 22.82135 20.9649 22.82182 20.94037 22.81988 20.91591 22.81556 20.89176 22.80888 20.86816 22.79993 20.84531 22.78878 20.82346 22.77554 20.80281 22.76034 20.78355 22.74333 20.76587 22.72466 20.74995 22.70453 20.73593 22.68311 20.72396 22.66063 20.71414 22.63729 20.70657 22.61333 20.70132 22.58896 20.69845 22.56443 20.69799 22.53997 20.69993 22.51582 20.70425 22.49222 20.71093 22.46937 20.71988 22.44752 20.73103 22.42687 20.74427 22.40761 20.75947 20.14674 22.73139 20.12906 22.7484 20.11314 22.76707 20.09912 22.7872 20.08715 22.80862 20.07733 22.8311 20.06976 22.85444 20.06452 22.8784 20.06165 22.90277 20.06118 22.9273 20.06312 22.95176 20.06744 22.9759 20.07412 22.99951 20.08307 23.02235 20.09422 23.04421 20.10746 23.06486 20.12266 23.08412 20.13967 23.1018 20.15834 23.11772 20.17847 23.13174 20.19989 23.14371 20.22237 23.15353 20.24571 23.1611 20.26967 23.16634 20.29404 23.16921 20.31857 23.16968 20.34303 23.16774 20.36717 23.16342 20.39078 23.15674 20.41362 23.14779 20.43548 23.13664 20.45613 23.1234 20.47539 23.1082 

66
32.37598 34.24795 32.4001 34.24347 32.42366 34.23664 32.44645 34.22754 32.46823 34.21624 32.4888 34.20287 32.50795 34.18754 32.52552 34.17042 32.54132 34.15165 32.5552 34.13142 32.56704 34.10993 32.57671 34.08738 32.58413 34.064 32.58922 34.04 32.59193 34.01561 32.59223 33.99108 32.59014 33.96664 32.58565 33.94252 32.57882 33.91895 32.56972 33.89617 32.55843 33.87439 32.54505 33.85382 32.52973 33.83466 32.5126 33.8171 32.49383 33.8013 32.47361 33.78741 32.45212 33.77558 32.42957 33.7659 32.40618 33.75849 32.38218 33.7534 32.3578 33.75069 32.33327 33.75038 32.30882 33.75248 29.56679 34.12414 29.54267 34.12862 29.51911 34.13545 29.49632 34.14455 29.47454 34.15584 29.45397 34.16922 29.43482 34.18454 29.41725 34.20167 29.40145 34.22044 29.38757 34.24067 29.37573 34.26216 29.36606 34.2847 29.35864 34.30809 29.35355 34.33209 29.35084 34.35647 29.35054 34.38101 29.35263 34.40545 29.35712 34.42957 29.36394 34.45314 29.37305 34.47592 29.38434 34.4977 29.39771 34.51827 29.41304 34.53742 29.43017 34.55499 29.44894 34.57079 29.46916 34.58467 29.49065 34.59651 29.5132 34.60618 29.53659 34.6136 29.56059 34.61869 29.58497 34.6214 29.6095 34.6217 29.63395 34.61961 

66
42.8823 30.74871 42.89434 30.77009 42.90842 30.79018 42.9244 30.8088 42.94213 30.82576 42.96143 30.8409 42.98213 30.85407 43.00402 30.86515 43.02688 30.87404 43.05051 30.88064 43.07468 30.88489 43.09914 30.88675 43.12367 30.88621 43.14802 30.88327 43.17197 30.87795 43.19529 30.87031 43.21774 30.86042 43.23912 30.84838 43.25921 30.8343 43.27782 30.81832 43.29478 30.80059 43.30992 30.78129 43.3231 30.76059 43.33418 30.7387 43.34307 30.71583 43.34967 30.6922 43.35392 30.66804 43.35578 30.64358 43.35524 30.61905 43.35229 30.59469 43.34698 30.57074 43.33934 30.54743 43.32945 30.52498 42.16406 28.19589 42.15202 28.17451 42.13794 28.15442 42.12196 28.1358 42.10424 28.11884 42.08493 28.1037 42.06423 28.09053 42.04235 28.07945 42.01948 28.07056 41.99585 28.06396 41.97169 28.05971 41.94722 28.05785 41.9227 28.05839 41.89834 28.06133 41.87439 28.06665 41.85107 28.07429 41.82862 28.08418 41.80725 28.09622 41.78715 28.1103 41.76854 28.12628 41.75158 28.14401 41.73644 28.16331 41.72326 28.18401 41.71218 28.2059 41.7033 28.22877 41.6967 28.2524 41.69244 28.27656 41.69058 28.30102 41.69112 28.32555 41.69407 28.34991 41.69939 28.37386 41.70703 28.39717 41.71692 28.41962 

66
30.30366 24.37957 30.32365 24.3938 30.34494 24.406 30.36732 24.41605 30.39057 24.42386 30.41448 24.42936 30.43882 24.43248 30.46334 24.43321 30.48782 24.43152 30.51201 24.42745 30.53569 24.42102 30.55862 24.41231 30.58059 24.40139 30.60138 24.38836 30.6208 24.37337 30.63865 24.35654 30.65477 24.33804 30.66899 24.31805 30.68119 24.29677 30.69125 24.27439 30.69906 24.25113 30.70455 24.22722 30.70768 24.20289 30.7084 24.17836 30.70672 24.15389 30.70265 24.12969 30.69622 24.10602 30.6875 24.08308 30.67658 24.06111 30.66356 24.04032 30.64856 24.02091 30.63173 24.00305 30.61324 23.98694 28.56809 22.37444 28.5481 22.36021 28.52682 22.34801 28.50444 22.33796 28.48118 22.33015 28.45727 22.32465 28.43294 22.32153 28.40841 22.3208 28.38394 22.32249 28.35974 22.32656 28.33607 22.33299 28.31313 22.3417 28.29116 22.35262 28.27037 22.36565 28.25095 22.38064 28.2331 22.39747 28.21698 22.41597 28.20276 22.43596 28.19056 22.45724 28.18051 22.47962 28.17269 22.50288 28.1672 22.52679 28.16408 22.55112 28.16335 22.57565 28.16503 22.60012 28.16911 22.62432 28.17553 22.64799 28.18425 22.67093 28.19517 22.6929 28.20819 22.71369 28.22319 22.7331 28.24002 22.75096 28.25852 22.76707 

