26
10
26.59007 33.04412 26.60932 33.04029 27.37087 32.84953 27.38966 32.84383 28.12885 32.57935 27.99409 32.20273 27.26415 32.4639 26.52166 32.64989 25.75479 32.76364 25.81348 33.15931 

13
30.19429 31.34473 30.20946 31.33227 30.79117 30.80504 30.80504 30.79117 31.33227 30.20946 31.34473 30.19429 31.8124 29.5637 31.49112 29.32542 31.0293 29.94811 30.51526 30.51526 29.94811 31.0293 29.32542 31.49112 29.5637 31.8124 

10
32.84383 27.38966 32.84953 27.37087 33.04029 26.60932 33.04412 26.59007 33.15931 25.81348 32.76364 25.75479 32.64989 26.52166 32.4639 27.26415 32.20273 27.99409 32.57935 28.12885 

10
21.12601 32.22692 21.14332 32.23617 21.85302 32.57183 21.87115 32.57935 22.61034 32.84383 22.7451 32.46721 22.01516 32.20604 21.32322 31.87877 20.65826 31.48021 20.45262 31.8233 

4
24.99019 33.19976 25.00981 32.80024 24.22568 32.76172 24.20605 33.16124 

19
25.81348 16.84069 25.79395 16.83876 25.00981 16.80024 24.99019 16.80024 24.20605 16.83876 24.18652 16.84069 23.40993 16.95588 23.39068 16.95971 22.62913 17.15047 22.61034 17.15617 21.87115 17.42065 22.00591 17.79727 22.73585 17.5361 23.47834 17.35011 24.23549 17.2378 25.0 17.20024 25.76451 17.2378 26.53138 17.35155 26.59007 16.95588 

16
17.77308 21.12601 17.76383 21.14332 17.42817 21.85302 17.42065 21.87115 17.15617 22.61034 17.15047 22.62913 16.95971 23.39068 16.95588 23.40993 16.84069 24.18652 17.23636 24.24521 17.35011 23.47834 17.5361 22.73585 17.79396 22.01516 18.12123 21.32322 18.51979 20.65826 18.1767 20.45262 

22
31.8233 20.45262 31.8124 20.4363 31.34473 19.80571 31.33227 19.79054 30.80504 19.20883 30.79117 19.19496 30.20946 18.66773 30.19429 18.65527 29.5637 18.1876 29.54738 18.1767 28.87399 17.77308 28.85668 17.76383 28.14698 17.42817 27.97596 17.78976 28.67678 18.12123 29.33331 18.51474 29.94811 18.9707 30.51526 19.48474 31.0293 20.05189 31.48526 20.66669 31.88382 21.33165 32.22692 21.12601 

89
7.7 32.0 7.7 39.7 3.0 39.7 3.0 40.3 7.7 40.3 7.7 46.0 7.70144 46.02941 7.70576 46.05853 7.71292 46.08709 7.72284 46.11481 7.73542 46.14142 7.75056 46.16667 7.7681 46.19032 7.78787 46.21213 7.80968 46.2319 7.83333 46.24944 7.85858 46.26458 7.88519 46.27716 7.91291 46.28708 7.94147 46.29424 7.97059 46.29856 8.0 46.3 8.02941 46.29856 8.05853 46.29424 8.08709 46.28708 8.11481 46.27716 8.14142 46.26458 8.16667 46.24944 8.19032 46.2319 8.21213 46.21213 8.2319 46.19032 8.24944 46.16667 8.26458 46.14142 8.27716 46.11481 8.28708 46.08709 8.29424 46.05853 8.29856 46.02941 8.3 46.0 8.3 40.0 8.3 32.3 15.0 32.3 15.02941 32.29856 15.05853 32.29424 15.08709 32.28708 15.11481 32.27716 15.14142 32.26458 15.16667 32.24944 15.19032 32.2319 15.21213 32.21213 15.2319 32.19032 15.24944 32.16667 15.26458 32.14142 15.27716 32.11481 15.28708 32.08709 15.29424 32.05853 15.29856 32.02941 15.3 32.0 15.29856 31.97059 15.29424 31.94147 15.28708 31.91291 15.27716 31.88519 15.26458 31.85858 15.24944 31.83333 15.2319 31.80968 15.21213 31.78787 15.19032 31.7681 15.16667 31.75056 15.14142 31.73542 15.11481 31.72284 15.08709 31.71292 15.05853 31.70576 15.02941 31.70144 15.0 31.7 8.0 31.7 7.97059 31.70144 7.94147 31.70576 7.91291 31.71292 7.88519 31.72284 7.85858 31.73542 7.83333 31.75056 7.80968 31.7681 7.78787 31.78787 7.7681 31.80968 7.75056 31.83333 7.73542 31.85858 7.72284 31.88519 7.71292 31.91291 7.70576 31.94147 7.70144 31.97059 

89
34.7 32.0 34.70144 32.02941 34.70576 32.05853 34.71292 32.08709 34.72284 32.11481 34.73542 32.14142 34.75056 32.16667 34.7681 32.19032 34.78787 32.21213 34.80968 32.2319 34.83333 32.24944 34.85858 32.26458 34.88519 32.27716 34.91291 32.28708 34.94147 32.29424 34.97059 32.29856 35.0 32.3 41.7 32.3 41.7 40.0 41.7 46.0 41.70144 46.02941 41.70576 46.05853 41.71292 46.08709 41.72284 46.11481 41.73542 46.14142 41.75056 46.16667 41.7681 46.19032 41.78787 46.21213 41.80968 46.2319 41.83333 46.24944 41.85858 46.26458 41.88519 46.27716 41.91291 46.28708 41.94147 46.29424 41.97059 46.29856 42.0 46.3 42.02941 46.29856 42.05853 46.29424 42.08709 46.28708 42.11481 46.27716 42.14142 46.26458 42.16667 46.24944 42.19032 46.2319 42.21213 46.21213 42.2319 46.19032 42.24944 46.16667 42.26458 46.14142 42.27716 46.11481 42.28708 46.08709 42.29424 46.05853 42.29856 46.02941 42.3 46.0 42.3 40.3 47.0 40.3 47.0 39.7 42.3 39.7 42.3 32.0 42.29856 31.97059 42.29424 31.94147 42.28708 31.91291 42.27716 31.88519 42.26458 31.85858 42.24944 31.83333 42.2319 31.80968 42.21213 31.78787 42.19032 31.7681 42.16667 31.75056 42.14142 31.73542 42.11481 31.72284 42.08709 31.71292 42.05853 31.70576 42.02941 31.70144 42.0 31.7 35.0 31.7 34.97059 31.70144 34.94147 31.70576 34.91291 31.71292 34.88519 31.72284 34.85858 31.73542 34.83333 31.75056 34.80968 31.7681 34.78787 31.78787 34.7681 31.80968 34.75056 31.83333 34.73542 31.85858 34.72284 31.88519 34.71292 31.91291 34.70576 31.94147 34.70144 31.97059 

89
7.7 4.0 7.7 9.7 3.0 9.7 3.0 10.3 7.7 10.3 7.7 18.0 7.70144 18.02941 7.70576 18.05853 7.71292 18.08709 7.72284 18.11481 7.73542 18.14142 7.75056 18.16667 7.7681 18.19032 7.78787 18.21213 7.80968 18.2319 7.83333 18.24944 7.85858 18.26458 7.88519 18.27716 7.91291 18.28708 7.94147 18.29424 7.97059 18.29856 8.0 18.3 15.0 18.3 15.02941 18.29856 15.05853 18.29424 15.08709 18.28708 15.11481 18.27716 15.14142 18.26458 15.16667 18.24944 15.19032 18.2319 15.21213 18.21213 15.2319 18.19032 15.24944 18.16667 15.26458 18.14142 15.27716 18.11481 15.28708 18.08709 15.29424 18.05853 15.29856 18.02941 15.3 18.0 15.29856 17.97059 15.29424 17.94147 15.28708 17.91291 15.27716 17.88519 15.26458 17.85858 15.24944 17.83333 15.2319 17.80968 15.21213 17.78787 15.19032 17.7681 15.16667 17.75056 15.14142 17.73542 15.11481 17.72284 15.08709 17.71292 15.05853 17.70576 15.02941 17.70144 15.0 17.7 8.3 17.7 8.3 10.0 8.3 4.0 8.29856 3.97059 8.29424 3.94147 8.28708 3.91291 8.27716 3.88519 8.26458 3.85858 8.24944 3.83333 8.2319 3.80968 8.21213 3.78787 8.19032 3.7681 8.16667 3.75056 8.14142 3.73542 8.11481 3.72284 8.08709 3.71292 8.05853 3.70576 8.02941 3.70144 8.0 3.7 7.97059 3.70144 7.94147 3.70576 7.91291 3.71292 7.88519 3.72284 7.85858 3.73542 7.83333 3.75056 7.80968 3.7681 7.78787 3.78787 7.7681 3.80968 7.75056 3.83333 7.73542 3.85858 7.72284 3.88519 7.71292 3.91291 7.70576 3.94147 7.70144 3.97059 

89
34.7 18.0 34.70144 18.02941 34.70576 18.05853 34.71292 18.08709 34.72284 18.11481 34.73542 18.14142 34.75056 18.16667 34.7681 18.19032 34.78787 18.21213 34.80968 18.2319 34.83333 18.24944 34.85858 18.26458 34.88519 18.27716 34.91291 18.28708 34.94147 18.29424 34.97059 18.29856 35.0 18.3 42.0 18.3 42.02941 18.29856 42.05853 18.29424 42.08709 18.28708 42.11481 18.27716 42.14142 18.26458 42.16667 18.24944 42.19032 18.2319 42.21213 18.21213 42.2319 18.19032 42.24944 18.16667 42.26458 18.14142 42.27716 18.11481 42.28708 18.08709 42.29424 18.05853 42.29856 18.02941 42.3 18.0 42.3 10.3 47.0 10.3 47.0 9.7 42.3 9.7 42.3 4.0 42.29856 3.97059 42.29424 3.94147 42.28708 3.91291 42.27716 3.88519 42.26458 3.85858 42.24944 3.83333 42.2319 3.80968 42.21213 3.78787 42.19032 3.7681 42.16667 3.75056 42.14142 3.73542 42.11481 3.72284 42.08709 3.71292 42.05853 3.70576 42.02941 3.70144 42.0 3.7 41.97059 3.70144 41.94147 3.70576 41.91291 3.71292 41.88519 3.72284 41.85858 3.73542 41.83333 3.75056 41.80968 3.7681 41.78787 3.78787 41.7681 3.80968 41.75056 3.83333 41.73542 3.85858 41.72284 3.88519 41.71292 3.91291 41.70576 3.94147 41.70144 3.97059 41.7 4.0 41.7 10.0 41.7 17.7 35.0 17.7 34.97059 17.70144 34.94147 17.70576 34.91291 17.71292 34.88519 17.72284 34.85858 17.73542 34.83333 17.75056 34.80968 17.7681 34.78787 17.78787 34.7681 17.80968 34.75056 17.83333 34.73542 17.85858 34.72284 17.88519 34.71292 17.91291 34.70576 17.94147 34.70144 17.97059 

22
20.3 42.0 20.29856 41.97059 20.29424 41.94147 20.28708 41.91291 20.27716 41.88519 20.26458 41.85858 20.24944 41.83333 20.2319 41.80968 20.21213 41.78787 20.19032 41.7681 20.16667 41.75056 20.14142 41.73542 20.11481 41.72284 20.08709 41.71292 20.05853 41.70576 20.02941 41.70144 20.0 41.7 13.0 41.7 13.0 42.3 19.7 42.3 19.7 50 20.3 50 

22
30.3 42.3 37.0 42.3 37.0 41.7 30.0 41.7 29.97059 41.70144 29.94147 41.70576 29.91291 41.71292 29.88519 41.72284 29.85858 41.73542 29.83333 41.75056 29.80968 41.7681 29.78787 41.78787 29.7681 41.80968 29.75056 41.83333 29.73542 41.85858 29.72284 41.88519 29.71292 41.91291 29.70576 41.94147 29.70144 41.97059 29.7 42.0 29.7 50 30.3 50 

22
19.7 7.7 13.0 7.7 13.0 8.3 20.0 8.3 20.02941 8.29856 20.05853 8.29424 20.08709 8.28708 20.11481 8.27716 20.14142 8.26458 20.16667 8.24944 20.19032 8.2319 20.21213 8.21213 20.2319 8.19032 20.24944 8.16667 20.26458 8.14142 20.27716 8.11481 20.28708 8.08709 20.29424 8.05853 20.29856 8.02941 20.3 8.0 20.3 0 19.7 0 

22
29.7 8.0 29.70144 8.02941 29.70576 8.05853 29.71292 8.08709 29.72284 8.11481 29.73542 8.14142 29.75056 8.16667 29.7681 8.19032 29.78787 8.21213 29.80968 8.2319 29.83333 8.24944 29.85858 8.26458 29.88519 8.27716 29.91291 8.28708 29.94147 8.29424 29.97059 8.29856 30.0 8.3 37.0 8.3 37.0 7.7 30.3 7.7 30.3 0 29.7 0 

74
3.7 21.0 3.7 24.7 0 24.7 0 25.3 3.7 25.3 3.7 29.0 3.70144 29.02941 3.70576 29.05853 3.71292 29.08709 3.72284 29.11481 3.73542 29.14142 3.75056 29.16667 3.7681 29.19032 3.78787 29.21213 3.80968 29.2319 3.83333 29.24944 3.85858 29.26458 3.88519 29.27716 3.91291 29.28708 3.94147 29.29424 3.97059 29.29856 4.0 29.3 4.02941 29.29856 4.05853 29.29424 4.08709 29.28708 4.11481 29.27716 4.14142 29.26458 4.16667 29.24944 4.19032 29.2319 4.21213 29.21213 4.2319 29.19032 4.24944 29.16667 4.26458 29.14142 4.27716 29.11481 4.28708 29.08709 4.29424 29.05853 4.29856 29.02941 4.3 29.0 4.3 25.3 8.0 25.3 8.0 24.7 4.3 24.7 4.3 21.0 4.29856 20.97059 4.29424 20.94147 4.28708 20.91291 4.27716 20.88519 4.26458 20.85858 4.24944 20.83333 4.2319 20.80968 4.21213 20.78787 4.19032 20.7681 4.16667 20.75056 4.14142 20.73542 4.11481 20.72284 4.08709 20.71292 4.05853 20.70576 4.02941 20.70144 4.0 20.7 3.97059 20.70144 3.94147 20.70576 3.91291 20.71292 3.88519 20.72284 3.85858 20.73542 3.83333 20.75056 3.80968 20.7681 3.78787 20.78787 3.7681 20.80968 3.75056 20.83333 3.73542 20.85858 3.72284 20.88519 3.71292 20.91291 3.70576 20.94147 3.70144 20.97059 

74
45.7 21.0 45.7 24.7 42.0 24.7 42.0 25.3 45.7 25.3 45.7 29.0 45.70144 29.02941 45.70576 29.05853 45.71292 29.08709 45.72284 29.11481 45.73542 29.14142 45.75056 29.16667 45.7681 29.19032 45.78787 29.21213 45.80968 29.2319 45.83333 29.24944 45.85858 29.26458 45.88519 29.27716 45.91291 29.28708 45.94147 29.29424 45.97059 29.29856 46.0 29.3 46.02941 29.29856 46.05853 29.29424 46.08709 29.28708 46.11481 29.27716 46.14142 29.26458 46.16667 29.24944 46.19032 29.2319 46.21213 29.21213 46.2319 29.19032 46.24944 29.16667 46.26458 29.14142 46.27716 29.11481 46.28708 29.08709 46.29424 29.05853 46.29856 29.02941 46.3 29.0 46.3 25.3 50 25.3 50 24.7 46.3 24.7 46.3 21.0 46.29856 20.97059 46.29424 20.94147 46.28708 20.91291 46.27716 20.88519 46.26458 20.85858 46.24944 20.83333 46.2319 20.80968 46.21213 20.78787 46.19032 20.7681 46.16667 20.75056 46.14142 20.73542 46.11481 20.72284 46.08709 20.71292 46.05853 20.70576 46.02941 20.70144 46.0 20.7 45.97059 20.70144 45.94147 20.70576 45.91291 20.71292 45.88519 20.72284 45.85858 20.73542 45.83333 20.75056 45.80968 20.7681 45.78787 20.78787 45.7681 20.80968 45.75056 20.83333 45.73542 20.85858 45.72284 20.88519 45.71292 20.91291 45.70576 20.94147 45.70144 20.97059 

102
25.49022 22.01137 22.43008 20.28245 22.40815 20.27145 22.38525 20.26265 22.3616 20.25613 22.33742 20.25196 22.31295 20.25019 22.28843 20.25082 22.26408 20.25385 22.24015 20.25925 22.21686 20.26697 22.19445 20.27694 22.17311 20.28906 22.15307 20.30321 22.13451 20.31925 22.11762 20.33704 22.10254 20.3564 22.08944 20.37714 20.23755 23.65494 20.22654 23.67687 20.21774 23.69977 20.21122 23.72342 20.20705 23.7476 20.20528 23.77207 20.20591 23.79659 20.20894 23.82094 20.21434 23.84487 20.22206 23.86816 20.23203 23.89057 20.24415 23.91191 20.2583 23.93195 20.27434 23.95051 20.29213 23.9674 20.31149 23.98248 20.33223 23.99558 20.35416 24.00658 20.37706 24.01539 20.40071 24.0219 20.42489 24.02607 20.44936 24.02785 20.47389 24.02722 20.49823 24.02419 20.52216 24.01878 20.54545 24.01106 20.56787 24.00109 20.5892 23.98898 20.60924 23.97483 20.6278 23.95878 20.6447 23.94099 20.65977 23.92163 20.67287 23.90089 22.40179 20.84076 25.46193 22.56968 25.48385 22.58068 25.50675 22.58948 25.53041 22.596 25.55458 22.60017 25.57905 22.60194 25.60358 22.60131 25.62793 22.59828 25.65186 22.59288 25.67514 22.58516 25.69756 22.57519 25.71889 22.56307 25.73894 22.54892 25.75749 22.53288 25.77439 22.51509 25.78946 22.49573 25.80257 22.47499 27.65446 19.19719 27.66547 19.17526 27.67427 19.15236 27.68079 19.12871 27.68495 19.10453 27.68673 19.08006 27.6861 19.05554 27.68307 19.03119 27.67767 19.00726 27.66994 18.98397 27.65998 18.96156 27.64786 18.94022 27.63371 18.92018 27.61766 18.90162 27.59987 18.88473 27.58052 18.86965 27.55977 18.85655 27.53785 18.84555 27.51495 18.83674 27.49129 18.83023 27.46712 18.82606 27.44265 18.82428 27.41812 18.82491 27.39378 18.82794 27.36984 18.83335 27.34656 18.84107 27.32414 18.85104 27.30281 18.86315 27.28276 18.8773 27.26421 18.89335 27.24731 18.91114 27.23224 18.9305 27.21914 18.95124 

102
19.94127 27.41693 16.73964 28.67373 16.71727 28.6838 16.696 28.69602 16.67602 28.71027 16.65754 28.7264 16.64073 28.74427 16.62575 28.7637 16.61274 28.7845 16.60184 28.80648 16.59315 28.82943 16.58675 28.85311 16.58269 28.87731 16.58103 28.90178 16.58178 28.92631 16.58493 28.95064 16.59045 28.97454 16.59828 28.99779 17.94643 32.43213 17.9565 32.4545 17.96872 32.47578 17.98297 32.49575 17.9991 32.51424 18.01697 32.53105 18.0364 32.54603 18.0572 32.55903 18.07918 32.56993 18.10213 32.57862 18.12581 32.58503 18.15001 32.58908 18.17448 32.59074 18.19901 32.58999 18.22334 32.58684 18.24724 32.58133 18.27049 32.57349 18.29286 32.56342 18.31414 32.5512 18.33411 32.53696 18.35259 32.52082 18.36941 32.50295 18.38438 32.48352 18.39739 32.46272 18.40829 32.44074 18.41698 32.4178 18.42339 32.39411 18.42744 32.36992 18.4291 32.34544 18.42835 32.32092 18.4252 32.29659 18.41969 32.27268 18.41185 32.24943 17.15505 29.0478 20.35668 27.791 20.37905 27.78093 20.40033 27.76871 20.4203 27.75446 20.43878 27.73833 20.4556 27.72046 20.47058 27.70103 20.48358 27.68023 20.49448 27.65825 20.50317 27.63531 20.50958 27.61162 20.51363 27.58743 20.51529 27.56295 20.51454 27.53843 20.51139 27.5141 20.50588 27.49019 20.49804 27.46694 19.14989 24.0326 19.13982 24.01023 19.1276 23.98895 19.11336 23.96898 19.09722 23.9505 19.07935 23.93369 19.05992 23.91871 19.03912 23.9057 19.01714 23.8948 18.9942 23.88611 18.97051 23.8797 18.94632 23.87565 18.92184 23.87399 18.89732 23.87474 18.87299 23.87789 18.84908 23.8834 18.82583 23.89124 18.80346 23.90131 18.78219 23.91353 18.76221 23.92778 18.74373 23.94391 18.72692 23.96178 18.71194 23.98121 18.69894 24.00201 18.68803 24.02399 18.67934 24.04693 18.67294 24.07062 18.66889 24.09481 18.66723 24.11929 18.66797 24.14381 18.67112 24.16815 18.67664 24.19205 18.68447 24.2153 

136
29.61456 40.15226 28.77924 39.42755 29.50395 38.59223 29.5191 38.57293 29.53228 38.55224 29.54338 38.53036 29.55227 38.50749 29.55888 38.48387 29.56315 38.45971 29.56502 38.43524 29.56449 38.41072 29.56155 38.38636 29.55625 38.3624 29.54862 38.33909 29.53874 38.31663 29.52671 38.29525 29.51264 38.27515 29.49667 38.25653 29.47895 38.23956 29.45965 38.22441 29.43896 38.21123 29.41707 38.20013 29.39421 38.19124 29.37058 38.18463 29.34642 38.18036 29.32196 38.17849 29.29743 38.17902 29.27308 38.18196 29.24912 38.18726 29.22581 38.19489 29.20335 38.20477 29.18197 38.2168 29.16187 38.23087 29.14325 38.24684 29.12628 38.26456 28.40156 39.09989 27.56624 38.37517 27.54694 38.36002 27.52625 38.34684 27.50437 38.33575 27.48151 38.32685 27.45788 38.32024 27.43372 38.31598 27.40926 38.3141 27.38473 38.31464 27.36037 38.31757 27.33642 38.32288 27.3131 38.33051 27.29064 38.34038 27.26926 38.35242 27.24916 38.36649 27.23054 38.38246 27.21357 38.40018 27.19842 38.41948 27.18524 38.44017 27.17415 38.46205 27.16525 38.48491 27.15864 38.50854 27.15438 38.5327 27.1525 38.55716 27.15304 38.58169 27.15597 38.60605 27.16128 38.63 27.16891 38.65332 27.17878 38.67578 27.19082 38.69716 27.20489 38.71726 27.22086 38.73588 27.23858 38.75285 28.0739 39.47756 27.34919 40.31288 27.33404 40.33218 27.32085 40.35287 27.30976 40.37475 27.30087 40.39762 27.29425 40.42124 27.28999 40.4454 27.28812 40.46987 27.28865 40.49439 27.29158 40.51875 27.29689 40.54271 27.30452 40.56602 27.3144 40.58848 27.32643 40.60986 27.3405 40.62996 27.35647 40.64858 27.37419 40.66555 27.39349 40.6807 27.41418 40.69388 27.43606 40.70498 27.45893 40.71387 27.48255 40.72048 27.50671 40.72475 27.53118 40.72662 27.5557 40.72609 27.58006 40.72315 27.60402 40.71785 27.62733 40.71022 27.64979 40.70034 27.67117 40.68831 27.69127 40.67424 27.70989 40.65827 27.72686 40.64055 28.45157 39.80522 29.2869 40.52994 29.30619 40.54509 29.32688 40.55827 29.34877 40.56936 29.37163 40.57826 29.39526 40.58487 29.41942 40.58913 29.44388 40.59101 29.46841 40.59047 29.49277 40.58754 29.51672 40.58223 29.54004 40.5746 29.56249 40.56473 29.58387 40.55269 29.60397 40.53862 29.6226 40.52265 29.63956 40.50493 29.65471 40.48563 29.6679 40.46494 29.67899 40.44306 29.68789 40.4202 29.6945 40.39657 29.69876 40.37241 29.70063 40.34795 29.7001 40.32342 29.69717 40.29906 29.69186 40.27511 29.68423 40.25179 29.67435 40.22933 29.66232 40.20795 29.64825 40.18785 29.63228 40.16923 

84
13.99306 33.99513 17.01943 35.62948 17.04156 35.64006 17.06462 35.64843 17.0884 35.65449 17.11265 35.65819 17.13715 35.6595 17.16166 35.6584 17.18594 35.65491 17.20976 35.64905 17.2329 35.64088 17.25512 35.63049 17.27622 35.61797 17.29599 35.60344 17.31424 35.58704 17.33079 35.56893 17.34549 35.54929 17.35819 35.5283 17.36878 35.50617 17.37714 35.4831 17.38321 35.45933 17.38691 35.43508 17.38822 35.41058 17.38712 35.38607 17.38362 35.36178 17.37776 35.33796 17.3696 35.31483 17.3592 35.2926 17.34668 35.27151 17.33215 35.25174 17.31575 35.23349 17.29765 35.21693 17.278 35.20224 17.25701 35.18953 14.01068 33.43639 13.98854 33.42581 13.96548 33.41744 13.94171 33.41138 13.91745 33.40767 13.89296 33.40637 13.86845 33.40746 13.84416 33.41096 13.82034 33.41682 13.7972 33.42499 13.77498 33.43538 13.75388 33.4479 13.73412 33.46243 13.71587 33.47883 13.69931 33.49694 13.68461 33.51658 13.67191 33.53757 11.91877 36.78391 11.90818 36.80604 11.89982 36.8291 11.89376 36.85288 11.89005 36.87713 11.88874 36.90163 11.88984 36.92614 11.89334 36.95042 11.8992 36.97424 11.90736 36.99738 11.91776 37.0196 11.93028 37.0407 11.94481 37.06047 11.96121 37.07872 11.97932 37.09527 11.99896 37.10997 12.01995 37.12267 12.04208 37.13326 12.06515 37.14162 12.08892 37.14768 12.11317 37.15139 12.13767 37.1527 12.16218 37.1516 12.18646 37.1481 12.21029 37.14224 12.23342 37.13408 12.25564 37.12368 12.27674 37.11116 12.29651 37.09663 12.31476 37.08023 12.33131 37.06213 12.34601 37.04248 12.35871 37.02149 

66
48.41615 44.19105 48.42691 44.2131 48.43978 44.23398 48.45463 44.25351 48.47133 44.27148 48.48971 44.28774 48.5096 44.30211 48.53079 44.31446 48.5531 44.32468 48.5763 44.33266 48.60017 44.33833 48.62448 44.34163 48.649 44.34253 48.67348 44.34103 48.69771 44.33713 48.72143 44.33087 48.74443 44.32233 48.76647 44.31157 48.78736 44.29869 48.80688 44.28384 48.82486 44.26714 48.84111 44.24876 48.85548 44.22888 48.86784 44.20768 48.87805 44.18538 48.88603 44.16218 48.8917 44.13831 48.895 44.114 48.89591 44.08948 48.8944 44.06499 48.8905 44.04077 48.88425 44.01704 48.8757 43.99405 47.78546 41.45078 47.77469 41.42873 47.76182 41.40784 47.74697 41.38832 47.73027 41.37034 47.71189 41.35409 47.69201 41.33972 47.67081 41.32737 47.64851 41.31715 47.62531 41.30917 47.60144 41.3035 47.57712 41.3002 47.55261 41.2993 47.52812 41.3008 47.5039 41.3047 47.48017 41.31095 47.45718 41.3195 47.43513 41.33026 47.41424 41.34313 47.39472 41.35799 47.37674 41.37469 47.36049 41.39306 47.34612 41.41295 47.33377 41.43415 47.32355 41.45645 47.31557 41.47965 47.3099 41.50352 47.3066 41.52783 47.3057 41.55235 47.3072 41.57684 47.3111 41.60106 47.31735 41.62478 47.3259 41.64778 

66
23.87634 28.04942 23.85221 28.05383 23.82862 28.06059 23.80581 28.06962 23.784 28.08085 23.76339 28.09416 23.74418 28.10942 23.72656 28.1265 23.7107 28.14522 23.69676 28.1654 23.68485 28.18685 23.67511 28.20937 23.66762 28.23273 23.66246 28.25672 23.65968 28.28109 23.65929 28.30562 23.66131 28.33007 23.66572 28.35421 23.67248 28.37779 23.68151 28.4006 23.69274 28.42242 23.70605 28.44303 23.72131 28.46223 23.73839 28.47985 23.75711 28.49571 23.77729 28.50966 23.79874 28.52156 23.82126 28.5313 23.84462 28.53879 23.86861 28.54395 23.89298 28.54674 23.91751 28.54712 23.94196 28.5451 26.63027 28.1892 26.6544 28.18479 26.67799 28.17803 26.7008 28.169 26.72261 28.15777 26.74322 28.14446 26.76243 28.1292 26.78005 28.11212 26.79591 28.0934 26.80985 28.07322 26.82176 28.05177 26.8315 28.02925 26.83899 28.00589 26.84415 27.9819 26.84693 27.95753 26.84732 27.933 26.8453 27.90855 26.84089 27.88441 26.83413 27.86083 26.8251 27.83802 26.81387 27.8162 26.80056 27.79559 26.7853 27.77639 26.76822 27.75877 26.7495 27.74291 26.72932 27.72896 26.70787 27.71706 26.68535 27.70732 26.66199 27.69983 26.638 27.69467 26.61363 27.69188 26.5891 27.6915 26.56465 27.69352 

66
8.69633 26.90992 8.69102 26.93387 8.68808 26.95823 8.68754 26.98276 8.68941 27.00722 8.69367 27.03138 8.70028 27.05501 8.70917 27.07787 8.72026 27.09976 8.73344 27.12045 8.74858 27.13975 8.76555 27.15748 8.78416 27.17345 8.80426 27.18753 8.82564 27.19956 8.84809 27.20945 8.87141 27.21708 8.89536 27.22239 8.91972 27.22533 8.94425 27.22587 8.96871 27.224 8.99287 27.21974 9.0165 27.21313 9.03937 27.20424 9.06125 27.19316 9.08194 27.17998 9.10124 27.16483 9.11897 27.14787 9.13494 27.12925 9.14902 27.10915 9.16105 27.08777 9.17094 27.06532 9.17857 27.042 9.89493 24.42657 9.90024 24.40262 9.90318 24.37826 9.90372 24.35373 9.90185 24.32927 9.89759 24.30511 9.89099 24.28148 9.8821 24.25862 9.87101 24.23673 9.85783 24.21604 9.84268 24.19674 9.82572 24.17901 9.8071 24.16304 9.787 24.14896 9.76563 24.13693 9.74317 24.12704 9.71986 24.11941 9.6959 24.1141 9.67155 24.11116 9.64702 24.11062 9.62256 24.11249 9.59839 24.11675 9.57477 24.12335 9.5519 24.13224 9.53002 24.14333 9.50932 24.15651 9.49002 24.17166 9.4723 24.18862 9.45632 24.20724 9.44225 24.22734 9.43021 24.24872 9.42033 24.27117 9.41269 24.29449 

66
32.68188 30.99741 32.67793 30.97319 32.67163 30.94948 32.66303 30.9265 32.65222 30.90448 32.63931 30.88362 32.62441 30.86413 32.60768 30.84619 32.58926 30.82997 32.56935 30.81564 32.54813 30.80334 32.5258 30.79317 32.50258 30.78524 32.4787 30.77962 32.45438 30.77637 32.42986 30.77552 32.40538 30.77707 32.38116 30.78102 32.35745 30.78733 32.33448 30.79592 32.31245 30.80673 32.29159 30.81964 32.2721 30.83454 32.25416 30.85128 32.23795 30.86969 32.22362 30.88961 32.21131 30.91083 32.20114 30.93316 32.19321 30.95637 32.18759 30.98025 32.18434 31.00457 32.18349 31.02909 32.18505 31.05357 32.48968 33.74817 32.49362 33.77239 32.49993 33.7961 32.50852 33.81907 32.51933 33.8411 32.53225 33.86196 32.54714 33.88145 32.56388 33.89939 32.58229 33.9156 32.60221 33.92993 32.62343 33.94224 32.64576 33.95241 32.66897 33.96034 32.69286 33.96596 32.71717 33.96921 32.74169 33.97006 32.76618 33.96851 32.79039 33.96456 32.8141 33.95825 32.83708 33.94966 32.8591 33.93885 32.87996 33.92593 32.89946 33.91104 32.9174 33.8943 32.93361 33.87589 32.94794 33.85597 32.96025 33.83475 32.97042 33.81242 32.97835 33.78921 32.98397 33.76532 32.98722 33.74101 32.98807 33.71649 32.98651 33.692 

