28
16
21.12601 32.22692 21.14332 32.23617 21.85302 32.57183 21.87115 32.57935 22.61034 32.84383 22.62913 32.84953 23.39068 33.04029 23.40993 33.04412 24.18652 33.15931 24.24521 32.76364 23.47834 32.64989 22.73585 32.4639 22.01516 32.20604 21.32322 31.87877 20.65826 31.48021 20.45262 31.8233 

10
28.87399 17.77308 28.85668 17.76383 28.14698 17.42817 28.12885 17.42065 27.38966 17.15617 27.2549 17.53279 27.98484 17.79396 28.67678 18.12123 29.34174 18.51979 29.54738 18.1767 

16
17.42817 21.85302 17.42065 21.87115 17.15617 22.61034 17.15047 22.62913 16.95971 23.39068 16.95588 23.40993 16.84069 24.18652 16.83876 24.20605 16.80024 24.99019 17.19976 25.00981 17.2378 24.23549 17.35011 23.47834 17.5361 22.73585 17.79396 22.01516 18.12543 21.31434 17.76383 21.14332 

13
17.15047 27.37087 17.15617 27.38966 17.42065 28.12885 17.42817 28.14698 17.76383 28.85668 17.77308 28.87399 18.1767 29.54738 18.51979 29.34174 18.12123 28.67678 17.79396 27.98484 17.5361 27.26415 17.34772 26.51213 16.95971 26.60932 

4
19.79054 31.33227 20.05917 31.03589 19.47746 30.50866 19.20883 30.80504 

10
31.8233 20.45262 31.8124 20.4363 31.34473 19.80571 31.33227 19.79054 30.80504 19.20883 30.50866 19.47746 31.0293 20.05189 31.48526 20.66669 31.88382 21.33165 32.22692 21.12601 

13
27.37087 32.84953 27.38966 32.84383 28.12885 32.57935 28.14698 32.57183 28.85668 32.23617 28.87399 32.22692 29.54738 31.8233 29.34174 31.48021 28.67678 31.87877 27.98484 32.20604 27.26415 32.4639 26.51213 32.65228 26.60932 33.04029 

34
31.33227 30.20946 31.34473 30.19429 31.8124 29.5637 31.8233 29.54738 32.22692 28.87399 32.23617 28.85668 32.57183 28.14698 32.57935 28.12885 32.84383 27.38966 32.84953 27.37087 33.04029 26.60932 33.04412 26.59007 33.15931 25.81348 33.16124 25.79395 33.19976 25.00981 33.19976 24.99019 33.16124 24.20605 33.15931 24.18652 33.04412 23.40993 33.04029 23.39068 32.84953 22.62913 32.46152 22.72632 32.64989 23.47834 32.7622 24.23549 32.79976 25.0 32.7622 25.76451 32.64989 26.52166 32.4639 27.26415 32.20604 27.98484 31.87877 28.67678 31.48526 29.33331 31.0293 29.94811 30.50866 30.52254 30.80504 30.79117 

25
25.00981 16.80024 24.99019 16.80024 24.20605 16.83876 24.18652 16.84069 23.40993 16.95588 23.39068 16.95971 22.62913 17.15047 22.61034 17.15617 21.87115 17.42065 21.85302 17.42817 21.14332 17.76383 21.12601 17.77308 20.45262 18.1767 20.4363 18.1876 19.80571 18.65527 20.04399 18.97656 20.66669 18.51474 21.32322 18.12123 22.01516 17.79396 22.73585 17.5361 23.47834 17.35011 24.23549 17.2378 25.0 17.20024 25.77432 17.23828 25.79395 16.83876 

89
7.7 32.0 7.7 39.7 3.0 39.7 3.0 40.3 7.7 40.3 7.7 46.0 7.70144 46.02941 7.70576 46.05853 7.71292 46.08709 7.72284 46.11481 7.73542 46.14142 7.75056 46.16667 7.7681 46.19032 7.78787 46.21213 7.80968 46.2319 7.83333 46.24944 7.85858 46.26458 7.88519 46.27716 7.91291 46.28708 7.94147 46.29424 7.97059 46.29856 8.0 46.3 8.02941 46.29856 8.05853 46.29424 8.08709 46.28708 8.11481 46.27716 8.14142 46.26458 8.16667 46.24944 8.19032 46.2319 8.21213 46.21213 8.2319 46.19032 8.24944 46.16667 8.26458 46.14142 8.27716 46.11481 8.28708 46.08709 8.29424 46.05853 8.29856 46.02941 8.3 46.0 8.3 40.0 8.3 32.3 15.0 32.3 15.02941 32.29856 15.05853 32.29424 15.08709 32.28708 15.11481 32.27716 15.14142 32.26458 15.16667 32.24944 15.19032 32.2319 15.21213 32.21213 15.2319 32.19032 15.24944 32.16667 15.26458 32.14142 15.27716 32.11481 15.28708 32.08709 15.29424 32.05853 15.29856 32.02941 15.3 32.0 15.29856 31.97059 15.29424 31.94147 15.28708 31.91291 15.27716 31.88519 15.26458 31.85858 15.24944 31.83333 15.2319 31.80968 15.21213 31.78787 15.19032 31.7681 15.16667 31.75056 15.14142 31.73542 15.11481 31.72284 15.08709 31.71292 15.05853 31.70576 15.02941 31.70144 15.0 31.7 8.0 31.7 7.97059 31.70144 7.94147 31.70576 7.91291 31.71292 7.88519 31.72284 7.85858 31.73542 7.83333 31.75056 7.80968 31.7681 7.78787 31.78787 7.7681 31.80968 7.75056 31.83333 7.73542 31.85858 7.72284 31.88519 7.71292 31.91291 7.70576 31.94147 7.70144 31.97059 

89
34.7 32.0 34.70144 32.02941 34.70576 32.05853 34.71292 32.08709 34.72284 32.11481 34.73542 32.14142 34.75056 32.16667 34.7681 32.19032 34.78787 32.21213 34.80968 32.2319 34.83333 32.24944 34.85858 32.26458 34.88519 32.27716 34.91291 32.28708 34.94147 32.29424 34.97059 32.29856 35.0 32.3 41.7 32.3 41.7 40.0 41.7 46.0 41.70144 46.02941 41.70576 46.05853 41.71292 46.08709 41.72284 46.11481 41.73542 46.14142 41.75056 46.16667 41.7681 46.19032 41.78787 46.21213 41.80968 46.2319 41.83333 46.24944 41.85858 46.26458 41.88519 46.27716 41.91291 46.28708 41.94147 46.29424 41.97059 46.29856 42.0 46.3 42.02941 46.29856 42.05853 46.29424 42.08709 46.28708 42.11481 46.27716 42.14142 46.26458 42.16667 46.24944 42.19032 46.2319 42.21213 46.21213 42.2319 46.19032 42.24944 46.16667 42.26458 46.14142 42.27716 46.11481 42.28708 46.08709 42.29424 46.05853 42.29856 46.02941 42.3 46.0 42.3 40.3 47.0 40.3 47.0 39.7 42.3 39.7 42.3 32.0 42.29856 31.97059 42.29424 31.94147 42.28708 31.91291 42.27716 31.88519 42.26458 31.85858 42.24944 31.83333 42.2319 31.80968 42.21213 31.78787 42.19032 31.7681 42.16667 31.75056 42.14142 31.73542 42.11481 31.72284 42.08709 31.71292 42.05853 31.70576 42.02941 31.70144 42.0 31.7 35.0 31.7 34.97059 31.70144 34.94147 31.70576 34.91291 31.71292 34.88519 31.72284 34.85858 31.73542 34.83333 31.75056 34.80968 31.7681 34.78787 31.78787 34.7681 31.80968 34.75056 31.83333 34.73542 31.85858 34.72284 31.88519 34.71292 31.91291 34.70576 31.94147 34.70144 31.97059 

89
7.7 4.0 7.7 9.7 3.0 9.7 3.0 10.3 7.7 10.3 7.7 18.0 7.70144 18.02941 7.70576 18.05853 7.71292 18.08709 7.72284 18.11481 7.73542 18.14142 7.75056 18.16667 7.7681 18.19032 7.78787 18.21213 7.80968 18.2319 7.83333 18.24944 7.85858 18.26458 7.88519 18.27716 7.91291 18.28708 7.94147 18.29424 7.97059 18.29856 8.0 18.3 15.0 18.3 15.02941 18.29856 15.05853 18.29424 15.08709 18.28708 15.11481 18.27716 15.14142 18.26458 15.16667 18.24944 15.19032 18.2319 15.21213 18.21213 15.2319 18.19032 15.24944 18.16667 15.26458 18.14142 15.27716 18.11481 15.28708 18.08709 15.29424 18.05853 15.29856 18.02941 15.3 18.0 15.29856 17.97059 15.29424 17.94147 15.28708 17.91291 15.27716 17.88519 15.26458 17.85858 15.24944 17.83333 15.2319 17.80968 15.21213 17.78787 15.19032 17.7681 15.16667 17.75056 15.14142 17.73542 15.11481 17.72284 15.08709 17.71292 15.05853 17.70576 15.02941 17.70144 15.0 17.7 8.3 17.7 8.3 10.0 8.3 4.0 8.29856 3.97059 8.29424 3.94147 8.28708 3.91291 8.27716 3.88519 8.26458 3.85858 8.24944 3.83333 8.2319 3.80968 8.21213 3.78787 8.19032 3.7681 8.16667 3.75056 8.14142 3.73542 8.11481 3.72284 8.08709 3.71292 8.05853 3.70576 8.02941 3.70144 8.0 3.7 7.97059 3.70144 7.94147 3.70576 7.91291 3.71292 7.88519 3.72284 7.85858 3.73542 7.83333 3.75056 7.80968 3.7681 7.78787 3.78787 7.7681 3.80968 7.75056 3.83333 7.73542 3.85858 7.72284 3.88519 7.71292 3.91291 7.70576 3.94147 7.70144 3.97059 

89
34.7 18.0 34.70144 18.02941 34.70576 18.05853 34.71292 18.08709 34.72284 18.11481 34.73542 18.14142 34.75056 18.16667 34.7681 18.19032 34.78787 18.21213 34.80968 18.2319 34.83333 18.24944 34.85858 18.26458 34.88519 18.27716 34.91291 18.28708 34.94147 18.29424 34.97059 18.29856 35.0 18.3 42.0 18.3 42.02941 18.29856 42.05853 18.29424 42.08709 18.28708 42.11481 18.27716 42.14142 18.26458 42.16667 18.24944 42.19032 18.2319 42.21213 18.21213 42.2319 18.19032 42.24944 18.16667 42.26458 18.14142 42.27716 18.11481 42.28708 18.08709 42.29424 18.05853 42.29856 18.02941 42.3 18.0 42.3 10.3 47.0 10.3 47.0 9.7 42.3 9.7 42.3 4.0 42.29856 3.97059 42.29424 3.94147 42.28708 3.91291 42.27716 3.88519 42.26458 3.85858 42.24944 3.83333 42.2319 3.80968 42.21213 3.78787 42.19032 3.7681 42.16667 3.75056 42.14142 3.73542 42.11481 3.72284 42.08709 3.71292 42.05853 3.70576 42.02941 3.70144 42.0 3.7 41.97059 3.70144 41.94147 3.70576 41.91291 3.71292 41.88519 3.72284 41.85858 3.73542 41.83333 3.75056 41.80968 3.7681 41.78787 3.78787 41.7681 3.80968 41.75056 3.83333 41.73542 3.85858 41.72284 3.88519 41.71292 3.91291 41.70576 3.94147 41.70144 3.97059 41.7 4.0 41.7 10.0 41.7 17.7 35.0 17.7 34.97059 17.70144 34.94147 17.70576 34.91291 17.71292 34.88519 17.72284 34.85858 17.73542 34.83333 17.75056 34.80968 17.7681 34.78787 17.78787 34.7681 17.80968 34.75056 17.83333 34.73542 17.85858 34.72284 17.88519 34.71292 17.91291 34.70576 17.94147 34.70144 17.97059 

22
20.3 42.0 20.29856 41.97059 20.29424 41.94147 20.28708 41.91291 20.27716 41.88519 20.26458 41.85858 20.24944 41.83333 20.2319 41.80968 20.21213 41.78787 20.19032 41.7681 20.16667 41.75056 20.14142 41.73542 20.11481 41.72284 20.08709 41.71292 20.05853 41.70576 20.02941 41.70144 20.0 41.7 13.0 41.7 13.0 42.3 19.7 42.3 19.7 50 20.3 50 

22
30.3 42.3 37.0 42.3 37.0 41.7 30.0 41.7 29.97059 41.70144 29.94147 41.70576 29.91291 41.71292 29.88519 41.72284 29.85858 41.73542 29.83333 41.75056 29.80968 41.7681 29.78787 41.78787 29.7681 41.80968 29.75056 41.83333 29.73542 41.85858 29.72284 41.88519 29.71292 41.91291 29.70576 41.94147 29.70144 41.97059 29.7 42.0 29.7 50 30.3 50 

22
19.7 7.7 13.0 7.7 13.0 8.3 20.0 8.3 20.02941 8.29856 20.05853 8.29424 20.08709 8.28708 20.11481 8.27716 20.14142 8.26458 20.16667 8.24944 20.19032 8.2319 20.21213 8.21213 20.2319 8.19032 20.24944 8.16667 20.26458 8.14142 20.27716 8.11481 20.28708 8.08709 20.29424 8.05853 20.29856 8.02941 20.3 8.0 20.3 0 19.7 0 

22
29.7 8.0 29.70144 8.02941 29.70576 8.05853 29.71292 8.08709 29.72284 8.11481 29.73542 8.14142 29.75056 8.16667 29.7681 8.19032 29.78787 8.21213 29.80968 8.2319 29.83333 8.24944 29.85858 8.26458 29.88519 8.27716 29.91291 8.28708 29.94147 8.29424 29.97059 8.29856 30.0 8.3 37.0 8.3 37.0 7.7 30.3 7.7 30.3 0 29.7 0 

74
3.7 21.0 3.7 24.7 0 24.7 0 25.3 3.7 25.3 3.7 29.0 3.70144 29.02941 3.70576 29.05853 3.71292 29.08709 3.72284 29.11481 3.73542 29.14142 3.75056 29.16667 3.7681 29.19032 3.78787 29.21213 3.80968 29.2319 3.83333 29.24944 3.85858 29.26458 3.88519 29.27716 3.91291 29.28708 3.94147 29.29424 3.97059 29.29856 4.0 29.3 4.02941 29.29856 4.05853 29.29424 4.08709 29.28708 4.11481 29.27716 4.14142 29.26458 4.16667 29.24944 4.19032 29.2319 4.21213 29.21213 4.2319 29.19032 4.24944 29.16667 4.26458 29.14142 4.27716 29.11481 4.28708 29.08709 4.29424 29.05853 4.29856 29.02941 4.3 29.0 4.3 25.3 8.0 25.3 8.0 24.7 4.3 24.7 4.3 21.0 4.29856 20.97059 4.29424 20.94147 4.28708 20.91291 4.27716 20.88519 4.26458 20.85858 4.24944 20.83333 4.2319 20.80968 4.21213 20.78787 4.19032 20.7681 4.16667 20.75056 4.14142 20.73542 4.11481 20.72284 4.08709 20.71292 4.05853 20.70576 4.02941 20.70144 4.0 20.7 3.97059 20.70144 3.94147 20.70576 3.91291 20.71292 3.88519 20.72284 3.85858 20.73542 3.83333 20.75056 3.80968 20.7681 3.78787 20.78787 3.7681 20.80968 3.75056 20.83333 3.73542 20.85858 3.72284 20.88519 3.71292 20.91291 3.70576 20.94147 3.70144 20.97059 

74
45.7 21.0 45.7 24.7 42.0 24.7 42.0 25.3 45.7 25.3 45.7 29.0 45.70144 29.02941 45.70576 29.05853 45.71292 29.08709 45.72284 29.11481 45.73542 29.14142 45.75056 29.16667 45.7681 29.19032 45.78787 29.21213 45.80968 29.2319 45.83333 29.24944 45.85858 29.26458 45.88519 29.27716 45.91291 29.28708 45.94147 29.29424 45.97059 29.29856 46.0 29.3 46.02941 29.29856 46.05853 29.29424 46.08709 29.28708 46.11481 29.27716 46.14142 29.26458 46.16667 29.24944 46.19032 29.2319 46.21213 29.21213 46.2319 29.19032 46.24944 29.16667 46.26458 29.14142 46.27716 29.11481 46.28708 29.08709 46.29424 29.05853 46.29856 29.02941 46.3 29.0 46.3 25.3 50 25.3 50 24.7 46.3 24.7 46.3 21.0 46.29856 20.97059 46.29424 20.94147 46.28708 20.91291 46.27716 20.88519 46.26458 20.85858 46.24944 20.83333 46.2319 20.80968 46.21213 20.78787 46.19032 20.7681 46.16667 20.75056 46.14142 20.73542 46.11481 20.72284 46.08709 20.71292 46.05853 20.70576 46.02941 20.70144 46.0 20.7 45.97059 20.70144 45.94147 20.70576 45.91291 20.71292 45.88519 20.72284 45.85858 20.73542 45.83333 20.75056 45.80968 20.7681 45.78787 20.78787 45.7681 20.80968 45.75056 20.83333 45.73542 20.85858 45.72284 20.88519 45.71292 20.91291 45.70576 20.94147 45.70144 20.97059 

4
29.63762 33.62123 27.61915 36.62105 30.61896 38.63952 32.63744 35.63971 

3
22.18952 38.19544 21.81341 34.05469 18.42548 35.05825 

3
18.37452 24.58 22.18119 25.78598 22.55173 22.41276 

16
29.39908 22.29853 28.52005 22.58858 27.81893 23.19295 27.40246 24.01962 27.33404 24.94274 27.6241 25.82177 28.22846 26.52289 29.05513 26.93936 29.97825 27.00778 30.85729 26.71772 31.55841 26.11336 31.97488 25.28669 32.04329 24.36357 31.75324 23.48453 31.14887 22.78341 30.3222 22.36694 

102
25.76116 30.50269 24.69147 27.23378 24.68271 27.21087 24.67174 27.18892 24.65867 27.16816 24.64363 27.14878 24.62677 27.13096 24.60823 27.11488 24.58821 27.1007 24.5669 27.08855 24.5445 27.07854 24.52123 27.07078 24.49731 27.06534 24.47296 27.06226 24.44844 27.06159 24.42397 27.06333 24.39978 27.06746 24.37612 27.07393 20.86961 28.22137 20.8467 28.23014 20.82475 28.24111 20.80399 28.25418 20.78461 28.26922 20.76679 28.28608 20.75071 28.30461 20.73653 28.32463 20.72438 28.34595 20.71437 28.36835 20.70661 28.39162 20.70117 28.41554 20.6981 28.43988 20.69742 28.46441 20.69916 28.48888 20.70329 28.51306 20.70976 28.53673 20.71853 28.55964 20.7295 28.58159 20.74256 28.60235 20.7576 28.62174 20.77447 28.63955 20.793 28.65563 20.81302 28.66981 20.83433 28.68197 20.85673 28.69197 20.88001 28.69973 20.90393 28.70518 20.92827 28.70825 20.9528 28.70892 20.97727 28.70718 21.00145 28.70306 21.02512 28.69658 24.29402 27.62689 25.36371 30.89579 25.37248 30.91871 25.38345 30.94065 25.39651 30.96142 25.41155 30.9808 25.42842 30.99862 25.44695 31.01469 25.46697 31.02888 25.48828 31.04103 25.51068 31.05103 25.53396 31.0588 25.55788 31.06424 25.58222 31.06731 25.60674 31.06798 25.63122 31.06625 25.6554 31.06212 25.67906 31.05564 29.18557 29.9082 29.20849 29.89943 29.23043 29.88847 29.25119 29.8754 29.27058 29.86036 29.28839 29.84349 29.30447 29.82496 29.31866 29.80494 29.33081 29.78363 29.34081 29.76123 29.34857 29.73795 29.35402 29.71403 29.35709 29.68969 29.35776 29.66517 29.35602 29.64069 29.3519 29.61651 29.34542 29.59285 29.33666 29.56993 29.32569 29.54799 29.31262 29.52722 29.29758 29.50784 29.28071 29.49002 29.26218 29.47394 29.24216 29.45976 29.22085 29.44761 29.19845 29.4376 29.17518 29.42984 29.15125 29.4244 29.12691 29.42133 29.10239 29.42066 29.07792 29.42239 29.05373 29.42652 29.03007 29.43299 

136
21.2675 16.01977 20.27934 15.40881 20.89031 14.42064 20.90217 14.39917 20.91187 14.37663 20.91931 14.35325 20.92443 14.32926 20.92717 14.30488 20.92751 14.28035 20.92544 14.2559 20.92099 14.23178 20.91419 14.2082 20.90512 14.18541 20.89385 14.16361 20.8805 14.14303 20.8652 14.12385 20.8481 14.10627 20.82935 14.09044 20.80914 14.07653 20.78766 14.06467 20.76513 14.05497 20.74175 14.04752 20.71776 14.04241 20.69338 14.03966 20.66885 14.03933 20.6444 14.04139 20.62027 14.04585 20.5967 14.05264 20.57391 14.06172 20.55211 14.07299 20.53153 14.08633 20.51235 14.10163 20.49476 14.11874 20.47894 14.13749 20.46503 14.1577 19.85406 15.14586 18.86589 14.53489 18.84442 14.52303 18.82188 14.51333 18.79851 14.50589 18.77451 14.50077 18.75013 14.49803 18.7256 14.49769 18.70116 14.49976 18.67703 14.50421 18.65346 14.51101 18.63066 14.52008 18.60887 14.53135 18.58828 14.5447 18.5691 14.56 18.55152 14.5771 18.53569 14.59585 18.52178 14.61606 18.50992 14.63754 18.50022 14.66007 18.49278 14.68345 18.48766 14.70744 18.48492 14.73182 18.48458 14.75635 18.48665 14.7808 18.4911 14.80493 18.4979 14.8285 18.50697 14.85129 18.51824 14.87309 18.53159 14.89367 18.54689 14.91285 18.56399 14.93044 18.58274 14.94626 18.60295 14.96017 19.59112 15.57114 18.98015 16.5593 18.96828 16.58078 18.95858 16.60331 18.95114 16.62669 18.94602 16.65069 18.94328 16.67507 18.94294 16.6996 18.94501 16.72404 18.94946 16.74817 18.95626 16.77174 18.96534 16.79454 18.9766 16.81633 18.98995 16.83692 19.00525 16.85609 19.02236 16.87368 19.0411 16.8895 19.06131 16.90341 19.08279 16.91528 19.10532 16.92498 19.1287 16.93242 19.15269 16.93754 19.17708 16.94028 19.20161 16.94062 19.22605 16.93855 19.25018 16.9341 19.27375 16.9273 19.29655 16.91823 19.31834 16.90696 19.33893 16.89361 19.3581 16.87831 19.37569 16.86121 19.39151 16.84246 19.40542 16.82225 20.01639 15.83408 21.00456 16.44505 21.02603 16.45691 21.04857 16.46662 21.07194 16.47406 21.09594 16.47918 21.12032 16.48192 21.14485 16.48226 21.1693 16.48019 21.19342 16.47574 21.217 16.46894 21.23979 16.45986 21.26158 16.4486 21.28217 16.43525 21.30135 16.41995 21.31893 16.40284 21.33476 16.38409 21.34867 16.36389 21.36053 16.34241 21.37023 16.31988 21.37768 16.2965 21.38279 16.2725 21.38553 16.24812 21.38587 16.22359 21.38381 16.19915 21.37935 16.17502 21.37255 16.15145 21.36348 16.12865 21.35221 16.10686 21.33887 16.08627 21.32357 16.0671 21.30646 16.04951 21.28771 16.03369 

136
3.03795 16.76465 4.10901 17.13583 3.73783 18.20689 3.73095 18.23043 3.7264 18.25454 3.72424 18.27898 3.72449 18.30352 3.72714 18.32791 3.73216 18.35192 3.73952 18.37532 3.74914 18.39789 3.76092 18.41941 3.77475 18.43968 3.7905 18.45848 3.80802 18.47566 3.82714 18.49103 3.84768 18.50446 3.86943 18.5158 3.89219 18.52497 3.91574 18.53185 3.93985 18.5364 3.96428 18.53856 3.98882 18.53831 4.01321 18.53566 4.03722 18.53064 4.06063 18.52328 4.0832 18.51366 4.10472 18.50188 4.12498 18.48805 4.14379 18.4723 4.16096 18.45478 4.17633 18.43566 4.18976 18.41512 4.20111 18.39337 4.21027 18.37061 4.58145 17.29955 5.65251 17.67073 5.67605 17.67761 5.70016 17.68216 5.7246 17.68432 5.74913 17.68407 5.77352 17.68143 5.79754 17.6764 5.82094 17.66904 5.84351 17.65943 5.86503 17.64765 5.88529 17.63381 5.9041 17.61806 5.92128 17.60054 5.93665 17.58142 5.95007 17.56088 5.96142 17.53913 5.97058 17.51637 5.97747 17.49282 5.98202 17.46872 5.98418 17.44428 5.98393 17.41974 5.98128 17.39535 5.97625 17.37134 5.9689 17.34794 5.95928 17.32536 5.9475 17.30384 5.93367 17.28358 5.91791 17.26477 5.90039 17.2476 5.88127 17.23223 5.86074 17.2188 5.83899 17.20745 5.81623 17.19829 4.74517 16.82712 5.11635 15.75606 5.12323 15.73251 5.12778 15.7084 5.12994 15.68396 5.12969 15.65943 5.12704 15.63504 5.12202 15.61103 5.11466 15.58762 5.10504 15.56505 5.09326 15.54353 5.07943 15.52327 5.06368 15.50446 5.04616 15.48729 5.02704 15.47191 5.0065 15.45849 4.98475 15.44714 4.96199 15.43798 4.93844 15.43109 4.91433 15.42655 4.88989 15.42439 4.86536 15.42463 4.84097 15.42728 4.81696 15.43231 4.79355 15.43966 4.77098 15.44928 4.74946 15.46106 4.7292 15.47489 4.71039 15.49065 4.69322 15.50817 4.67785 15.52729 4.66442 15.54782 4.65307 15.56957 4.64391 15.59233 4.27273 16.66339 3.20167 16.29222 3.17813 16.28533 3.15402 16.28078 3.12958 16.27862 3.10505 16.27887 3.08066 16.28152 3.05664 16.28655 3.03324 16.2939 3.01067 16.30352 2.98915 16.3153 2.96889 16.32913 2.95008 16.34489 2.9329 16.36241 2.91753 16.38153 2.9041 16.40206 2.89276 16.42381 2.8836 16.44657 2.87671 16.47012 2.87216 16.49423 2.87 16.51867 2.87025 16.5432 2.8729 16.56759 2.87793 16.5916 2.88528 16.61501 2.8949 16.63758 2.90668 16.6591 2.92051 16.67936 2.93627 16.69817 2.95379 16.71534 2.97291 16.73072 2.99344 16.74414 3.01519 16.75549 

66
25.06763 21.84293 25.09047 21.85189 25.11408 21.85856 25.13823 21.86289 25.16269 21.86483 25.18721 21.86436 25.21158 21.86149 25.23555 21.85624 25.25888 21.84868 25.28137 21.83886 25.30278 21.82688 25.32292 21.81286 25.34158 21.79694 25.35859 21.77927 25.37379 21.76001 25.38703 21.73935 25.39818 21.7175 25.40714 21.69466 25.41381 21.67105 25.41814 21.6469 25.42007 21.62244 25.41961 21.59791 25.41674 21.57355 25.41149 21.54958 25.40392 21.52624 25.3941 21.50376 25.38213 21.48235 25.36811 21.46221 25.35219 21.44355 25.33451 21.42653 25.31525 21.41133 25.2946 21.39809 25.27275 21.38694 22.7492 20.25179 22.72636 20.24283 22.70275 20.23616 22.6786 20.23183 22.65414 20.2299 22.62961 20.23036 22.60525 20.23323 22.58128 20.23848 22.55794 20.24605 22.53546 20.25587 22.51405 20.26784 22.49391 20.28186 22.47525 20.29778 22.45823 20.31546 22.44303 20.33472 22.4298 20.35537 22.41865 20.37723 22.40969 20.40007 22.40302 20.42368 22.39869 20.44782 22.39675 20.47228 22.39722 20.49681 22.40009 20.52118 22.40534 20.54514 22.4129 20.56848 22.42272 20.59096 22.4347 20.61238 22.44872 20.63251 22.46464 20.65118 22.48231 20.66819 22.50157 20.68339 22.52223 20.69663 22.54408 20.70778 

66
44.6401 34.64048 44.63739 34.66486 44.63709 34.68939 44.63919 34.71384 44.64368 34.73796 44.65051 34.76152 44.65961 34.7843 44.67091 34.80608 44.68429 34.82665 44.69962 34.8458 44.71675 34.86336 44.73552 34.87916 44.75575 34.89304 44.77724 34.90487 44.79979 34.91454 44.82318 34.92195 44.84718 34.92704 44.87156 34.92974 44.89609 34.93005 44.92054 34.92795 44.94466 34.92346 44.96822 34.91663 44.991 34.90752 45.01278 34.89622 45.03335 34.88285 45.0525 34.86752 45.07006 34.85038 45.08586 34.83161 45.09974 34.81138 45.11157 34.78989 45.12124 34.76734 45.12865 34.74396 45.13374 34.71996 45.55616 32.09622 45.55887 32.07183 45.55917 32.0473 45.55707 32.02286 45.55258 31.99874 45.54575 31.97517 45.53665 31.95239 45.52535 31.93061 45.51197 31.91005 45.49664 31.89089 45.47951 31.87333 45.46074 31.85753 45.44051 31.84365 45.41902 31.83182 45.39647 31.82215 45.37308 31.81474 45.34908 31.80966 45.3247 31.80695 45.30017 31.80665 45.27572 31.80875 45.2516 31.81324 45.22804 31.82007 45.20526 31.82918 45.18348 31.84047 45.16291 31.85385 45.14376 31.86918 45.1262 31.88631 45.1104 31.90508 45.09652 31.92531 45.08469 31.9468 45.07502 31.96935 45.06761 31.99274 45.06252 32.01674 

