5.0 15.0
6.0 14.6
6.7 13.7
7.2 12.6
8.3 12.5
8.9 13.5
9.4 14.7
9.6 15.9
9.8 17.0
10.9 17.1
11.9 16.7
13.1 16.7
14.3 16.9
15.3 17.3
16.5 16.9
17.2 16.0
17.9 15.1
18.9 14.4
20.0 13.8
21.2 13.4
22.5 13.1
23.5 12.4
24.3 11.6
25.5 11.9
26.4 12.6
27.2 11.8
27.0 10.7
27.8 10.1
28.9 10.4
29.9 11.1
31.0 11.7
32.0 11.5
33.1 10.9
33.9 10.0
34.6 8.9
35.1 7.7
35.4 6.6
35.3 5.3
35.0 4.0
34.6 2.8
35.7 2.5
36.8 3.0
38.0 3.4
39.3 3.7
40.6 3.9
41.9 3.9
43.2 4.0
43.2 5.1
43.3 6.2
43.8 7.3
44.3 8.4
44.5 9.6
44.5 10.9
44.4 12.2
44.3 13.4
44.7 14.6
45.3 15.7
45.8 16.7
45.9 17.9
45.8 19.1
45.9 20.4
46.2 21.6
46.7 22.8
47.1 23.9
46.5 24.9
45.8 25.8
45.6 27.0
45.7 28.2
46.0 29.5
46.2 30.8
46.3 32.0
46.0 33.0
45.2 33.9
44.3 34.8
43.6 35.8
43.0 37.0
42.7 38.2
42.3 39.2
41.5 39.9
40.4 40.4
39.4 40.7
38.7 41.8
38.1 42.8
37.1 43.6
36.2 44.4
35.1 45.1
34.0 45.6
32.8 45.9
31.5 46.2
30.3 46.7
29.1 47.3
27.8 47.9
26.4 48.2
25.4 48.3
24.3 48.1
22.9 47.9
21.8 47.8
20.8 47.3
19.8 46.4
18.9 45.8
17.7 45.4
16.4 45.3
