38.0 28.0
37.2 28.7
36.1 28.8
35.0 28.5
34.0 27.9
33.5 27.0
32.9 26.1
31.9 25.5
31.0 24.5
30.7 23.3
30.8 22.1
30.3 20.9
29.4 20.1
28.3 19.6
27.1 19.3
26.0 19.2
25.0 18.4
24.5 17.2
24.3 15.9
23.3 15.3
22.1 15.7
20.8 16.0
19.9 16.5
19.0 17.4
18.0 18.0
17.0 18.6
16.3 19.6
15.9 20.6
14.8 20.9
13.8 20.6
12.8 20.2
11.9 20.8
11.3 21.9
11.0 23.1
10.5 24.3
9.9 25.4
9.3 26.6
8.8 27.8
8.3 28.8
7.1 29.6
5.9 30.0
4.6 30.4
3.7 31.0
3.1 32.2
2.7 33.4
2.2 34.6
2.1 35.8
2.3 37.1
2.3 38.2
1.9 39.4
1.5 40.6
1.3 41.8
1.2 43.1
1.2 44.4
1.3 45.4
2.3 46.1
