35.0 5.0
35.4 6.3
35.4 7.4
35.4 8.6
35.8 9.8
36.3 11.0
36.9 12.1
37.2 13.2
37.2 14.4
36.9 15.7
36.4 16.9
35.9 18.0
35.6 19.3
35.4 20.6
35.4 21.9
35.4 23.2
34.5 24.1
33.9 25.0
33.9 26.1
33.7 27.3
33.1 28.4
32.3 29.4
31.4 30.3
30.5 31.1
30.0 32.2
29.8 33.4
29.7 34.6
29.1 35.7
28.1 36.3
27.0 36.8
26.7 37.8
27.1 38.9
28.0 39.7
28.4 40.7
28.2 41.7
27.8 42.7
29.0 43.3
30.1 43.2
31.2 42.7
32.2 42.4
33.4 42.9
34.2 43.7
35.4 44.0
36.5 43.3
37.1 42.3
38.1 41.6
39.2 41.1
40.4 40.5
41.5 39.9
42.4 39.3
42.9 38.3
43.0 37.1
43.2 35.9
43.9 34.9
