5.0 45.0
4.8 43.9
4.1 43.1
3.3 42.4
3.8 41.5
4.7 40.9
5.9 40.7
6.9 40.5
7.4 39.4
7.3 38.1
6.9 36.9
6.4 35.6
5.9 34.5
5.7 33.3
5.7 32.1
6.1 31.0
6.8 29.9
7.7 29.0
8.6 28.1
8.8 27.0
8.5 25.8
7.8 24.8
7.3 23.9
7.2 22.8
7.4 21.5
7.6 20.2
7.8 18.9
7.6 17.7
7.0 16.6
6.4 15.3
5.9 14.1
5.5 12.9
5.8 11.9
6.7 11.2
7.8 10.7
9.1 10.3
10.3 9.9
11.4 9.2
12.4 8.4
13.2 7.5
14.0 6.4
14.7 5.4
15.5 4.4
16.3 3.4
17.2 2.5
18.3 2.6
19.4 2.5
20.4 1.9
21.5 1.7
22.8 2.0
24.0 2.2
25.3 2.4
26.6 2.6
27.9 2.7
29.1 2.9
30.1 3.4
31.0 4.2
32.1 4.6
33.3 4.4
