5.0 45.0
6.1 44.8
7.1 44.4
8.2 44.4
9.1 45.0
9.8 46.1
11.1 46.3
12.1 45.8
13.1 45.0
14.1 44.4
15.3 43.8
16.3 43.0
17.4 42.3
17.9 41.3
17.7 40.2
17.1 39.2
16.3 38.3
15.3 37.5
14.3 36.8
13.4 35.9
12.6 34.9
11.9 34.0
11.8 32.8
12.0 31.6
12.3 30.4
12.4 29.1
12.5 27.8
12.5 26.5
12.5 25.2
12.4 23.9
12.3 22.6
12.2 21.3
12.0 20.0
11.4 19.1
10.3 18.6
9.7 17.6
9.8 16.4
10.2 15.3
10.8 14.1
11.5 13.1
12.3 12.3
13.4 11.9
14.3 11.4
15.0 10.4
15.9 9.5
17.0 8.9
18.2 8.4
19.5 8.2
20.7 8.0
22.0 7.8
23.2 7.9
24.4 8.2
25.7 8.4
26.9 8.0
27.6 7.1
28.1 5.9
28.2 4.7
29.3 4.1
30.5 4.1
31.8 4.4
32.8 4.8
33.9 4.8
