5.0 45.0
5.1 44.0
5.4 43.0
5.9 41.8
6.6 40.9
5.7 39.9
5.2 38.8
4.9 37.5
4.8 36.3
5.1 35.1
5.5 33.9
6.2 33.0
7.3 32.2
8.4 31.7
9.0 30.9
9.2 29.7
9.1 28.4
9.2 27.2
10.4 26.8
11.4 27.1
12.2 28.2
12.4 29.4
12.4 30.5
13.1 31.5
14.2 32.1
15.4 32.5
16.6 32.0
17.5 31.2
18.0 30.3
18.1 29.2
17.8 27.9
17.4 26.8
17.4 25.7
17.6 24.4
18.0 23.2
18.4 21.9
19.0 20.9
19.9 20.1
21.0 19.5
22.1 18.9
23.2 18.6
24.5 18.5
25.7 18.6
26.9 18.9
28.1 19.5
29.2 19.8
30.1 19.1
31.1 19.2
31.7 20.1
32.0 21.3
32.0 22.5
32.7 23.4
33.8 23.6
35.1 23.7
36.4 23.8
37.8 23.8
39.0 23.9
40.0 23.5
40.9 22.7
41.6 21.6
42.0 20.5
42.1 19.2
41.9 18.1
41.3 17.1
40.5 16.1
39.6 15.2
38.6 14.4
37.8 13.5
37.3 12.5
37.0 11.2
36.7 9.9
36.2 8.7
35.8 7.5
35.3 6.2
